2000 1999
2 1 976
2 976 1889
2 1889 1227
2 1227 1077
2 1077 242
2 242 936
2 970 860
2 860 900
2 900 1080
2 1080 1629
2 92 424
2 424 1469
2 1809 1593
2 1593 1745
2 1483 1166
2 1166 258
2 1714 910
2 910 1756
2 1756 1829
2 1829 661
2 661 1047
2 1047 1070
2 1268 950
2 950 1481
2 1481 1638
2 1638 1992
2 1992 25
2 25 711
2 113 1127
2 1127 405
2 1792 246
2 246 1005
2 1005 1228
2 1692 1978
2 1247 1449
2 1449 1329
2 1329 1015
2 1015 1953
2 1953 1853
2 1853 580
2 580 29
2 851 1907
2 407 238
2 211 271
2 1258 609
2 609 433
2 433 721
2 721 1011
2 1011 1094
2 1094 1432
2 1432 714
2 714 565
2 565 1031
2 1031 852
2 852 1111
2 1111 1941
2 1020 690
2 690 65
2 65 423
2 423 762
2 762 497
2 497 1794
2 1794 1570
2 1570 1539
2 1539 201
2 472 451
2 451 1393
2 1393 1536
2 1536 1119
2 1119 1378
2 1378 1575
2 1575 738
2 738 1382
2 1921 243
2 243 693
2 693 727
2 727 1226
2 1226 1821
2 914 729
2 729 668
2 668 1642
2 1029 806
2 806 1407
2 1410 1888
2 1888 897
2 1187 930
2 930 1396
2 1396 1368
2 1368 1448
2 1448 1174
2 1485 633
2 962 1696
2 1696 1296
2 1296 300
2 300 1717
2 574 1044
2 1044 1317
2 1317 1920
2 1497 1199
2 1199 381
2 381 553
2 553 1634
2 957 233
2 233 32
2 1880 1513
2 1513 178
2 178 1966
2 1966 461
2 461 1145
2 983 482
2 1931 1219
2 1725 1538
2 960 1658
2 278 820
2 820 1084
2 1084 1114
2 1114 1812
2 1812 578
2 578 1451
2 1451 973
2 973 169
2 169 971
2 971 349
2 349 1804
2 1804 486
2 486 1514
2 267 1234
2 1234 1949
2 1949 637
2 637 107
2 419 1782
2 1782 1403
2 1403 664
2 664 944
2 944 528
2 528 1923
2 1923 843
2 843 1535
2 1535 1824
2 506 1366
2 1366 1613
2 768 1547
2 1547 305
2 1365 1811
2 1811 463
2 734 248
2 984 263
2 832 239
2 681 1912
2 1912 1053
2 1306 1216
2 1216 833
2 1783 1413
2 1413 1162
2 1422 1473
2 1473 906
2 1013 1282
2 1691 172
2 172 164
2 134 1343
2 1343 1132
2 1132 1936
2 1936 1986
2 393 723
2 723 1830
2 1981 660
2 660 1842
2 1842 320
2 320 313
2 665 1202
2 1202 1184
2 1184 440
2 440 1149
2 484 594
2 594 1872
2 1872 1957
2 38 1048
2 1985 270
2 270 847
2 847 343
2 343 1772
2 1772 1549
2 282 1061
2 1218 453
2 453 1675
2 1675 1294
2 1294 1845
2 1845 510
2 510 1392
2 299 1212
2 1212 1505
2 682 427
2 427 1092
2 1092 1585
2 1041 245
2 1472 217
2 217 1273
2 1273 1679
2 1679 59
2 59 1933
2 1933 1828
2 1828 623
2 623 996
2 996 1454
2 1454 526
2 526 754
2 754 1623
2 1623 104
2 1963 1342
2 1342 137
2 137 1002
2 1002 86
2 86 1026
2 1508 938
2 938 1046
2 1046 459
2 579 1614
2 1650 1091
2 627 372
2 372 1052
2 687 171
2 171 634
2 634 1427
2 379 1826
2 1826 1798
2 1798 1405
2 1099 1223
2 1223 737
2 737 785
2 1311 421
2 421 250
2 250 1425
2 1425 413
2 413 391
2 391 292
2 292 948
2 948 99
2 99 1318
2 1373 6
2 6 990
2 769 993
2 968 91
2 342 1309
2 1309 1152
2 12 1178
2 1178 610
2 1137 143
2 608 1014
2 1014 1965
2 1494 231
2 923 1797
2 390 1511
2 1511 409
2 409 1093
2 1007 227
2 227 1657
2 1657 1532
2 539 1380
2 679 1746
2 1746 697
2 697 1597
2 1597 1074
2 1074 163
2 163 392
2 392 328
2 361 1412
2 1412 1340
2 1340 1573
2 1639 1806
2 1806 757
2 480 1295
2 1295 961
2 961 519
2 555 709
2 857 1383
2 1383 116
2 116 1632
2 1744 52
2 52 853
2 1662 1109
2 1109 1157
2 1157 643
2 1775 1104
2 1104 1599
2 1599 1641
2 1641 545
2 545 1807
2 1807 1480
2 1480 515
2 515 396
2 396 1844
2 1844 1646
2 1646 418
2 418 523
2 523 1289
2 1289 1064
2 1064 1334
2 1790 700
2 700 1255
2 1255 1726
2 1726 1834
2 1834 1381
2 1381 815
2 1637 1384
2 1386 1603
2 1603 1434
2 1434 1367
2 1367 160
2 160 1580
2 1885 368
2 368 149
2 149 1192
2 1215 1836
2 1836 1409
2 1409 732
2 732 1229
2 403 123
2 123 1251
2 1251 1723
2 1723 1323
2 50 575
2 575 1778
2 1778 636
2 636 43
2 43 236
2 236 294
2 294 882
2 882 190
2 190 571
2 571 355
2 355 675
2 675 1773
2 1773 1222
2 1222 1245
2 1245 351
2 351 1253
2 1253 312
2 312 317
2 656 1684
2 1684 836
2 1701 1357
2 1357 1207
2 1207 503
2 1820 1417
2 1417 1607
2 1607 214
2 214 1453
2 491 533
2 533 1628
2 810 1998
2 816 863
2 863 1302
2 1302 1874
2 1874 220
2 220 1503
2 1503 733
2 1651 803
2 803 105
2 105 1697
2 1697 284
2 284 1544
2 360 1129
2 1129 1680
2 1680 552
2 552 849
2 849 1018
2 1018 395
2 395 1767
2 529 708
2 1030 1999
2 1999 1360
2 1360 543
2 543 520
2 1051 139
2 139 228
2 228 1916
2 1916 416
2 416 1332
2 1332 202
2 202 1492
2 1492 1193
2 1193 1325
2 1325 15
2 15 1542
2 1542 1698
2 148 1512
2 1512 404
2 1164 1822
2 1822 85
2 412 1266
2 1266 1609
2 1609 28
2 28 1582
2 1582 411
2 411 807
2 807 1974
2 1974 1796
2 1138 1133
2 1133 715
2 1087 1232
2 1232 982
2 982 1898
2 1898 161
2 161 1718
2 1718 1738
2 1738 170
2 707 1814
2 1814 544
2 544 188
2 188 1681
2 1681 1452
2 1452 626
2 69 612
2 612 1895
2 1895 57
2 57 1118
2 1118 862
2 862 667
2 141 1937
2 1937 1665
2 1959 1502
2 1502 179
2 179 730
2 23 1416
2 1416 1785
2 1785 1034
2 1034 945
2 297 140
2 140 264
2 264 516
2 516 388
2 388 247
2 1054 1870
2 1870 1951
2 1951 498
2 498 1763
2 1348 1418
2 1418 7
2 7 651
2 651 1989
2 1438 1659
2 1659 44
2 44 1363
2 1627 1847
2 1847 620
2 620 63
2 434 561
2 561 131
2 131 1993
2 1993 1165
2 1165 322
2 322 1372
2 532 598
2 1677 1839
2 1839 1996
2 1996 1569
2 1569 720
2 1304 1050
2 1098 286
2 286 373
2 373 496
2 745 1987
2 1987 759
2 759 378
2 378 446
2 1551 175
2 175 1929
2 1929 1163
2 1163 380
2 244 185
2 185 1242
2 1242 1587
2 1587 908
2 908 1428
2 1428 1113
2 1113 585
2 585 596
2 596 989
2 989 240
2 240 1882
2 1882 1338
2 1338 632
2 632 1424
2 1424 527
2 527 522
2 522 1787
2 913 940
2 940 1462
2 204 1065
2 1065 226
2 226 1260
2 1260 1354
2 187 712
2 712 1236
2 1236 717
2 717 1359
2 1359 101
2 101 702
2 702 189
2 189 943
2 943 1108
2 1108 597
2 597 1012
2 1012 994
2 794 1341
2 1341 617
2 617 389
2 389 374
2 374 64
2 64 34
2 34 951
2 1106 1159
2 1159 1276
2 1276 60
2 443 1353
2 1353 1979
2 1979 1838
2 1838 1541
2 1541 96
2 1463 1519
2 658 354
2 354 1864
2 1864 587
2 587 1715
2 1715 262
2 1522 1962
2 1962 1617
2 1617 974
2 974 1854
2 512 874
2 1275 1571
2 1571 348
2 348 1235
2 1235 927
2 927 685
2 1335 1437
2 1437 1945
2 1945 182
2 182 1100
2 1100 1040
2 1040 765
2 765 1495
2 1495 1594
2 1594 466
2 581 41
2 41 942
2 942 1196
2 1516 47
2 47 698
2 698 490
2 490 1298
2 1298 40
2 40 1023
2 1893 1314
2 1314 531
2 531 659
2 659 1190
2 1190 750
2 153 680
2 1525 912
2 912 146
2 146 473
2 473 1733
2 1733 1583
2 1583 1878
2 362 969
2 969 964
2 964 1566
2 1566 325
2 325 1369
2 1369 276
2 276 234
2 234 1107
2 1107 1661
2 1661 558
2 558 1737
2 1737 871
2 871 1027
2 736 884
2 884 893
2 893 1000
2 1183 868
2 868 479
2 479 213
2 213 1765
2 1765 1861
2 673 1572
2 1572 1182
2 1182 798
2 798 151
2 151 835
2 835 1716
2 1262 1456
2 1456 787
2 787 1851
2 1777 1067
2 879 1668
2 1668 782
2 782 1465
2 1139 1352
2 1352 1444
2 1444 1345
2 1345 614
2 614 642
2 642 1574
2 1719 1984
2 1984 98
2 98 51
2 51 1774
2 1774 1621
2 1621 872
2 872 363
2 363 1611
2 1611 1467
2 1068 1600
2 1600 1004
2 1004 954
2 954 883
2 883 1940
2 1940 1362
2 1362 1039
2 1039 259
2 259 376
2 376 359
2 359 251
2 16 90
2 90 1072
2 1072 775
2 775 1891
2 1891 1401
2 1401 1709
2 1709 756
2 756 898
2 898 1608
2 1608 1135
2 1135 764
2 764 1421
2 1421 386
2 386 932
2 932 979
2 979 1156
2 1156 1476
2 1476 838
2 838 1160
2 1160 641
2 641 1729
2 1729 115
2 115 1753
2 1753 417
2 741 792
2 792 329
2 329 1805
2 1805 253
2 253 1078
2 1078 397
2 397 316
2 316 352
2 352 747
2 747 1244
2 1244 1300
2 1300 36
2 36 1377
2 1377 1191
2 195 1883
2 1883 110
2 110 1602
2 1602 1710
2 1710 364
2 364 77
2 77 1590
2 1590 1636
2 1636 1610
2 1610 230
2 230 1086
2 1086 1695
2 1695 1803
2 1803 688
2 688 1766
2 1766 797
2 797 1899
2 1899 1297
2 1297 841
2 841 1533
2 1533 268
2 268 895
2 895 371
2 371 345
2 345 1905
2 1905 314
2 314 568
2 568 1849
2 1849 1683
2 1683 604
2 604 1278
2 1278 100
2 100 1105
2 1105 444
2 1398 1852
2 1083 1952
2 1952 1144
2 1144 1914
2 1914 975
2 975 221
2 221 1147
2 1147 42
2 42 1606
2 1606 613
2 613 54
2 54 924
2 924 1102
2 1102 1988
2 1988 155
2 155 952
2 952 1161
2 1161 1006
2 1006 1009
2 1009 1208
2 1208 207
2 207 1706
2 1706 301
2 301 265
2 265 999
2 999 219
2 219 135
2 135 1356
2 1356 458
2 1850 1663
2 1663 1894
2 1894 742
2 742 1056
2 1056 625
2 625 394
2 394 1501
2 1501 845
2 845 420
2 420 304
2 304 749
2 749 249
2 249 66
2 66 1284
2 1284 719
2 719 878
2 878 1800
2 1800 406
2 1598 78
2 78 1406
2 1406 1142
2 1142 1831
2 1831 1560
2 1560 671
2 671 1769
2 1769 39
2 39 1082
2 1082 1274
2 1274 1459
2 1459 501
2 501 10
2 10 124
2 124 103
2 103 318
2 318 18
2 18 341
2 79 1256
2 1256 1385
2 1385 678
2 678 82
2 82 621
2 621 1674
2 1674 865
2 865 980
2 980 1213
2 1213 1001
2 1001 19
2 19 477
2 477 1859
2 1859 1620
2 1620 150
2 150 657
2 657 37
2 37 1169
2 1169 1759
2 1521 1749
2 1749 1351
2 1351 1924
2 1924 867
2 867 369
2 369 706
2 290 677
2 677 1554
2 1515 795
2 795 949
2 949 1446
2 1446 536
2 536 1231
2 1231 542
2 542 1791
2 997 1055
2 1055 1173
2 1173 963
2 963 844
2 844 205
2 205 1120
2 1120 1402
2 1402 885
2 885 430
2 430 218
2 218 1217
2 1217 1780
2 1780 901
2 901 1391
2 1292 1250
2 1250 1647
2 1647 1426
2 1426 559
2 559 1527
2 1527 1436
2 1436 311
2 311 1211
2 1211 904
2 904 120
2 120 513
2 513 1644
2 1644 344
2 344 1565
2 1565 1458
2 1458 1552
2 1552 540
2 1179 435
2 435 870
2 870 562
2 562 504
2 504 1645
2 1645 1423
2 887 1339
2 1339 31
2 31 445
2 445 1116
2 1116 1673
2 1673 1404
2 1404 229
2 229 1534
2 1534 566
2 566 842
2 842 478
2 478 1781
2 1856 858
2 858 1279
2 713 1944
2 1944 726
2 726 1430
2 470 918
2 918 965
2 62 1722
2 1722 877
2 877 684
2 684 899
2 899 200
2 200 911
2 1670 920
2 1557 502
2 502 648
2 1793 850
2 850 168
2 168 773
2 773 1254
2 1254 859
2 859 1312
2 442 560
2 560 1559
2 1559 1121
2 1121 1328
2 873 425
2 425 1350
2 1350 293
2 293 476
2 476 1779
2 1779 686
2 686 1550
2 1550 1724
2 1724 1857
2 1925 570
2 570 1150
2 1150 1261
2 1491 308
2 308 468
2 468 1704
2 1704 367
2 367 481
2 481 370
2 370 1943
2 1130 1702
2 1702 1991
2 935 1939
2 1939 1685
2 1685 1581
2 1581 1902
2 1902 1281
2 1281 761
2 761 946
2 946 1285
2 330 56
2 56 1233
2 1233 724
2 724 801
2 801 1498
2 1727 336
2 336 812
2 812 1643
2 1643 691
2 691 1337
2 1337 1731
2 1731 87
2 87 1909
2 1909 1415
2 1415 1848
2 1848 605
2 605 1287
2 1287 1990
2 1990 332
2 332 128
2 128 928
2 928 1840
2 1840 1747
2 1747 133
2 133 582
2 582 1524
2 1524 1868
2 1868 1754
2 1754 554
2 554 755
2 755 791
2 791 377
2 95 676
2 676 1799
2 1799 663
2 663 1904
2 1904 778
2 569 283
2 283 209
2 209 788
2 788 1243
2 1243 869
2 869 266
2 266 988
2 988 1887
2 1887 74
2 74 1855
2 1855 593
2 593 1896
2 1896 495
2 495 1103
2 1103 1832
2 1832 125
2 125 1066
2 1066 1918
2 1918 600
2 600 1252
2 1252 1748
2 1748 1205
2 1205 728
2 728 428
2 428 469
2 469 828
2 828 1817
2 1817 1635
2 1635 1280
2 1576 959
2 1293 1042
2 1042 1903
2 1903 129
2 129 771
2 771 1827
2 1827 1578
2 1578 1203
2 1203 1482
2 1482 692
2 692 1420
2 1420 934
2 934 144
2 144 191
2 191 1654
2 1654 1994
2 1994 1596
2 1596 1291
2 1291 449
2 449 1653
2 1653 1736
2 1037 1897
2 1897 601
2 601 1507
2 1507 826
2 826 662
2 662 1537
2 1537 1624
2 1624 1784
2 1784 825
2 825 630
2 630 1477
2 1477 1789
2 1789 1230
2 1230 1455
2 1455 1619
2 1619 203
2 203 1530
2 1530 1440
2 1440 915
2 915 1712
2 1333 1500
2 1500 1431
2 1431 1267
2 1267 1586
2 1586 525
2 525 73
2 73 521
2 521 903
2 903 488
2 488 829
2 829 902
2 902 619
2 1871 1445
2 1445 1758
2 1758 926
2 926 331
2 331 722
2 722 1771
2 1771 1299
2 1299 1271
2 1271 1154
2 1154 1471
2 1471 1490
2 1490 1815
2 1815 725
2 725 1220
2 1220 817
2 1531 1003
2 1003 1375
2 1375 1688
2 1688 1980
2 1980 1976
2 1976 1238
2 1238 894
2 894 1713
2 1713 97
2 97 384
2 384 1387
2 1387 1795
2 1795 1919
2 1919 1140
2 1140 1487
2 1487 767
2 767 84
2 84 615
2 809 1755
2 1755 1865
2 1865 492
2 492 837
2 837 784
2 784 583
2 583 1588
2 1588 701
2 701 939
2 939 739
2 739 534
2 770 88
2 88 981
2 981 216
2 216 760
2 760 192
2 192 1734
2 1734 111
2 145 1964
2 1964 937
2 937 886
2 886 819
2 819 81
2 81 823
2 823 180
2 180 1457
2 1457 718
2 718 1968
2 1968 1703
2 1703 590
2 590 1466
2 1466 199
2 199 991
2 991 347
2 347 1429
2 1429 1802
2 1802 439
2 439 606
2 606 1038
2 1038 1461
2 1461 323
2 323 452
2 452 1326
2 1097 1520
2 1520 1096
2 1096 1075
2 1075 1346
2 1346 929
2 929 1762
2 1057 772
2 772 1008
2 1008 646
2 646 1700
2 1700 339
2 339 1049
2 1049 557
2 557 1283
2 1283 744
2 744 1699
2 1699 319
2 319 1690
2 1690 273
2 273 703
2 703 822
2 822 26
2 26 1224
2 1224 896
2 896 549
2 549 142
2 142 400
2 400 572
2 572 158
2 158 567
2 567 1447
2 1447 538
2 538 1237
2 1237 507
2 507 1195
2 1195 1073
2 1073 1399
2 1399 985
2 985 1666
2 1666 106
2 106 112
2 112 1095
2 1095 607
2 607 1364
2 1364 489
2 489 814
2 814 1728
2 1728 1063
2 1063 647
2 647 856
2 856 1563
2 1563 1562
2 1562 644
2 644 603
2 603 181
2 181 1526
2 1526 460
2 460 127
2 127 206
2 206 1843
2 1843 743
2 743 1615
2 1615 281
2 281 274
2 274 1112
2 1028 432
2 432 1125
2 1125 162
2 1489 1419
2 1419 696
2 696 1441
2 1441 24
2 24 4
2 4 1331
2 1331 296
2 296 1330
2 1330 1379
2 1379 1464
2 1464 781
2 781 277
2 277 1926
2 1926 875
2 875 611
2 611 1124
2 1124 514
2 514 76
2 76 483
2 483 1652
2 1652 789
2 789 1151
2 1151 366
2 366 1101
2 1101 1493
2 1493 1694
2 1694 307
2 307 508
2 508 880
2 880 252
2 252 1269
2 1269 1630
2 1630 212
2 212 1141
2 1141 1264
2 1264 780
2 780 1509
2 1509 1032
2 1032 1687
2 1687 196
2 196 763
2 763 1201
2 1201 1175
2 1175 1270
2 457 595
2 595 215
2 215 1813
2 1813 429
2 436 1660
2 1660 766
2 766 786
2 786 1592
2 1592 1517
2 1517 1960
2 1960 1879
2 1879 309
2 309 1669
2 1669 1241
2 1241 183
2 183 1024
2 1024 811
2 811 631
2 631 287
2 287 748
2 748 547
2 547 1672
2 1672 165
2 165 474
2 474 1010
2 1010 1631
2 1631 222
2 222 89
2 280 1956
2 1956 154
2 1045 1625
2 1625 1122
2 1122 27
2 27 426
2 426 1443
2 1443 1374
2 1374 1180
2 1180 118
2 118 414
2 414 184
2 184 385
2 385 758
2 758 674
2 674 256
2 121 261
2 261 818
2 818 821
2 821 890
2 890 517
2 517 1414
2 1414 1134
2 1134 695
2 695 224
2 224 438
2 438 710
2 919 241
2 241 1442
2 1442 705
2 705 383
2 383 454
2 454 509
2 509 916
2 916 1935
2 1935 166
2 166 1320
2 1320 1225
2 1225 1776
2 1776 1313
2 1313 1735
2 1735 1648
2 1648 1950
2 1950 753
2 753 1504
2 1504 1640
2 1640 1906
2 1906 524
2 132 1126
2 1126 1308
2 1308 464
2 464 1553
2 1553 1863
2 1863 387
2 387 1656
2 1656 1835
2 1835 1967
2 1967 1750
2 1750 777
2 777 573
2 573 1194
2 1194 334
2 334 33
2 33 1484
2 1484 796
2 796 530
2 530 808
2 808 931
2 931 1971
2 1971 1286
2 1286 35
2 35 1189
2 1189 1689
2 1689 1975
2 1975 1303
2 1303 577
2 577 1347
2 1347 972
2 972 588
2 588 1711
2 1711 335
2 335 1841
2 1841 1705
2 1705 548
2 548 1555
2 1555 94
2 94 447
2 447 905
2 1214 800
2 800 487
2 487 1060
2 1060 947
2 947 257
2 257 1873
2 1873 232
2 232 670
2 670 1678
2 1678 147
2 147 46
2 46 357
2 357 494
2 494 55
2 55 422
2 422 518
2 518 194
2 194 1823
2 1823 193
2 193 1739
2 1739 295
2 295 235
2 235 1930
2 1930 1928
2 1928 1123
2 1123 1146
2 1146 891
2 891 1757
2 1757 1743
2 1743 365
2 365 1117
2 1117 399
2 399 455
2 455 629
2 629 75
2 75 995
2 995 830
2 830 839
2 839 1059
2 1059 1058
2 1825 136
2 136 1486
2 1486 9
2 9 541
2 541 1506
2 1506 1626
2 1626 333
2 333 966
2 966 1143
2 1143 1708
2 1708 1622
2 1622 592
2 592 1167
2 1167 550
2 550 1948
2 1948 1198
2 1033 108
2 108 21
2 303 1970
2 1970 375
2 375 1408
2 315 799
2 799 1752
2 1752 1577
2 1577 321
2 321 1389
2 1389 1846
2 1846 167
2 167 1022
2 1022 1707
2 1707 864
2 864 888
2 888 1168
2 1168 1770
2 1770 1085
2 1085 922
2 922 1307
2 735 1397
2 1397 1496
2 1496 1977
2 1977 1558
2 1558 1886
2 1886 1932
2 1932 1548
2 1548 465
2 465 48
2 48 933
2 933 1036
2 1036 176
2 176 310
2 310 616
2 616 1720
2 1720 779
2 779 1601
2 1601 1866
2 1866 1171
2 1171 1649
2 1649 556
2 556 589
2 589 1324
2 1324 114
2 114 790
2 790 471
2 471 1475
2 1475 1277
2 1277 1370
2 1370 1349
2 1349 493
2 493 177
2 177 223
2 223 1633
2 1633 1239
2 1239 272
2 272 1301
2 1301 1400
2 1400 1955
2 1955 1561
2 1561 834
2 834 1076
2 1076 876
2 876 1246
2 1246 1876
2 1876 683
2 683 1900
2 1900 1355
2 1355 1177
2 1177 978
2 978 1371
2 1371 1875
2 1875 68
2 68 462
2 462 1316
2 1316 992
2 992 401
2 401 1327
2 1327 840
2 840 210
2 210 699
2 699 1395
2 1395 1394
2 1394 1579
2 1579 156
2 156 599
2 599 20
2 20 563
2 563 1732
2 1732 1361
2 1361 326
2 326 1439
2 1439 58
2 58 1071
2 1071 289
2 289 672
2 672 157
2 157 1819
2 1819 1595
2 1595 1115
2 1115 1801
2 1801 338
2 338 450
2 450 956
2 956 1090
2 1090 1788
2 1788 80
2 80 1081
2 1081 655
2 655 1435
2 1435 694
2 694 1927
2 1927 1290
2 1290 1025
2 1025 1584
2 1584 485
2 485 1540
2 1540 1761
2 1761 977
2 977 1751
2 1751 1786
2 1786 340
2 340 645
2 645 1730
2 1730 1664
2 1664 998
2 998 260
2 260 535
2 535 1128
2 1128 1288
2 1288 1321
2 1321 1884
2 1884 1911
2 1911 889
2 889 353
2 353 255
2 255 1259
2 1259 1411
2 1411 1479
2 1479 1816
2 1816 1982
2 1982 751
2 751 1062
2 1062 591
2 591 1810
2 1810 653
2 653 848
2 848 1153
2 1153 1915
2 1915 776
2 776 1983
2 1983 1249
2 1249 327
2 327 1768
2 1768 122
2 122 437
2 437 456
2 456 1862
2 1862 649
2 649 302
2 302 1523
2 1523 1188
2 1188 1204
2 1204 1388
2 1388 1740
2 1740 14
2 14 254
2 254 1248
2 1248 1305
2 1305 291
2 291 1510
2 1510 1470
2 1470 1088
2 1088 298
2 298 1938
2 1938 173
2 173 618
2 618 1474
2 1474 269
2 269 752
2 752 987
2 987 805
2 805 652
2 652 746
2 746 731
2 731 774
2 774 1867
2 1867 1568
2 1568 1969
2 1969 1545
2 1545 1721
2 1721 1934
2 1934 1671
2 1671 1958
2 1958 1136
2 1136 1200
2 1200 1186
2 1186 1170
2 1170 1206
2 1206 1655
2 1655 398
2 398 1488
2 1488 1358
2 1358 955
2 955 13
2 288 5
2 5 3
2 3 941
2 941 892
2 892 1860
2 1860 925
2 925 622
2 622 1869
2 1869 109
2 109 953
2 953 275
2 275 71
2 71 1148
2 1148 638
2 638 350
2 350 1693
2 1693 1069
2 1069 546
2 546 1892
2 1892 1043
2 1043 17
2 17 475
2 475 1676
2 1676 356
2 356 537
2 537 1079
2 1079 1589
2 1589 337
2 337 635
2 635 500
2 500 1913
2 1913 564
2 564 666
2 666 499
2 499 1172
2 1172 117
2 117 358
2 358 1973
2 1973 83
2 83 1742
2 1742 1808
2 1808 1616
2 1616 53
2 53 650
2 650 958
2 958 324
2 324 159
2 159 410
2 410 1336
2 1336 402
2 402 804
2 804 448
2 448 408
2 408 813
2 813 1997
2 1997 866
2 866 1265
2 1265 1176
2 1176 669
2 669 382
2 382 93
2 93 654
2 654 1322
2 1322 1556
2 1556 827
2 827 907
2 907 909
2 909 11
2 11 967
2 967 1209
2 1209 102
2 102 279
2 279 1529
2 1529 1567
2 1567 584
2 584 441
2 441 306
2 306 70
2 70 1450
2 1450 640
2 640 1344
2 1344 1240
2 1240 1468
2 1468 1019
2 1019 855
2 855 1954
2 1954 1376
2 1376 126
2 126 67
2 67 208
2 208 1155
2 1155 1947
2 1947 917
2 917 1764
2 1764 174
2 174 1272
2 1272 1518
2 1518 1158
2 1158 1910
2 1910 8
2 8 1917
2 1917 1682
2 1682 846
2 846 1017
2 1017 511
2 511 1433
2 1433 1021
2 1021 861
2 861 72
2 72 1035
2 1035 628
2 628 689
2 689 740
2 740 1618
2 271 1258
2 95 377
2 1229 403
2 1760 119
2 1214 905
2 1665 1959
2 154 1045
2 1837 1612
2 709 857
2 1543 1618
2 406 1598
2 62 965
2 496 745
2 1961 1632
2 258 1714
2 152 239
2 113 711
2 1963 104
2 1719 1574
2 1306 1053
2 361 328
2 1315 285
2 290 706
2 393 1890
2 1028 1112
2 1591 716
2 897 505
2 1942 936
2 22 104
2 1821 914
2 708 1110
2 505 1187
2 317 656
2 1701 836
2 1373 1667
2 1809 1469
2 913 1787
2 619 1871
2 757 480
2 263 832
2 735 1307
2 69 626
2 1605 990
2 1293 959
2 1908 1386
2 251 16
2 709 1946
2 1744 119
2 463 734
2 957 1634
2 1257 633
2 1197 197
2 704 1422
2 1164 404
2 61 79
2 247 1054
2 667 141
2 1365 305
2 1398 444
2 704 1162
2 810 1628
2 1423 887
2 1027 736
2 503 30
2 434 63
2 648 1793
2 457 1270
2 29 851
2 346 1564
2 680 1525
2 539 1532
2 29 130
2 1407 1410
2 579 459
2 1016 1333
2 1070 1268
2 1057 1762
2 1262 624
2 1390 1605
2 785 1311
2 1083 1852
2 231 923
2 482 1931
2 1516 1196
2 1716 624
2 741 417
2 104 1210
2 1634 431
2 1854 512
2 1521 1759
2 598 1677
2 968 186
2 1318 1667
2 794 994
2 238 211
2 519 555
2 60 443
2 104 881
2 581 466
2 244 380
2 1027 576
2 1372 532
2 248 984
2 2000 1310
2 1192 1215
2 1221 1833
2 1573 1639
2 986 1229
2 1989 1438
2 429 436
2 1382 1921
2 1837 1961
2 519 586
2 245 1858
2 1279 713
2 247 1185
2 38 1957
2 1820 30
2 816 1998
2 1029 1642
2 187 1354
2 1627 1363
2 315 1408
2 111 145
2 1483 854
2 1304 720
2 299 1392
2 1312 442
2 1791 45
2 1089 1499
2 1067 879
2 1745 854
2 658 1519
2 1825 1058
2 1061 1218
2 50 1323
2 303 21
2 1221 467
2 1275 874
2 1528 1549
2 1885 2
2 551 1041
2 665 313
2 1310 1543
2 1462 204
2 1893 1023
2 282 1528
2 1138 1796
2 778 569
2 415 576
2 1538 960
2 997 45
2 1907 407
2 405 1792
2 198 258
2 506 1824
2 1629 92
2 951 1106
2 1781 1856
2 1978 1686
2 1130 1943
2 1557 920
2 267 1514
2 681 152
2 96 1463
2 1651 733
2 1922 619
2 919 783
2 1522 262
2 602 627
2 1334 1790
2 643 1775
2 1591 881
2 1554 1515
2 520 1051
2 824 708
2 1857 1925
2 1783 833
2 288 13
2 1191 195
2 379 1427
2 201 472
2 1052 687
2 1686 1247
2 1818 1760
2 1494 1965
2 237 1087
2 1453 491
2 1508 1026
2 873 1328
2 107 419
2 1145 983
2 61 341
2 1531 817
2 297 945
2 1985 1048
2 1179 540
2 143 608
2 1544 360
2 768 1613
2 1348 1763
2 32 1880
2 1478 1257
2 412 85
2 1384 1908
2 574 1717
2 1000 1183
2 1098 1050
2 1858 1472
2 1605 138
2 715 237
2 602 1091
2 1152 12
2 96 197
2 1485 1174
2 1986 1890
2 278 1658
2 1741 1978
2 49 1878
2 815 1637
2 280 89
2 1390 769
2 911 1670
2 1048 1972
2 1546 170
2 1505 682
2 132 524
2 906 1013
2 1505 1460
2 1285 330
2 458 1850
2 1580 2
2 1292 1391
2 1777 802
2 467 836
2 1228 1692
2 831 134
2 1491 1131
2 1585 551
2 1942 970
2 470 1430
2 342 91
2 1725 1219
2 1326 1097
2 1319 793
2 23 730
2 534 770
2 1612 1818
2 1131 1261
2 1282 1691
2 802 1851
2 197 285
2 1854 639
2 921 1667
2 1030 1110
2 935 1991
2 1181 1549
2 965 1901
2 610 1137
2 1319 459
2 1405 1099
2 1149 484
2 1551 446
2 153 750
2 1861 673
2 1016 1712
2 1920 1497
2 679 1380
2 1546 707
2 1068 1467
2 1335 685
2 1228 1263
2 1995 170
2 1576 1280
2 1650 1877
2 49 362
2 831 164
2 710 783
2 1139 1465
2 1478 962
2 1489 162
2 1941 1020
2 1830 1981
2 1662 853
2 1767 529
2 1614 1877
2 256 121
2 1007 1093
2 1549 1499
2 1698 148
2 1037 1736
2 1727 1498
2 1797 390
2 346 897
2 1881 1760
2 186 993
2 1698 225
2 1604 1877
2 615 809
2 1198 1033
