1800 1428
2 1 1450
2 1450 828
2 828 548
2 1600 310
2 310 867
2 867 978
2 978 218
2 218 1728
2 1728 1305
2 1305 364
2 364 1743
2 1743 452
2 452 1674
2 1674 224
2 224 712
2 712 363
2 363 201
2 201 1408
2 1408 83
2 83 348
2 348 577
2 577 1725
2 1725 1741
2 1741 881
2 881 936
2 150 992
2 992 713
2 713 590
2 590 506
2 506 724
2 1119 1442
2 1442 1274
2 1274 822
2 822 299
2 299 46
2 46 1112
2 661 622
2 622 1456
2 1456 600
2 600 131
2 131 796
2 796 1642
2 1642 1265
2 664 442
2 1513 582
2 582 642
2 642 1012
2 1012 1051
2 1051 1494
2 1494 1474
2 1474 1115
2 1115 323
2 323 338
2 338 921
2 921 871
2 871 984
2 984 647
2 647 245
2 565 1359
2 585 1786
2 1786 1334
2 1334 1407
2 160 1622
2 1622 559
2 243 1636
2 1636 81
2 81 1699
2 1699 80
2 80 809
2 809 1550
2 1550 512
2 1621 754
2 754 1060
2 1060 684
2 1220 312
2 312 231
2 306 290
2 290 1172
2 1172 326
2 326 1161
2 1161 1720
2 1720 1593
2 1593 366
2 366 1735
2 1735 540
2 825 972
2 972 681
2 681 429
2 536 250
2 311 156
2 156 507
2 507 165
2 165 162
2 162 1561
2 1561 1499
2 1499 652
2 1312 125
2 125 1673
2 1673 787
2 787 15
2 15 864
2 864 572
2 572 924
2 924 539
2 539 975
2 975 1511
2 1511 5
2 5 1169
2 1169 474
2 474 1524
2 1524 1185
2 1185 360
2 360 194
2 773 645
2 422 856
2 410 1654
2 356 561
2 561 1106
2 1106 390
2 390 854
2 854 75
2 75 786
2 786 1235
2 1235 1581
2 1581 651
2 651 1768
2 1768 122
2 122 1506
2 1348 812
2 812 1023
2 1023 1588
2 1588 401
2 401 819
2 819 1076
2 1076 551
2 556 448
2 448 805
2 301 784
2 784 817
2 817 1751
2 1751 1501
2 1501 1734
2 1734 9
2 9 1251
2 68 6
2 6 1534
2 1534 738
2 738 879
2 879 528
2 528 625
2 625 209
2 209 239
2 239 47
2 47 627
2 627 1754
2 1754 697
2 1018 1416
2 1416 1288
2 740 633
2 633 253
2 253 760
2 760 1671
2 1671 1285
2 1285 467
2 467 1733
2 1276 1255
2 1255 607
2 607 1319
2 1319 602
2 602 1710
2 1710 1632
2 1632 214
2 214 1521
2 1521 937
2 937 492
2 492 394
2 394 1156
2 1156 27
2 656 260
2 260 563
2 964 974
2 1797 1452
2 1452 361
2 361 1444
2 1444 705
2 705 904
2 1382 84
2 84 560
2 560 896
2 896 1317
2 1317 710
2 710 57
2 57 1278
2 1278 912
2 912 649
2 649 256
2 256 1303
2 1303 1480
2 742 307
2 307 73
2 148 998
2 768 1564
2 1564 1590
2 1590 1192
2 1192 722
2 906 385
2 486 730
2 730 1022
2 1022 1321
2 1321 1299
2 1299 814
2 1594 1658
2 341 1404
2 1404 172
2 172 434
2 434 1540
2 1540 1739
2 1739 558
2 558 731
2 731 1024
2 483 1757
2 1757 1318
2 1318 1111
2 1111 848
2 848 460
2 460 691
2 691 919
2 919 222
2 222 624
2 624 1664
2 1664 333
2 333 211
2 211 1460
2 1460 1166
2 206 1745
2 1745 1140
2 1140 575
2 575 1150
2 1150 855
2 807 1609
2 1609 1384
2 1384 1017
2 1017 315
2 315 1222
2 701 759
2 759 513
2 513 44
2 44 892
2 892 149
2 149 671
2 632 928
2 928 798
2 798 1096
2 1096 21
2 793 411
2 423 1587
2 1587 678
2 678 1203
2 1203 261
2 261 24
2 24 1614
2 56 248
2 1347 546
2 546 1435
2 1435 569
2 569 464
2 464 831
2 831 103
2 103 1596
2 1596 719
2 719 1454
2 1454 395
2 164 534
2 534 167
2 167 1487
2 1487 1262
2 1262 508
2 508 750
2 750 963
2 963 443
2 443 49
2 49 1071
2 1071 228
2 228 298
2 298 1325
2 1325 1467
2 1467 186
2 186 1776
2 1776 907
2 869 668
2 668 357
2 357 397
2 1335 991
2 991 1469
2 1469 1154
2 1154 995
2 995 1612
2 1612 1062
2 1062 1525
2 1525 441
2 441 1055
2 1055 654
2 654 1393
2 1234 1135
2 1135 1250
2 1250 587
2 1766 778
2 368 193
2 193 1293
2 1293 380
2 380 1168
2 1168 1773
2 1773 7
2 7 240
2 240 1087
2 1087 1258
2 1258 1420
2 1420 1357
2 1357 630
2 630 61
2 61 244
2 244 277
2 277 549
2 549 1095
2 1095 282
2 282 1014
2 1014 273
2 273 550
2 550 393
2 393 933
2 933 1706
2 1706 723
2 723 1073
2 1073 1127
2 1127 58
2 58 1597
2 1597 1476
2 1476 1602
2 1602 823
2 1799 1421
2 1421 715
2 715 833
2 833 695
2 695 1346
2 1346 639
2 639 93
2 188 391
2 391 728
2 728 1148
2 1148 1475
2 1475 1131
2 257 735
2 735 1481
2 1481 958
2 958 1141
2 1141 1586
2 1586 1316
2 1316 1401
2 1401 276
2 276 1668
2 1668 1473
2 1473 144
2 144 946
2 946 208
2 208 398
2 398 1093
2 1093 145
2 145 1641
2 1641 136
2 136 1572
2 1572 1216
2 1216 495
2 495 574
2 574 934
2 934 1403
2 1403 1028
2 1028 101
2 101 1557
2 1557 1323
2 1323 1157
2 1157 804
2 804 885
2 885 733
2 221 623
2 623 874
2 874 217
2 217 763
2 763 679
2 679 436
2 436 1390
2 1390 1070
2 1070 862
2 862 1430
2 1430 1349
2 1349 166
2 166 1415
2 1415 1702
2 1702 803
2 803 1124
2 1124 1546
2 1546 628
2 628 50
2 50 430
2 430 377
2 377 1693
2 1693 1043
2 1043 134
2 134 14
2 14 110
2 110 173
2 173 1352
2 1352 584
2 584 53
2 53 782
2 782 968
2 968 1719
2 1719 1692
2 1692 1756
2 1756 497
2 497 335
2 335 1477
2 1477 1731
2 1731 1191
2 1191 1261
2 1261 332
2 332 328
2 328 1718
2 1718 510
2 510 1138
2 1138 223
2 223 1782
2 1782 1163
2 1163 986
2 986 1795
2 1795 872
2 872 236
2 236 1531
2 1531 1298
2 1298 163
2 163 192
2 192 1075
2 1075 601
2 601 1680
2 1680 736
2 1603 1578
2 1578 433
2 433 542
2 542 877
2 877 1684
2 1684 1554
2 1554 1114
2 842 849
2 849 1752
2 1752 669
2 669 1796
2 1796 203
2 203 658
2 658 106
2 594 1067
2 1067 1333
2 1333 491
2 491 249
2 249 905
2 531 644
2 748 1249
2 1249 1229
2 1229 755
2 755 533
2 485 1214
2 1214 1270
2 1270 843
2 1273 1646
2 1646 858
2 1167 449
2 449 1308
2 1308 269
2 269 882
2 882 499
2 499 616
2 616 860
2 860 1552
2 371 677
2 677 158
2 158 1746
2 1746 97
2 97 1034
2 1292 1519
2 1519 1371
2 1371 844
2 844 1446
2 1619 1758
2 1758 1500
2 1500 266
2 266 1631
2 1631 1376
2 1376 157
2 157 1548
2 1548 13
2 13 1227
2 1283 746
2 746 417
2 417 1438
2 1527 74
2 74 829
2 1462 1530
2 1530 205
2 205 1256
2 1256 1611
2 1611 859
2 859 578
2 578 1736
2 1736 915
2 915 465
2 465 1212
2 1212 955
2 955 29
2 29 1670
2 1670 1759
2 1759 470
2 470 1375
2 1375 1472
2 1472 1512
2 1512 382
2 382 721
2 721 604
2 604 883
2 883 665
2 665 1678
2 1678 1730
2 1730 1232
2 1232 340
2 340 1069
2 1069 1657
2 1657 1785
2 1785 568
2 568 227
2 227 979
2 979 241
2 241 379
2 379 1339
2 1339 1605
2 1605 909
2 251 347
2 347 1179
2 1179 286
2 286 1162
2 1162 1332
2 1332 865
2 865 1387
2 89 1026
2 1026 1784
2 1784 78
2 78 1083
2 1083 384
2 384 414
2 414 1579
2 1579 1201
2 1201 1397
2 1397 1372
2 1372 108
2 108 1338
2 1338 1104
2 1104 51
2 51 949
2 949 55
2 55 1301
2 1301 140
2 140 806
2 806 1563
2 1563 22
2 22 1178
2 1178 258
2 258 726
2 726 517
2 517 552
2 552 894
2 894 1090
2 1090 1358
2 1358 418
2 418 104
2 104 1208
2 1208 1544
2 1544 1245
2 1245 1610
2 1610 1591
2 1591 64
2 64 1210
2 1210 1626
2 1626 295
2 295 1523
2 1523 940
2 940 1313
2 1313 129
2 129 943
2 943 1667
2 1667 399
2 399 1233
2 1233 342
2 342 1284
2 1284 1688
2 1688 711
2 711 1663
2 1663 899
2 899 1704
2 1704 1042
2 1042 1640
2 1640 1628
2 1628 502
2 502 119
2 119 897
2 897 655
2 655 850
2 850 851
2 851 477
2 1417 1412
2 1412 620
2 620 953
2 953 451
2 451 1753
2 1753 20
2 20 358
2 358 996
2 996 614
2 614 1309
2 1309 1764
2 1764 1243
2 1243 1437
2 1437 635
2 635 1355
2 1355 100
2 100 566
2 566 1239
2 1239 210
2 210 274
2 274 264
2 264 139
2 1606 1193
2 1193 1386
2 1386 580
2 580 985
2 985 1565
2 1565 1147
2 1147 388
2 388 648
2 648 790
2 790 1515
2 1522 1078
2 1078 1353
2 1353 114
2 114 583
2 583 1485
2 1485 520
2 520 667
2 667 989
2 989 1624
2 1624 127
2 127 676
2 1373 1226
2 1226 204
2 204 142
2 142 1742
2 1742 1763
2 1763 1329
2 1329 1103
2 1103 1063
2 1063 65
2 65 1145
2 1145 440
2 440 1576
2 1576 1033
2 1033 79
2 79 1698
2 1432 1539
2 1539 1015
2 1092 365
2 365 826
2 826 704
2 704 1064
2 1064 1402
2 1402 758
2 758 1198
2 1198 143
2 143 428
2 500 1121
2 1121 1144
2 1574 1280
2 1280 1545
2 1545 378
2 378 1391
2 1391 1366
2 1366 938
2 938 1311
2 1311 176
2 176 841
2 841 729
2 729 1508
2 1508 1669
2 1669 1781
2 1781 666
2 666 887
2 887 727
2 727 346
2 346 821
2 821 716
2 120 153
2 153 1091
2 1091 291
2 291 1573
2 1573 660
2 660 596
2 596 1583
2 1583 1007
2 1007 641
2 641 810
2 810 553
2 553 405
2 405 25
2 25 345
2 345 48
2 48 116
2 116 1031
2 1031 1677
2 1677 764
2 764 1054
2 1054 421
2 421 1399
2 1399 297
2 297 1102
2 1102 980
2 980 1109
2 23 965
2 965 16
2 16 1295
2 1295 1666
2 1666 324
2 324 226
2 226 325
2 325 1419
2 1419 1639
2 1639 1541
2 1541 1049
2 1049 109
2 109 593
2 593 529
2 529 908
2 908 1777
2 494 435
2 435 1495
2 1495 837
2 952 1257
2 1257 1307
2 1307 445
2 445 1337
2 1337 1290
2 1290 1533
2 1533 1694
2 1694 180
2 180 1547
2 1547 1518
2 1518 1793
2 1793 1072
2 1072 308
2 308 1181
2 1181 59
2 59 1279
2 1279 1503
2 1503 1039
2 1039 355
2 355 1426
2 1426 336
2 336 189
2 189 1164
2 1164 1595
2 1595 954
2 752 703
2 703 314
2 314 1341
2 1341 255
2 255 1213
2 1213 1044
2 1044 1715
2 1715 780
2 780 1691
2 1691 987
2 987 948
2 948 1010
2 1010 1489
2 1489 522
2 1081 404
2 404 1749
2 1749 1056
2 1056 374
2 374 615
2 615 893
2 893 1697
2 1697 576
2 576 1491
2 1491 1254
2 1254 39
2 39 403
2 403 1562
2 1562 1008
2 1008 1038
2 1038 802
2 802 589
2 589 1463
2 1463 1490
2 1490 717
2 717 1709
2 942 511
2 511 1037
2 1037 303
2 303 1195
2 1195 1794
2 1794 775
2 775 1528
2 1528 672
2 672 1567
2 1567 621
2 621 457
2 457 99
2 99 1497
2 1497 1470
2 1470 283
2 283 1459
2 1459 917
2 917 1182
2 1701 202
2 202 861
2 861 1486
2 1486 1644
2 1644 2
2 2 1133
2 1133 387
2 387 1789
2 1789 1342
2 1342 1003
2 1003 1529
2 1464 959
2 959 783
2 783 1170
2 1170 1160
2 1160 1197
2 1197 640
2 640 947
2 947 767
2 767 12
2 12 1638
2 1638 1260
2 1260 1396
2 1396 453
2 453 1218
2 1218 35
2 35 526
2 526 396
2 396 18
2 18 1618
2 1618 1571
2 1571 903
2 903 1196
2 1196 579
2 579 1116
2 1116 19
2 19 591
2 591 1117
2 853 488
2 488 1190
2 1190 69
2 69 832
2 832 159
2 159 354
2 354 605
2 605 1439
2 1439 1566
2 1566 362
2 362 1788
2 1788 554
2 554 1726
2 484 834
2 834 543
2 543 198
2 198 1219
2 1219 588
2 588 1152
2 1152 1559
2 1559 846
2 846 1560
2 1560 456
2 456 994
2 994 795
2 795 1021
2 1021 213
2 525 1165
2 1165 1183
2 1183 229
2 229 751
2 751 1584
2 1584 696
2 1200 1177
2 1177 91
2 91 1105
2 1105 420
2 420 801
2 801 1098
2 1098 133
2 133 1502
2 1502 1526
2 1526 1748
2 1748 1683
2 1683 1266
2 1266 981
2 981 818
2 818 496
2 496 1176
2 1176 1204
2 875 969
2 969 118
2 118 45
2 45 8
2 8 880
2 880 699
2 699 489
2 489 610
2 610 1324
2 1324 827
2 827 527
2 527 1248
2 1248 1343
2 1343 171
2 171 571
2 571 1199
2 1199 1716
2 1716 472
2 472 674
2 674 1707
2 1798 779
2 779 970
2 970 945
2 931 1458
2 1458 498
2 498 1122
2 1122 688
2 688 1237
2 1237 1331
2 1331 1672
2 1672 1617
2 1617 1101
2 1101 1236
2 1236 514
2 514 675
2 675 1247
2 1247 564
2 564 1089
2 1089 1005
2 1005 1755
2 1755 966
2 966 1361
2 1361 1431
2 1431 961
2 961 1180
2 1180 1635
2 1635 944
2 944 791
2 791 840
2 840 1269
2 1269 971
2 971 927
2 927 234
2 234 1767
2 1767 960
2 960 1737
2 1737 1457
2 1457 694
2 694 789
2 789 999
2 999 918
2 918 1413
2 1413 197
2 197 884
2 884 557
2 557 34
2 34 595
2 595 1330
2 1330 1792
2 1792 1620
2 1620 392
2 392 868
2 868 1053
2 1053 280
2 280 43
2 43 1769
2 1769 800
2 800 792
2 792 169
2 169 718
2 718 369
2 369 1345
2 1345 1368
2 1368 1484
2 1484 1538
2 1538 509
2 509 1455
2 1455 586
2 586 592
2 592 845
2 845 252
2 252 743
2 743 745
2 745 66
2 66 287
2 287 330
2 330 1281
2 1281 1205
2 1205 1094
2 1094 182
2 182 504
2 504 1504
2 1504 1498
2 1498 926
2 926 1129
2 1129 976
2 976 1627
2 1627 447
2 447 1448
2 1448 111
2 111 1085
2 1085 916
2 916 1224
2 1224 1110
2 1110 538
2 538 1137
2 1137 1703
2 1703 1790
2 1790 1629
2 1629 1585
2 1585 1174
2 1174 207
2 207 1675
2 1675 88
2 88 1328
2 1328 1714
2 1714 98
2 98 663
2 663 237
2 237 637
2 637 1398
2 1398 1001
2 1001 85
2 1389 653
2 653 769
2 769 1302
2 1302 349
2 349 619
2 619 1778
2 1778 351
2 351 1374
2 1374 1120
2 1120 1440
2 1440 993
2 993 1643
2 1643 1770
2 1770 1580
2 1580 437
2 437 638
2 638 446
2 446 1048
2 1048 42
2 42 1568
2 1568 1143
2 1143 473
2 473 316
2 316 910
2 910 26
2 26 1050
2 1050 785
2 785 82
2 82 1507
2 1507 373
2 373 444
2 444 895
2 895 967
2 967 270
2 270 1045
2 1045 505
2 505 1592
2 1592 902
2 902 1453
2 1453 690
2 300 1340
2 1340 1659
2 1659 339
2 339 1241
2 1241 126
2 126 973
2 973 1173
2 1173 816
2 816 1336
2 1336 870
2 870 1652
2 1652 285
2 285 431
2 431 1322
2 1322 889
2 889 412
2 412 1604
2 1604 1099
2 1099 170
2 170 636
2 636 1406
2 1406 739
2 739 386
2 386 1395
2 1395 327
2 327 1259
2 1259 372
2 372 847
2 847 1132
2 1132 461
2 461 1294
2 1294 1142
2 1142 873
2 873 1238
2 1238 1304
2 1304 687
2 687 1159
2 1159 1264
2 1264 1625
2 1625 1532
2 1532 925
2 925 1000
2 1000 1217
2 1217 318
2 318 1100
2 1100 1433
2 1433 772
2 772 406
2 406 935
2 935 1509
2 1509 1436
2 1436 482
2 482 94
2 94 293
2 293 1607
2 1607 124
2 124 1482
2 1482 71
2 71 608
2 608 137
2 137 259
2 259 400
2 400 1761
2 1761 1637
2 1637 709
2 709 1650
2 1650 454
2 454 1727
2 1727 407
2 407 67
2 67 1689
2 1689 923
2 923 1428
2 1428 1019
2 1019 478
2 478 1441
2 1441 174
2 174 459
2 459 1449
2 1449 1369
2 1369 225
2 225 1783
2 1783 322
2 322 1732
2 1732 1589
2 1589 1483
2 1483 359
2 359 988
2 988 33
2 33 1350
2 1350 1136
2 1136 1553
2 1553 146
2 146 321
2 321 1084
2 1084 1411
2 1411 1423
2 1423 997
2 997 272
2 272 1800
2 41 219
2 1286 606
2 1167 858
2 540 825
2 487 771
2 128 1230
2 151 1505
46 920 1787 1364 1351 1414 1615 1118 1271 1760 199 1385 1128 267 1242 515 1729 1082 334 1314 852 692 788 913 839 196 1551 1682 1681 686 1655 1004 1223 187 130 1107 1380 1493 350 1711 530 1468 1221 951 765 835 1036
2 1658 341
2 1348 1506
303 87 112 611 317 1762 788 302 1465 1708 617 352 1066 950 1434 107 501 1377 1263 1188 265 1088 1696 1461 90 836 541 408 811 1405 741 1149 774 1040 1057 570 190 1409 673 756 212 707 1556 878 886 1388 1058 343 1478 95 381 838 706 1429 1252 1780 776 168 319 1492 1514 62 1080 1685 1246 1535 797 1310 1068 794 747 1020 1447 866 1598 30 524 503 650 60 1510 1616 1211 1772 1744 271 1424 603 1365 1717 1320 762 1427 544 957 102 490 1765 1570 555 179 246 458 606 1577 682 1225 1189 1418 1011 777 761 1344 982 1479 1599 450 1006 1488 296 922 416 242 1655 36 28 329 409 425 402 439 1209 646 1296 294 184 913 1496 1520 331 1126 1327 1569 471 10 714 304 876 230 468 962 200 263 38 734 52 941 268 1575 562 830 115 1723 183 1681 1151 708 279 1695 432 370 72 1123 689 1649 469 1542 281 599 1272 1608 305 1771 1363 1445 1108 1705 1774 247 1009 516 598 545 426 518 1634 618 1074 367 1425 1004 292 1253 1700 1779 1025 1002 105 320 700 609 353 1471 1378 309 1125 1537 480 680 383 765 685 1113 284 1558 1061 1516 389 693 1016 1065 1721 96 523 1315 175 1297 1291 123 1600 548 573 659 1551 956 1300 891 1047 662 151 720 901 1747 567 1029 770 1360 191 1032 1679 1712 275 1791 455 581 177 1722 32 597 1555 532 1267 521 141 1750 1451 232 1207 135 375 3 415 11 130 215 1738 1724 1171 1543 1381 1713 737 1356 1077 31 1202 37 161 863 475 698 629 113 1379
2 356 1654
2 1762 990
2 1277 238
2 485 533
2 611 1153
2 536 429
2 567 613
2 939 1556
2 942 1709
2 1574 1144
2 1265 664
2 1766 587
2 1535 1601
2 931 945
2 1046 707
4 771 725 1223 1240
2 1153 138
2 1117 853
2 1079 1660
2 794 476
2 533 17
2 805 427
2 1662 503
2 1119 724
2 1244 1517
2 313 692
2 164 395
2 1726 484
2 113 1158
2 904 1382
2 1175 219
2 565 220
2 1529 1464
2 117 132
2 463 415
2 494 1777
2 1733 1687
2 1392 512
44 151 1370 1740 187 4 1025 1134 1351 1367 1661 77 1013 76 1380 547 1708 541 1079 838 278 215 612 344 289 152 438 1400 900 1383 1510 702 1326 626 1410 857 1275 381 1729 1228 1362 537 1517 519 1027
2 1687 1276
2 875 1204
2 1231 702
2 32 121
2 1288 1686
2 1024 483
2 1059 1171
2 77 493
2 23 1109
2 936 150
2 1206 1407
2 1041 281
2 907 869
2 220 732
2 1275 337
2 1034 1292
2 1131 257
2 477 1194
2 1222 701
10 1052 1630 749 233 824 1267 1648 888 1314 1215
2 752 954
2 1510 1536
2 768 998
2 427 301
2 1220 684
2 911 740
2 154 1134
2 693 929
2 770 271
2 1543 1040
2 397 1335
2 1462 829
2 1200 696
2 909 251
2 815 52
2 1522 1515
2 1514 683
2 422 216
2 424 799
2 1513 442
2 54 235
2 567 757
2 368 778
2 1130 389
2 1086 617
2 1797 974
2 147 1114
2 1107 1139
2 334 1613
2 1466 609
2 531 905
2 1700 1040
2 652 1312
2 371 1552
2 756 1175
2 313 86
2 1354 1613
2 914 481
2 1194 1417
2 559 243
2 842 147
2 3 1690
2 837 952
2 1799 823
2 106 594
2 748 644
2 248 1647
2 155 807
2 1373 676
2 1097 830
2 462 1775
2 1779 1656
2 1289 1315
2 856 410
2 983 1471
2 1184 292
2 741 181
2 1112 661
2 85 254
2 254 1389
2 317 555
2 1182 1701
2 716 120
2 1272 932
2 545 135
2 1047 1651
2 73 148
2 1030 115
2 63 21
2 93 188
2 1187 512
2 1656 376
2 753 1315
2 662 631
2 1446 1619
2 419 1696
2 1653 92
2 643 646
2 656 27
2 262 32
2 1598 70
2 733 221
2 288 1327
2 890 68
2 117 852
2 1347 1647
2 1798 1707
2 1438 1527
2 1614 56
2 206 1166
2 1387 89
2 1645 395
2 10 900
2 63 793
2 479 419
2 1018 697
2 72 766
2 1744 977
2 92 1713
2 1283 1227
2 194 773
2 1594 814
2 185 138
2 1422 1633
2 1030 1775
2 1665 1647
2 930 1424
2 1606 139
2 500 428
2 744 3
2 231 306
2 888 1676
2 1251 890
2 128 77
2 385 486
2 1603 736
2 1698 1432
2 160 808
2 423 411
2 1623 383
2 1296 1394
3 1392 1282 1621
2 105 238
2 181 657
2 693 956
2 1189 413
2 1206 808
2 1393 1234
2 911 1686
2 1146 736
2 466 294
2 598 481
2 490 178
2 611 1549
2 891 813
2 1306 1035
2 632 671
2 1359 1443
2 245 732
2 898 1273
2 670 657
2 535 1378
2 964 563
2 1186 141
2 1080 195
2 1633 493
2 1445 1582
2 522 1081
2 311 250
2 70 138
2 1035 1582
2 213 525
2 1443 585
2 300 690
2 1015 1092
2 906 722
2 820 1601
2 898 843
2 524 901
2 216 645
2 753 922
2 1287 235
2 1065 424
2 155 855
2 551 556
2 389 1155
2 742 1480
2 1599 1268
2 1291 634
4 40 781 1118 54
