2000 1470
2 1892 775
2 775 428
2 428 1405
2 1405 614
2 614 1907
2 1907 1857
2 1857 4
2 4 1878
2 1878 128
2 128 276
2 276 584
2 584 467
2 467 448
2 448 1334
2 1334 35
2 35 1950
2 1950 1593
2 1593 1982
2 1982 48
2 48 429
2 429 1355
2 1355 365
2 365 223
2 223 1740
2 1740 227
2 227 1536
2 1536 140
2 140 612
2 1433 514
2 514 1482
2 1482 919
2 919 732
2 732 167
2 167 1403
2 1403 865
2 865 1090
2 996 785
2 785 924
2 1678 1429
2 1429 1196
2 1196 627
2 627 1399
2 1399 1370
2 1370 1703
2 31 45
2 45 1330
2 1330 425
2 1417 1312
2 1312 1545
2 1545 1410
2 1410 644
2 1411 1448
2 1448 1368
2 1368 1986
2 1986 1239
2 1239 102
2 102 1863
2 1863 939
2 939 395
2 395 1209
2 1209 1523
2 1523 1784
2 1784 526
2 526 1249
2 1457 1560
2 1560 964
2 964 112
2 112 277
2 871 85
2 85 662
2 662 1834
2 1834 1198
2 1198 1506
2 1506 834
2 834 1622
2 1622 672
2 672 931
2 931 519
2 519 1474
2 1474 385
2 385 795
2 795 743
2 743 1959
2 1959 1760
2 1760 758
2 758 1946
2 1946 1287
2 1287 168
2 168 666
2 666 200
2 200 1616
2 1616 1979
2 1979 18
2 18 1353
2 1353 246
2 246 417
2 417 1299
2 1299 1553
2 683 1875
2 1875 1533
2 1533 1286
2 1286 383
2 383 1432
2 1432 885
2 885 1644
2 1644 1085
2 1085 1598
2 1598 1437
2 1437 1478
2 1478 477
2 1933 1071
2 1071 951
2 951 965
2 236 1947
2 1947 1957
2 1957 1384
2 1384 1584
2 1584 316
2 316 1666
2 1666 1487
2 1487 8
2 8 823
2 823 1345
2 1345 863
2 677 1518
2 1518 769
2 769 1731
2 1731 531
2 531 1346
2 1346 797
2 797 1861
2 1861 815
2 815 1948
2 1948 1115
2 1115 7
2 7 803
2 803 1445
2 1445 1496
2 1496 696
2 696 1160
2 1160 1074
2 1074 741
2 741 302
2 302 1570
2 1570 1884
2 1884 268
2 268 1450
2 1450 1529
2 1529 293
2 293 1267
2 1267 689
2 689 1227
2 1227 1596
2 1596 1627
2 1627 1024
2 1024 768
2 768 1519
2 1519 1275
2 1275 899
2 899 1045
2 1045 1535
2 1535 291
2 291 1271
2 1271 641
2 641 465
2 465 251
2 251 636
2 636 1820
2 1820 317
2 317 1284
2 1284 1435
2 1435 169
2 169 1599
2 1599 422
2 422 624
2 624 856
2 856 287
2 287 308
2 308 1822
2 1822 869
2 869 1915
2 836 825
2 825 962
2 760 1683
2 1683 58
2 58 1885
2 1885 1601
2 1601 1815
2 1815 1361
2 1361 1803
2 1803 499
2 499 1076
2 480 639
2 639 774
2 774 1943
2 1777 238
2 238 161
2 161 956
2 956 1717
2 1717 463
2 463 53
2 53 1674
2 1674 96
2 96 1205
2 1205 364
2 364 640
2 640 51
2 51 770
2 770 1127
2 1127 1631
2 1631 472
2 472 1557
2 1557 520
2 520 886
2 886 1977
2 1827 259
2 259 1872
2 1872 547
2 547 1828
2 1828 491
2 491 1891
2 1891 194
2 194 687
2 687 450
2 1043 1032
2 1032 630
2 630 47
2 47 1579
2 1579 921
2 1001 1100
2 1100 1426
2 1426 742
2 742 355
2 355 299
2 299 537
2 537 854
2 854 975
2 975 1281
2 1281 1840
2 1391 720
2 297 1995
2 1995 225
2 225 1244
2 1244 824
2 824 1214
2 1214 1132
2 1132 1889
2 1889 36
2 36 1254
2 1254 3
2 3 1191
2 1191 1171
2 1171 1530
2 1530 1240
2 1240 1573
2 1573 1745
2 1745 155
2 155 1624
2 1624 1190
2 1190 747
2 747 160
2 160 1494
2 1494 621
2 621 1742
2 1742 1371
2 1371 1653
2 1653 1639
2 1971 1154
2 1154 565
2 917 874
2 874 1217
2 1217 1218
2 1218 1029
2 1029 1772
2 1772 569
2 569 154
2 154 878
2 878 635
2 635 1974
2 1974 574
2 574 985
2 985 111
2 111 903
2 903 1643
2 1052 1316
2 1316 1337
2 1337 711
2 711 433
2 433 1119
2 1119 1023
2 1023 504
2 504 137
2 137 1317
2 1317 1464
2 1464 853
2 853 124
2 124 118
2 118 1111
2 1111 651
2 651 1886
2 1886 1987
2 1987 618
2 618 1081
2 5 1099
2 1099 1517
2 1517 1067
2 1067 1852
2 1852 1219
2 1219 1228
2 1228 92
2 267 1215
2 1215 1812
2 1812 292
2 292 249
2 249 1290
2 1290 451
2 451 544
2 544 487
2 1765 1157
2 1157 746
2 746 1350
2 1350 1128
2 1128 75
2 75 979
2 979 1903
2 1903 1255
2 1255 983
2 983 1685
2 1685 1203
2 1393 1752
2 1752 1825
2 1825 756
2 756 576
2 1847 1253
2 1476 562
2 562 1712
2 1712 529
2 529 1156
2 1156 256
2 256 668
2 668 1367
2 1367 1397
2 1397 864
2 864 1339
2 1339 647
2 647 1058
2 1058 841
2 841 354
2 354 1167
2 1167 201
2 201 679
2 679 298
2 298 362
2 362 1781
2 1781 523
2 523 1980
2 1980 1259
2 1259 577
2 577 1939
2 1939 1716
2 370 170
2 170 892
2 892 1817
2 1817 1383
2 1383 1874
2 1874 1015
2 1015 645
2 645 594
2 594 1300
2 1300 733
2 733 387
2 387 1801
2 1801 436
2 436 206
2 206 289
2 476 76
2 76 455
2 455 1741
2 1741 944
2 944 247
2 247 789
2 789 830
2 830 294
2 294 1718
2 1718 1771
2 1771 1461
2 1461 1592
2 1592 1732
2 1732 1359
2 1359 489
2 489 209
2 209 356
2 356 1454
2 1454 731
2 731 816
2 1395 1256
2 1256 1702
2 1702 1963
2 1589 1131
2 1131 260
2 260 52
2 52 511
2 511 343
2 343 182
2 182 969
2 969 478
2 478 1272
2 1272 61
2 61 1421
2 1421 941
2 941 910
2 910 1444
2 1444 1068
2 1068 50
2 50 66
2 66 839
2 839 901
2 901 1265
2 1265 1697
2 1697 726
2 726 1329
2 1329 1207
2 1207 1576
2 1576 1295
2 1295 375
2 375 146
2 146 151
2 151 634
2 634 207
2 207 338
2 338 67
2 67 1795
2 1795 527
2 527 782
2 782 585
2 585 318
2 318 178
2 178 591
2 591 466
2 466 1040
2 605 56
2 56 164
2 164 1332
2 1332 609
2 609 134
2 134 1591
2 1591 755
2 755 119
2 119 1993
2 1993 1623
2 1623 545
2 545 132
2 132 191
2 191 1441
2 1441 1280
2 456 1362
2 1362 243
2 243 762
2 762 842
2 842 1819
2 1819 83
2 83 1787
2 1787 1988
2 1988 1400
2 1400 1966
2 1966 1083
2 1083 1508
2 1508 1304
2 1304 1628
2 1628 1174
2 1174 1311
2 1311 1302
2 1302 821
2 821 1499
2 1499 1590
2 1590 1635
2 1635 595
2 595 1179
2 1179 1335
2 1335 334
2 334 713
2 713 1575
2 1575 1390
2 1390 329
2 329 273
2 273 1675
2 1675 1063
2 1063 1710
2 1710 1721
2 1721 38
2 38 1394
2 1394 809
2 809 123
2 123 1512
2 1512 822
2 822 353
2 353 288
2 288 1848
2 1848 242
2 242 1020
2 1020 1309
2 1309 896
2 896 1109
2 1699 1906
2 1906 1065
2 1065 678
2 678 1837
2 1084 1258
2 1258 1009
2 1009 1423
2 1423 1747
2 1747 1826
2 1826 205
2 205 1064
2 1064 21
2 21 77
2 77 1696
2 1696 1470
2 1470 280
2 280 904
2 904 15
2 15 1607
2 1607 30
2 30 486
2 486 310
2 310 558
2 558 457
2 953 181
2 181 1168
2 1168 1839
2 1839 231
2 231 1177
2 1177 582
2 582 655
2 655 1012
2 1012 1890
2 1890 1526
2 1526 384
2 384 1515
2 1515 1129
2 1129 177
2 1375 502
2 502 1252
2 838 1229
2 1229 418
2 418 764
2 764 835
2 835 351
2 351 1813
2 1813 900
2 900 145
2 145 215
2 215 381
2 381 1870
2 1870 1326
2 1326 1057
2 1057 912
2 912 1386
2 462 691
2 691 875
2 875 409
2 409 518
2 55 59
2 59 1363
2 1363 97
2 97 503
2 503 1152
2 1152 1720
2 1720 1048
2 1048 1471
2 1471 1962
2 1962 699
2 699 392
2 392 506
2 506 1677
2 1677 1095
2 1095 1604
2 1604 1189
2 1189 1756
2 1756 1902
2 1902 828
2 828 1867
2 1867 1144
2 1144 373
2 373 1706
2 1706 74
2 74 1926
2 1926 1836
2 1836 698
2 698 1080
2 1080 801
2 801 629
2 629 1285
2 1285 1046
2 1046 1991
2 1991 665
2 665 730
2 730 1670
2 1670 902
2 902 1730
2 1730 1349
2 1349 263
2 263 1554
2 1554 266
2 266 1970
2 1682 1726
2 1726 1764
2 1764 1701
2 1701 1211
2 1211 344
2 344 1000
2 1000 377
2 377 63
2 63 868
2 868 1676
2 1676 1829
2 1829 1615
2 1577 1585
2 1585 1650
2 1650 1951
2 1951 312
2 312 780
2 780 968
2 968 740
2 740 185
2 185 779
2 779 1788
2 1788 120
2 1200 1404
2 1404 557
2 1094 781
2 122 62
2 62 1206
2 1206 1521
2 1521 1646
2 1646 144
2 144 1459
2 1459 929
2 929 1804
2 1804 971
2 971 1705
2 1705 1641
2 1641 33
2 33 1021
2 1021 675
2 675 180
2 180 1221
2 1221 99
2 99 872
2 872 1480
2 1480 1051
2 1051 1235
2 1235 60
2 60 1467
2 1467 1961
2 1961 1736
2 1736 49
2 1325 1547
2 1547 1797
2 1797 564
2 564 986
2 986 1700
2 1700 394
2 394 958
2 958 773
2 773 1097
2 1097 516
2 516 1663
2 1663 603
2 603 255
2 255 560
2 560 1031
2 1031 95
2 95 108
2 108 1185
2 1185 386
2 386 623
2 623 174
2 174 341
2 341 1511
2 1511 88
2 88 410
2 1104 43
2 43 2
2 2 1138
2 1138 1460
2 1460 239
2 239 1619
2 1619 602
2 602 695
2 695 1648
2 1648 1232
2 1232 673
2 673 661
2 661 1106
2 1106 674
2 674 599
2 1036 1658
2 1456 1366
2 1366 1559
2 1559 829
2 279 1550
2 1550 1357
2 1357 1507
2 1507 811
2 811 444
2 444 967
2 967 709
2 709 1851
2 1851 131
2 131 445
2 445 1618
2 1618 947
2 947 1150
2 1150 1770
2 1770 757
2 757 852
2 852 1419
2 1419 269
2 269 1603
2 1044 1301
2 1301 759
2 759 1291
2 1291 1542
2 1542 607
2 607 657
2 657 1953
2 1953 78
2 78 1541
2 1541 796
2 796 573
2 573 1172
2 1172 1755
2 1755 1481
2 1481 543
2 543 1881
2 1881 1617
2 1617 712
2 712 721
2 721 1500
2 1500 434
2 434 1904
2 1904 611
2 611 41
2 41 934
2 934 1028
2 1028 1713
2 1713 549
2 549 295
2 295 197
2 197 1563
2 1563 806
2 806 492
2 492 626
2 626 984
2 984 837
2 837 1079
2 1079 1319
2 1319 1899
2 1899 534
2 1123 1630
2 1630 1149
2 1149 1714
2 1714 230
2 230 652
2 652 1738
2 1738 1937
2 1937 535
2 555 322
2 322 571
2 571 421
2 421 533
2 533 296
2 296 517
2 517 1047
2 1047 1075
2 149 1888
2 1888 1978
2 1978 1751
2 1751 1037
2 1037 1734
2 1734 664
2 664 521
2 521 1832
2 1832 1879
2 1879 1324
2 1324 1513
2 1513 1013
2 1013 1140
2 1140 391
2 391 1169
2 1169 113
2 113 505
2 505 1126
2 1126 793
2 793 993
2 993 284
2 284 28
2 28 214
2 214 1165
2 1165 1289
2 1289 1263
2 1263 1136
2 1136 483
2 483 597
2 597 1308
2 1308 888
2 888 142
2 142 1277
2 1277 1972
2 1940 1916
2 1916 439
2 439 745
2 745 667
2 667 1671
2 1671 1766
2 1766 1958
2 1958 475
2 475 501
2 501 1955
2 1955 1038
2 1038 1574
2 1574 606
2 606 946
2 946 1538
2 1538 65
2 65 1250
2 1250 705
2 705 660
2 660 1025
2 1025 129
2 129 1629
2 1629 567
2 567 1548
2 1548 138
2 138 1626
2 1626 1522
2 1522 933
2 933 1569
2 1569 617
2 617 1859
2 1859 870
2 870 1017
2 1017 525
2 525 9
2 9 1373
2 1373 1965
2 1965 1805
2 1805 1124
2 1124 685
2 685 1821
2 1821 1621
2 1621 1164
2 253 196
2 196 817
2 817 189
2 189 1049
2 1049 1107
2 1107 1388
2 1388 948
2 948 458
2 937 175
2 175 1546
2 1546 1684
2 1684 513
2 513 1505
2 1505 890
2 890 848
2 848 1320
2 1320 1351
2 1351 199
2 199 1783
2 1783 753
2 753 6
2 6 653
2 653 1843
2 1843 862
2 862 107
2 107 1633
2 1633 1436
2 1436 220
2 220 1087
2 1087 1811
2 1811 1382
2 1382 861
2 861 1669
2 1669 1613
2 1613 1327
2 1327 81
2 81 321
2 321 1054
2 1054 1264
2 1264 1340
2 1340 1831
2 1831 1108
2 1108 1303
2 1303 1379
2 1379 82
2 82 512
2 512 326
2 326 447
2 447 93
2 93 1835
2 1835 539
2 539 893
2 893 1313
2 1313 1088
2 1088 1588
2 1588 952
2 952 587
2 587 1880
2 1880 1223
2 1223 1328
2 1328 1793
2 1793 1632
2 1632 1930
2 1930 1093
2 1093 336
2 336 470
2 470 546
2 546 754
2 754 536
2 536 315
2 315 1341
2 860 1883
2 1883 369
2 369 524
2 524 340
2 340 1780
2 1780 324
2 324 1006
2 1006 1929
2 1929 1493
2 1493 135
2 135 300
2 300 650
2 650 702
2 702 1981
2 1981 1893
2 1893 1082
2 1082 411
2 411 1898
2 1898 570
2 570 73
2 73 724
2 724 1876
2 1876 398
2 398 332
2 332 1408
2 1408 722
2 722 84
2 84 157
2 157 1035
2 1035 1582
2 1582 1242
2 1242 1691
2 1691 826
2 826 1853
2 1853 1134
2 1134 751
2 751 658
2 658 46
2 46 1984
2 1984 493
2 493 954
2 954 1735
2 1735 1420
2 1420 121
2 121 331
2 331 1248
2 1248 1497
2 1497 16
2 16 481
2 481 442
2 442 91
2 91 995
2 995 1688
2 1688 286
2 286 843
2 843 1486
2 1486 405
2 405 867
2 867 1201
2 1201 1103
2 1103 1625
2 1625 1814
2 1814 20
2 20 1769
2 1769 139
2 139 346
2 346 1027
2 1027 849
2 849 1208
2 1208 553
2 553 1849
2 1849 357
2 357 150
2 150 358
2 358 179
2 179 176
2 176 1360
2 1360 127
2 127 25
2 25 788
2 788 449
2 449 1729
2 1729 932
2 932 133
2 133 1594
2 949 1798
2 1798 697
2 697 1413
2 1413 87
2 87 894
2 894 1018
2 1018 1715
2 1715 643
2 643 19
2 19 1802
2 1802 114
2 114 1556
2 1556 847
2 847 1695
2 1695 718
2 718 89
2 89 94
2 94 148
2 148 1917
2 1917 413
2 413 1121
2 1121 1089
2 1089 710
2 710 1673
2 1673 1818
2 1818 1794
2 1794 1010
2 1010 936
2 936 857
2 857 1587
2 1587 1380
2 1380 1856
2 1856 1790
2 1790 424
2 424 380
2 380 693
2 693 402
2 402 866
2 866 957
2 957 1862
2 1862 101
2 101 1504
2 1504 1694
2 1694 1008
2 1008 694
2 694 620
2 620 27
2 27 1583
2 1583 484
2 484 379
2 379 1086
2 1086 783
2 783 997
2 997 1110
2 1110 1483
2 1483 1182
2 1182 1610
2 1610 1233
2 1233 1224
2 1224 990
2 990 1944
2 1944 1204
2 1204 646
2 646 1708
2 1708 1451
2 1451 728
2 728 464
2 464 922
2 922 1558
2 1558 347
2 347 1062
2 1062 1905
2 1905 1882
2 1882 1188
2 1188 509
2 509 692
2 692 1412
2 1412 1003
2 1003 552
2 552 1679
2 800 1722
2 1722 427
2 427 1091
2 1091 1069
2 1069 1941
2 1941 1374
2 1374 1549
2 1549 396
2 396 548
2 548 390
2 390 404
2 404 1122
2 1122 235
2 235 911
2 911 873
2 873 430
2 430 1973
2 1973 1762
2 1762 1495
2 1495 1266
2 1266 858
2 858 335
2 335 320
2 320 701
2 701 719
2 719 1202
2 1202 1845
2 1845 1066
2 1066 190
2 190 278
2 278 232
2 232 1609
2 1609 988
2 988 767
2 767 1385
2 1385 686
2 686 323
2 323 1869
2 1869 593
2 593 554
2 554 363
2 363 1539
2 1539 1543
2 1543 301
2 301 461
2 461 274
2 274 814
2 814 1430
2 1430 792
2 792 1855
2 1855 1278
2 1278 982
2 982 1999
2 1999 786
2 786 452
2 452 1072
2 1072 802
2 802 1262
2 1262 1605
2 1605 1968
2 1968 1786
2 1786 1938
2 1938 303
2 303 916
2 916 1865
2 1865 1180
2 1180 1737
2 1737 794
2 794 923
2 923 1465
2 1465 799
2 799 1139
2 1139 374
2 374 366
2 366 1743
2 1743 1897
2 1897 498
2 498 1305
2 1305 389
2 389 1166
2 1166 974
2 974 1602
2 1602 928
2 928 1838
2 1838 1475
2 1475 1739
2 1739 17
2 17 638
2 638 538
2 538 106
2 106 1133
2 1133 313
2 313 1996
2 1996 625
2 625 1161
2 1161 325
2 325 1333
2 1333 895
2 895 1092
2 1092 1767
2 1767 1744
2 1744 349
2 349 1274
2 1274 556
2 556 859
2 859 994
2 994 907
2 907 1453
2 1453 1323
2 1323 348
2 348 819
2 819 1637
2 1637 1279
2 1279 1216
2 1216 1342
2 1342 359
2 359 551
2 551 153
2 153 1568
2 1568 1041
2 1041 371
2 371 1967
2 1967 970
2 970 166
2 166 221
2 221 1537
2 1537 1516
2 1516 1725
2 1725 1524
2 1524 1527
2 1527 1954
2 1954 1424
2 1424 887
2 887 345
2 345 339
2 339 1672
2 1672 1210
2 1210 649
2 649 588
2 588 572
2 572 361
2 361 309
2 309 750
2 750 1692
2 1692 1034
2 1034 1447
2 1447 840
2 840 1844
2 1844 930
2 930 187
2 187 376
2 376 195
2 195 559
2 559 918
2 918 1490
2 1490 927
2 927 608
2 608 1661
2 1661 619
2 619 566
2 566 725
2 725 1406
2 1406 1234
2 1234 1638
2 1638 1841
2 1841 978
2 978 812
2 812 1509
2 1509 615
2 615 1226
2 1226 992
2 992 1415
2 1415 1642
2 1642 507
2 507 671
2 671 372
2 372 393
2 393 1055
2 1055 1565
2 1565 1014
2 1014 1934
2 1934 1918
2 1918 367
2 367 1442
2 1442 850
2 850 700
2 700 1564
2 1564 1364
2 1364 1776
2 1776 1053
2 1053 945
2 945 601
2 601 1887
2 1887 642
2 642 1356
2 1356 717
2 717 528
2 528 1785
2 1785 1213
2 1213 1586
2 1586 1689
2 1689 540
2 540 116
2 116 403
2 403 270
2 270 399
2 399 1231
2 1231 1336
2 1336 1019
2 1019 1727
2 1727 1989
2 1989 1612
2 1612 1647
2 1647 1640
2 1640 213
2 213 1427
2 1427 86
2 86 960
2 960 1002
2 1002 1269
2 1269 2000
183 388 306 765 738 707 530 1348 998 610 1098 412 578 715 1125 1439 431 1551 1910 1431 1142 162 1070 1155 532 141 1667 1007 688 275 1561 905 1187 914 637 1877 1824 1236 104 1900 1192 109 1800 159 909 1220 1485 241 881 1571 1534 1778 1660 676 216 193 1268 218 1896 1659 1681 1113 656 1033 1061 735 360 224 337 198 1297 1759 1698 613 1830 282 1808 479 1310 1791 1997 1026 1816 1964 1956 1425 1789 1194 926 1473 208 261 736 485 419 827 70 737 1949 305 1270 1768 437 1050 172 1365 1241 1544 590 1572 229 1704 798 1693 669 71 959 1096 604 432 100 1314 589 183 1212 1118 147 32 1923 1137 1914 1912 188 1158 1116 1932 319 474 844 105 1186 1597 704 1225 1895 989 729 1580 1566 1469 1472 1434 1369 1909 1237 1833 14 1860 283 152 1449 469 1492 515 125 766 1178 581 1462 846 542 1606 1809 1283 1719 1919 90 1562 1723 110 285 1438 716 1892
211 1936 210 676 408 883 435 600 1183 1680 283 1707 659 1143 891 1782 441 1039 906 633 1398 616 772 1896 1120 1655 1011 500 1344 680 1773 1922 1449 707 791 1396 1686 165 1251 920 805 98 776 10 368 1665 12 1298 285 583 1913 1238 24 1288 1402 1578 880 998 1273 412 739 1060 1580 1690 1414 217 1651 460 1181 141 938 550 855 1306 749 876 1077 914 378 966 704 1489 1377 723 1101 1846 203 703 1114 1220 1660 714 143 1850 818 632 233 1927 1774 1810 1871 1501 1775 1842 1145 1750 1728 228 913 69 103 877 690 851 258 1005 1924 1246 882 761 991 1763 670 40 1455 1799 889 281 1141 163 1531 1243 1117 1758 663 79 1532 1873 1945 333 810 727 1998 117 237 264 999 22 1942 622 1992 1407 1315 186 1960 1657 471 1551 804 1468 631 955 1757 1654 26 1042 1723 342 926 1147 212 1600 252 1358 130 898 171 942 522 1925 1338 1985 244 1293 1428 1130 1510 1854 1931 1331 382 1247 327 681 568 1768 1753 940 1608 1754 1540 1260 1668 438 1864 282 1148 1520 1446 1282 468 1153
2 1977 1827
2 1520 1920
2 1972 1940
85 1146 490 497 1645 271 734 156 1059 879 1502 784 851 1824 262 1687 204 414 976 1193 115 446 1796 1176 173 1260 1525 920 34 1614 257 744 1192 1322 1392 598 1170 1540 1102 1352 999 1151 330 453 1976 24 1983 586 1750 831 1135 222 40 1952 184 908 1690 1175 748 682 473 1733 1381 1945 1230 1662 808 1484 68 1748 938 64 1724 1292 1552 311 1636 426 29 1463 211 955 541 1595 1768 845
2 610 778
2 1498 1894
2 435 777
2 186 1296
2 1073 219
2 370 1716
2 1341 860
2 1321 64
2 973 80
2 410 1104
2 297 720
2 596 1925
2 5 1081
2 1532 158
98 254 813 1195 575 884 654 454 352 440 1921 883 219 925 1911 1510 1931 1016 1022 980 580 496 240 1409 1945 972 833 1392 1261 1452 416 787 473 400 935 1746 226 1401 1502 1491 1774 1581 1175 314 1969 23 265 1199 628 1477 1257 579 234 563 1418 807 897 1611 1896 1338 1389 1245 248 1 285 54 441 604 771 488 561 494 981 1761 250 126 1030 706 1975 1056 1994 401 648 11 272 443 1479 510 163 1372 1664 1440 752 670 1159 1105 1422 1571 1749
2 1322 897
2 479 37
2 1411 644
2 1699 1109
2 1061 1908
2 1682 1970
2 1347 152
2 1318 1970
2 1866 682
2 1634 198
2 480 1076
2 592 13
2 420 495
2 1868 942
2 576 1847
2 1456 1658
2 683 1553
12 1387 1945 13 1503 1458 39 1704 406 397 1668 1823 1162
2 279 829
2 1728 42
2 816 1395
2 877 1307
2 487 1765
2 1921 1901
2 1594 949
2 304 1050
2 1241 44
2 477 1933
2 763 1643
2 1143 973
2 555 535
2 1703 31
2 1956 1077
2 863 677
2 871 277
2 1001 921
2 1325 49
2 781 122
2 1123 534
2 307 1935
2 192 1230
2 456 1280
2 1249 1457
2 684 1552
2 1707 790
2 440 1680
2 236 965
2 177 1375
2 1354 980
2 917 565
2 1343 1911
2 1203 1709
2 202 999
2 1910 1528
2 219 1779
2 423 1116
2 1433 612
2 407 563
2 415 1060
2 1837 1084
2 289 476
2 1102 1376
2 423 1894
2 1462 1061
15 1163 57 950 328 832 784 245 1649 1985 307 1698 987 1652 1004 1276
2 40 1611
2 1823 1578
2 1112 749
2 1096 72
2 1476 1253
2 669 961
2 1514 271
2 599 1036
2 319 1488
7 39 765 1656 1567 530 1928 1711
3 962 1197 760
2 1393 1709
2 1173 532
2 557 1094
2 1200 120
2 977 1026
2 818 1782
2 1840 1391
2 1164 253
2 1252 838
2 976 1920
2 459 1449
2 250 880
2 482 765
2 943 382
2 450 1043
2 457 953
2 1090 996
2 1396 1608
2 1378 305
2 1222 708
2 426 1555
2 1807 208
2 1503 218
2 1489 915
2 267 92
2 290 1145
2 1044 1603
2 149 1075
2 462 1386
2 1678 924
2 1116 1466
2 1443 333
2 219 136
2 1915 836
2 1040 605
2 508 1176
2 1990 282
2 1971 1639
2 425 1417
2 800 1679
2 1466 1184
2 581 772
2 350 1778
2 820 1135
2 1589 1963
2 1184 1416
2 1620 889
2 1969 1806
2 1503 963
2 808 510
2 458 937
2 1222 707
2 1577 1615
2 1750 1858
2 55 518
2 1052 763
2 1777 1943
2 240 495
2 1792 1503
2 277 1294
2 1748 241
2 1791 1078
4 378 184 162 1116
