1500 786
2 940 796
2 796 1110
2 1110 587
2 587 818
2 818 1329
2 1329 1212
2 1212 39
2 39 423
2 423 781
2 781 399
2 399 966
2 966 1046
2 1046 1334
2 1334 676
2 487 1312
2 1312 1378
2 1378 499
2 499 3
2 3 666
2 666 1157
2 1157 100
2 100 916
2 916 1332
2 1332 720
2 720 79
2 79 1199
2 1199 1365
2 1365 1236
2 1236 1155
2 1155 245
2 245 1238
2 1238 1304
2 1304 57
2 57 843
2 843 418
2 418 73
2 73 553
2 553 155
2 155 212
2 212 755
2 755 549
2 549 619
2 619 655
2 655 1121
2 1121 1127
2 1127 980
2 980 1139
2 1139 1085
2 1085 749
2 749 958
2 958 1006
2 1006 1197
2 1197 145
2 145 1354
2 1354 820
2 820 1038
2 1038 1178
2 1178 953
2 953 49
2 49 1444
2 1444 66
2 66 443
2 443 264
2 264 856
2 856 1491
2 1491 1318
2 1318 1437
2 1437 698
2 698 1367
2 1367 193
2 193 1254
2 1254 1044
2 310 354
2 354 821
2 821 427
2 427 736
2 736 313
2 313 566
2 566 593
2 593 326
2 326 1181
2 1181 628
2 628 590
2 590 1316
2 1316 626
2 626 1487
2 1487 273
2 273 1434
2 857 552
2 552 390
2 390 166
2 166 585
2 585 657
2 657 543
2 543 642
2 642 987
2 987 1293
2 1293 1366
2 1366 1415
2 1415 875
2 875 1459
2 1459 830
2 830 1474
2 202 15
2 15 674
2 674 1296
2 1296 1439
2 1439 804
2 804 1499
2 1499 1245
2 1245 1303
2 1303 939
2 939 1111
2 1111 827
2 827 1372
2 1372 1266
2 1266 937
2 937 497
2 497 1160
2 304 1144
2 1144 1420
2 1420 1217
2 1217 759
2 759 85
2 85 819
2 819 525
2 525 119
2 119 320
2 320 1419
2 1419 1377
2 1377 1170
2 1170 664
2 664 307
2 307 962
2 962 32
2 32 677
2 677 14
2 14 529
2 529 1094
2 1094 346
2 346 376
2 376 276
2 276 190
2 190 1182
2 1182 516
2 516 652
2 652 345
2 345 299
2 299 606
2 606 777
2 777 456
2 456 871
2 871 236
2 236 221
2 221 473
2 473 1278
2 1278 753
2 753 1156
2 1156 1118
2 1118 770
2 770 1073
2 1073 855
2 855 1152
2 1152 661
2 661 1140
2 1140 1057
2 1057 562
2 562 1214
2 1214 514
2 514 295
2 295 848
2 848 156
2 156 933
2 933 265
2 265 989
2 989 979
2 979 382
2 382 1261
2 1261 404
2 404 539
2 539 938
2 938 1179
2 1179 122
2 122 747
2 747 481
2 481 353
2 353 807
2 807 800
2 800 764
2 764 260
2 260 1113
2 1113 435
2 435 55
2 55 278
2 278 1465
2 1465 1096
2 1096 1483
2 1483 1230
2 1192 244
2 244 450
2 450 1279
2 1279 1358
2 1358 133
2 133 192
2 192 372
2 372 1208
2 1208 911
2 911 750
2 750 1226
2 1226 294
2 294 581
2 581 1363
2 1363 363
2 363 1229
2 1229 787
2 787 601
2 601 554
2 554 915
2 915 258
2 477 351
2 351 580
2 580 520
2 520 1128
2 1128 671
2 671 575
2 575 40
2 40 668
2 668 1088
2 150 569
2 569 882
2 882 695
2 695 860
2 860 1309
2 1309 1023
2 1023 614
2 614 430
2 430 1373
2 1373 151
2 151 1010
2 1010 710
2 914 782
2 1379 530
2 530 368
2 368 1066
2 1066 361
2 361 261
2 261 618
2 618 1227
2 1227 339
2 339 217
2 217 1445
2 1445 1142
2 1142 789
2 789 1147
2 1147 1189
2 1189 1327
2 1327 138
2 138 41
2 41 1455
2 1455 842
2 842 708
2 708 338
2 338 325
2 325 600
2 600 280
2 280 760
2 760 900
2 900 726
2 726 451
2 451 1471
2 1471 1087
2 1087 718
2 718 223
2 223 1036
2 1036 1475
2 1475 862
2 862 246
2 246 1130
2 1130 824
2 824 1202
2 1202 746
2 746 1498
2 1498 334
2 334 76
2 76 774
2 774 1053
2 1053 788
2 788 406
2 406 885
2 885 675
2 675 1362
2 1362 309
2 309 1271
2 1271 963
2 963 152
2 152 1462
2 1462 274
2 274 599
2 599 899
2 899 1183
2 1183 213
2 213 90
2 90 1196
2 1196 429
2 429 699
2 699 448
2 448 1453
2 1453 1125
2 1125 928
2 928 19
2 19 44
2 44 971
2 971 322
2 322 29
2 29 1374
2 1374 410
2 410 542
2 542 1447
2 1447 168
2 168 1265
2 1265 188
2 188 1383
2 1383 617
2 896 210
2 210 988
2 1390 95
2 95 936
2 936 769
2 769 792
2 792 364
2 364 124
2 124 582
2 582 1041
2 1041 662
2 662 509
2 509 1204
2 1204 1016
2 1016 1131
2 1131 164
2 164 458
2 458 1410
2 1410 595
2 595 783
2 1302 125
2 125 270
2 270 317
2 317 1473
2 1473 232
2 232 319
2 319 1386
2 1386 907
2 907 1458
2 1458 888
2 888 237
2 237 574
2 574 369
2 369 1037
2 1037 272
2 272 370
2 370 108
2 108 1344
2 1344 1013
2 1013 1020
2 1020 2
2 2 403
2 403 1404
2 1404 508
2 508 568
2 568 118
2 118 1019
2 1019 1289
2 1289 123
2 123 913
2 913 229
2 229 786
2 786 1340
2 1340 588
2 588 67
2 67 1463
2 1463 1399
2 1399 59
2 59 1301
2 1301 126
2 126 521
2 521 240
2 240 1012
2 1012 959
2 959 1222
2 1222 791
2 791 402
2 402 1249
2 1249 146
2 146 1107
2 1107 52
2 52 1184
2 1184 107
2 107 381
2 381 486
2 486 284
2 284 13
2 13 536
2 536 1493
2 1493 892
2 892 507
2 507 974
2 974 1486
2 1486 290
2 290 909
2 909 826
2 826 148
2 148 195
2 195 643
2 643 728
2 728 889
2 889 737
2 737 1224
2 1224 428
2 428 908
2 908 301
2 301 535
2 535 723
2 723 707
2 707 1449
2 1449 1300
2 1300 696
2 696 254
2 254 489
2 489 1198
2 1198 1313
2 1313 1469
2 1469 249
2 249 375
2 375 349
2 349 610
2 610 459
2 459 1114
2 1114 1117
2 1117 640
2 640 1268
2 1268 602
2 602 522
2 522 16
2 16 697
2 697 1349
2 1349 1200
2 1200 1168
2 1168 924
2 924 24
2 24 1223
2 1223 512
2 512 1412
2 1412 225
2 225 742
2 742 105
2 105 483
2 483 1090
2 1090 147
2 147 645
2 645 333
2 333 868
2 868 341
2 341 886
2 886 350
2 350 407
2 407 1403
2 1403 180
2 180 1215
2 1215 1351
2 1351 1029
2 1029 591
2 591 179
2 179 300
2 300 950
2 950 1427
2 1427 683
2 683 101
2 101 515
2 515 870
2 870 162
2 162 185
2 185 813
2 813 823
2 823 1326
2 1326 92
2 92 1387
2 1387 385
2 385 919
2 919 1137
2 1137 472
2 472 1282
2 1282 34
2 34 1173
2 1173 1291
2 1291 1211
2 1211 878
2 878 1056
2 1056 1263
2 1263 694
2 694 389
2 389 84
2 84 87
2 87 1277
2 1277 172
2 172 81
2 81 513
2 513 714
2 714 844
2 844 1402
2 1402 1357
2 1357 12
2 12 735
2 735 1220
2 1220 702
2 702 1320
2 1320 1343
2 1343 685
2 685 306
2 306 689
2 689 396
2 396 973
2 973 1285
2 1285 692
2 692 352
2 352 910
2 910 1476
2 1476 1479
2 1479 1323
2 1323 834
2 834 898
2 898 1187
2 1187 1072
2 1072 1243
2 1243 37
2 37 196
2 196 331
2 331 758
2 758 495
2 495 548
2 548 917
2 917 1425
2 1425 78
2 78 293
2 293 159
2 159 1026
2 1026 1195
2 1195 576
2 505 1172
2 1172 1360
2 1360 1084
2 1084 1242
2 1242 778
2 778 801
2 801 634
2 634 255
2 255 247
2 247 285
2 285 392
2 392 1039
2 1039 1319
2 1319 335
2 335 182
2 182 1331
2 1331 1347
2 1347 828
2 828 10
2 10 5
2 5 1129
2 1129 56
2 56 794
2 794 822
2 822 50
2 50 808
2 808 608
2 608 288
2 288 226
2 226 460
2 460 1234
2 1234 452
2 452 1400
2 1400 103
2 103 912
2 912 551
2 551 1497
2 1497 649
2 649 1470
2 1470 266
2 266 241
2 241 68
2 68 54
2 54 89
2 89 711
2 711 1141
2 1141 36
2 36 422
2 422 61
2 61 207
2 207 80
2 80 632
2 632 194
2 194 1186
2 1186 1099
2 1099 228
2 228 1401
2 1401 394
2 394 1384
2 1384 441
2 58 780
2 780 1231
2 1231 1336
2 1336 1310
2 1310 1065
2 1065 377
2 377 773
2 773 1286
2 1286 967
2 985 1082
2 1082 1143
2 1143 605
2 605 612
2 612 204
2 204 437
2 437 176
2 176 102
2 102 563
2 563 815
2 815 94
2 94 970
2 970 1009
2 1009 925
2 925 1007
2 1007 672
2 672 890
2 890 564
2 564 865
2 865 984
2 984 881
2 881 859
2 859 218
2 218 1317
2 1317 358
2 358 467
2 467 976
2 976 1422
2 1422 1311
2 1311 630
2 630 775
2 775 387
2 387 1191
2 1191 951
2 951 1272
2 1272 53
2 53 1376
2 1376 323
2 323 484
2 484 69
2 69 177
2 177 409
2 409 9
2 9 455
2 455 18
2 18 1337
2 1337 143
2 143 531
2 531 205
2 205 983
2 983 417
2 417 596
2 596 1321
2 1321 1210
2 1210 869
2 869 386
2 386 1495
2 1495 485
2 485 1060
2 1060 1112
2 1112 812
2 812 1330
2 1330 1350
2 1350 321
2 321 1380
2 1380 1494
2 1494 1450
2 1450 1381
2 1381 741
2 741 140
2 140 659
2 659 1136
2 1136 1058
2 1058 1488
2 1488 1436
2 1436 74
2 74 1166
2 1166 1385
2 1385 550
2 550 127
2 127 532
2 532 1051
2 1051 1068
2 1068 1467
2 1467 440
2 440 944
2 944 298
2 298 303
2 303 464
2 464 663
2 663 362
2 432 482
2 1044 310
2 1356 187
2 160 946
2 850 592
612 651 104 541 1240 297 1188 724 1105 1193 4 384 1452 1091 128 877 1239 1359 30 1371 31 639 518 391 1388 895 1443 740 790 594 883 832 586 1171 1270 1353 1126 972 579 242 570 1369 1159 1219 111 1431 1396 660 1306 864 414 686 840 1104 502 1106 366 359 905 1233 446 693 1027 308 836 269 1441 1247 704 1158 216 468 474 1054 1120 1256 471 170 167 38 559 1030 1205 799 187 1314 64 1276 1047 1472 1408 332 1045 490 1209 1485 829 814 524 854 63 139 7 470 302 906 93 457 110 1260 887 1132 431 149 115 77 761 99 296 1061 701 557 646 748 609 348 112 751 1165 734 1338 337 43 324 356 1417 604 419 803 175 466 613 424 1392 373 942 767 1283 501 121 1244 1103 592 215 638 954 1273 1246 1438 500 968 1460 631 838 1269 144 555 367 1241 1391 1133 620 169 927 1190 75 1149 1468 154 948 186 480 135 961 347 1393 902 1151 1043 650 1274 1322 1346 469 785 416 434 960 137 1067 993 744 340 1221 281 1102 833 425 262 633 583 981 45 567 1123 713 641 1124 839 413 1389 357 1255 200 26 282 656 1025 1406 611 233 647 1339 992 1341 291 998 1050 798 1307 421 511 33 1185 383 439 719 947 805 116 408 1022 243 1405 1325 903 616 1407 1264 527 478 312 1489 62 360 845 1478 969 623 277 21 1000 1194 635 779 476 739 715 1180 1297 248 482 1059 932 648 1235 488 201 178 837 191 1284 986 336 754 519 1164 1395 1119 738 1430 1122 174 1333 621 624 691 1290 1398 1108 1457 1150 1031 1257 934 1035 872 222 806 1201 876 1163 405 379 1071 546 904 268 25 679 1092 995 571 1225 342 1002 897 130 700 1295 997 283 705 398 637 1433 921 607 978 1237 1298 343 1421 784 1413 259 1080 96 573 811 1015 930 329 1062 239 445 957 884 1174 1287 1086 88 681 72 504 716 1477 835 1328 1352 1049 1448 256 528 214 965 181 690 189 234 11 314 330 534 252 1033 1288 1034 1228 1451 847 920 83 462 91 1001 615 654 923 1361 669 1109 1063 1355 1161 1496 1442 768 1069 743 453 498 198 211 945 318 220 560 1048 577 374 503 629 311 1101 51 1428 22 572 433 203 1348 1429 48 891 1416 931 831 263 1280 1040 1154 1089 275 540 492 1370 625 393 533 894 365 765 8 371 1305 622 1481 893 627 1461 730 547 795 1414 879 131 1342 436 355 1148 1005 395 1014 544 797 841 1004 1167 6 1262 1135 1074 1324 132 955 1100 46 1464 267 1397 27 449 117 1364 420 219 1308 493 597 35 208 494 1446 510 991 1206 858 70 545 665 918 491 776 1490 1175 165 442 271 106 867 1153 250 289 1162 1382 1079 114 1454 725 231 809 397 1064 703 956 658 475 1021 1294 1028 444 1480 380 1253 328 1409 644 496 206 863 141 565 670 401 1315 558 1292 506 941 292 964 65 721 173 816 1482 846 866 400 157 1335 1075 975 1146 1207 943 977 717 1145 996 28 825 1024 589 227 113 1375 1008 1216 772 161 727 752 731 603 1435 463 235 1426 849 678 940
2 1432 222
2 1070 20
2 767 523
159 1003 199 453 1418 1248 1492 426 424 286 832 1484 1074 584 861 709 378 1115 65 1240 1408 98 183 1275 732 712 990 1232 1095 163 1081 110 1281 142 412 1078 1369 926 1414 271 935 1368 700 7 771 636 1083 873 537 343 1345 658 1116 279 903 71 977 136 1042 158 1269 817 949 706 1213 503 153 556 725 1280 785 383 994 763 620 324 259 756 1011 491 47 650 476 999 761 359 538 1241 329 757 197 1342 1052 1297 340 1176 517 641 667 745 120 209 1456 579 160 850 852 447 922 1169 1093 200 23 327 1134 891 952 851 275 411 230 1028 679 880 251 64 1431 1138 1466 1322 1 653 805 956 469 1423 82 727 113 1148 315 1077 214 26 793 701 1097 1355 356 673 684 982 1203 765 388 1424 1076 918 519 1333
2 479 857
2 415 1011
2 782 1379
2 576 505
2 988 1390
2 1280 1438
2 362 1500
2 479 1434
2 1049 42
2 571 35
2 1161 1218
2 461 680
2 465 561
2 730 163
2 705 1250
2 559 465
2 26 305
2 258 477
2 1338 705
33 1225 874 466 561 86 578 680 762 1018 1394 28 776 109 688 766 1158 802 667 243 929 665 647 799 1070 1393 1251 810 1098 1055 454 687 129 1258
2 287 1305
2 1295 171
2 896 97
2 1193 901
2 344 719
2 733 287
2 202 1474
2 1257 1454
2 1088 150
2 927 526
2 329 537
2 969 745
2 710 914
2 1192 1230
2 1244 1274
2 233 17
2 947 1161
2 994 1017
2 58 441
2 1308 154
2 373 165
2 598 257
2 985 967
2 1032 1481
2 438 1264
2 304 1160
2 110 238
2 561 715
2 1411 653
2 224 658
2 487 676
2 598 816
2 682 395
2 426 134
2 851 1267
2 1325 1259
2 1302 783
2 269 929
2 853 637
2 97 617
2 1244 201
2 391 139
2 729 639
2 1269 316
2 1158 1299
2 1252 198
2 650 184
2 252 253
2 1124 722
4 1177 1440 60 571
