2000 1222
2 1 862
2 862 1405
2 1405 588
2 588 1189
2 1189 1934
2 1934 1526
2 98 1928
2 1928 579
2 904 1883
2 1883 1892
2 1892 57
2 57 894
2 894 294
2 294 999
2 999 878
2 878 643
2 643 1379
2 1379 851
2 851 766
2 766 1179
2 1179 1756
2 1756 1331
2 1331 30
2 30 1338
2 1338 1942
2 1942 569
2 569 1995
2 1995 1564
2 1564 407
2 407 1192
2 1192 446
2 446 485
2 485 945
2 945 1878
2 1878 142
2 142 1472
2 1472 79
2 79 324
2 324 124
2 124 806
2 806 1226
2 1226 1353
2 1353 1826
2 1826 872
2 872 595
2 595 1402
2 1402 1832
2 1832 1933
2 1933 1657
2 1657 1528
2 47 1993
2 1993 182
2 182 80
2 80 1610
2 1610 1987
2 1987 1996
2 1996 86
2 86 1275
2 1275 1629
2 1629 1363
2 1363 53
2 53 220
2 220 449
2 449 1450
2 1450 649
2 649 1663
2 1663 1959
2 1959 112
2 112 1725
2 1725 727
2 602 720
2 720 552
2 552 121
2 121 714
2 714 935
2 935 876
2 876 1746
2 1746 1945
2 1945 1299
2 1299 247
2 247 99
2 99 228
2 228 1659
2 1659 617
2 617 1522
2 1522 676
2 676 9
2 9 1767
2 1767 384
2 384 1781
2 1781 1837
2 1837 951
2 951 701
2 701 1978
2 1978 610
2 610 1269
2 1269 1695
2 1695 1587
2 1587 39
2 39 1261
2 1261 1062
2 1062 1273
2 1273 925
2 925 1491
2 837 70
2 70 537
2 537 884
2 884 631
2 631 462
2 462 1720
2 1720 604
2 604 1537
2 1537 1609
2 1609 808
2 808 1989
2 1989 1071
2 1071 1914
2 1914 639
2 639 1969
2 1969 1031
2 1031 668
2 668 1217
2 1217 361
2 361 146
2 146 735
2 735 1072
2 1072 140
2 140 1228
2 1228 1844
2 1844 397
2 397 1575
2 1575 522
2 522 1803
2 1803 780
2 780 181
2 181 1320
2 1320 402
2 402 507
2 507 1970
2 1970 250
2 250 493
2 493 1497
2 1497 1283
2 1283 126
2 126 365
2 365 922
2 922 62
2 62 395
2 395 479
2 479 1227
2 1227 275
2 275 1178
2 1178 933
2 933 1176
2 1176 134
2 134 82
2 82 1579
2 1579 1146
2 1146 793
2 793 1144
2 1144 1007
2 1007 540
2 540 886
2 886 905
2 905 1347
2 1347 295
2 295 356
2 356 567
2 567 314
2 314 1264
2 1264 1038
2 1038 290
2 290 1617
2 1617 1984
2 1984 129
2 129 196
2 196 409
2 409 1183
2 1183 1334
2 1334 580
2 580 1573
2 1573 393
2 393 1886
2 1886 1997
2 1997 458
2 458 1448
2 1448 909
2 909 510
2 510 962
2 962 1305
2 1305 1230
2 1230 729
2 729 105
2 105 1706
2 1706 1947
2 1947 203
2 203 1468
2 1468 281
2 281 528
2 528 1255
2 1255 1429
2 1429 1135
2 1135 1821
2 1821 406
2 406 437
2 437 270
2 270 107
2 107 1398
2 1398 1930
2 1930 1819
2 1819 218
2 218 381
2 381 1474
2 1474 641
2 641 1108
2 1108 624
2 624 284
2 284 695
2 695 287
2 287 88
2 88 54
2 54 234
2 234 300
2 300 185
2 185 351
2 351 791
2 791 492
2 492 1300
2 1300 675
2 675 554
2 554 394
2 394 1308
2 1308 1208
2 1208 69
2 69 1711
2 1711 1830
2 1830 703
2 703 674
2 674 1904
2 1904 1512
2 1512 1392
2 1392 372
2 372 172
2 172 148
2 148 1032
2 191 1455
2 1455 341
2 341 959
2 959 813
2 813 1875
2 1875 536
2 536 1608
2 1608 1992
2 1992 1999
2 1999 1249
2 1249 784
2 784 1213
2 1213 587
2 587 1232
2 1232 1721
2 1721 1568
2 1568 35
2 35 401
2 401 978
2 978 1900
2 1900 730
2 730 1626
2 1626 974
2 974 59
2 59 12
2 12 1479
2 1479 246
2 246 392
2 392 131
2 131 1033
2 1619 950
2 950 814
2 814 1348
2 1348 111
2 111 571
2 571 618
2 618 1939
2 1939 1998
2 1998 1618
2 1618 942
2 942 1812
2 1812 1946
2 1946 1733
2 1733 1156
2 1156 1586
2 1586 954
2 954 1017
2 1017 457
2 457 998
2 998 1425
2 1425 866
2 866 1345
2 1345 1127
2 1127 305
2 305 1327
2 1327 51
2 51 819
2 819 1873
2 1873 1810
2 1810 1789
2 1789 1480
2 1480 1241
2 1241 417
2 417 251
2 251 882
2 882 1233
2 1233 829
2 829 439
2 439 237
2 237 325
2 325 932
2 932 1668
2 1668 186
2 186 1157
2 1157 680
2 680 686
2 686 1664
2 1664 1717
2 1717 440
2 440 1155
2 1155 1544
2 1544 1798
2 1798 1822
2 1822 844
2 844 946
2 946 1489
2 1489 1311
2 1311 1258
2 1258 1361
2 1361 1477
2 1477 1968
2 1968 681
2 681 198
2 1136 113
2 113 1216
2 1216 309
2 309 183
2 183 1052
2 1052 777
2 777 1846
2 1846 1060
2 1060 450
2 450 1548
2 1548 1506
2 1506 906
2 906 1113
2 1113 389
2 389 150
2 150 1603
2 1603 109
2 109 428
2 428 68
2 68 967
2 967 357
2 357 616
2 616 10
2 10 1004
2 1004 368
2 368 1836
2 1836 317
2 317 708
2 708 895
2 895 73
2 73 583
2 583 1673
2 1673 386
2 386 31
2 31 887
2 887 432
2 432 628
2 628 1126
2 1126 782
2 782 957
2 957 505
2 505 836
2 836 939
2 939 15
2 15 1543
2 1543 1817
2 1817 761
2 761 359
2 359 810
2 810 1787
2 1787 92
2 92 1459
2 1459 285
2 285 431
2 431 385
2 385 1598
2 1598 1332
2 1332 221
2 221 1054
2 1054 1562
2 1562 582
2 582 1443
2 1443 1975
2 1975 1508
2 1508 87
2 87 1557
2 1557 1282
2 1282 312
2 312 1417
2 1417 400
2 400 1199
2 1199 548
2 548 24
2 24 1542
2 1542 1470
2 1470 578
2 578 390
2 390 1098
2 1098 1747
2 1747 367
2 367 944
2 944 1202
2 1202 223
2 223 1777
2 1777 1436
2 1436 748
2 748 259
2 259 502
2 502 120
2 120 345
2 345 164
2 164 971
2 971 1373
2 1373 1019
2 1019 1244
2 1244 908
2 908 976
2 976 1219
2 1219 702
2 702 452
2 452 451
2 451 1211
2 1211 768
2 768 1891
2 1891 1744
2 1744 1680
2 1680 900
2 900 1654
2 1654 333
2 333 1378
2 1378 1652
2 1652 208
2 208 1464
2 1464 447
2 447 1177
2 1177 1591
2 1591 936
2 936 913
2 913 108
2 108 425
2 425 239
2 239 1105
2 1105 1224
2 1224 650
2 650 725
2 725 238
2 238 1015
2 1015 1238
2 1238 1764
2 1764 723
2 723 1661
2 1661 1097
2 1097 956
2 956 1416
2 1416 1852
2 1852 509
2 509 215
2 215 1262
2 1262 1384
2 1384 1791
2 1791 1354
2 1354 859
2 859 491
2 491 280
2 280 278
2 278 467
2 467 1560
2 1560 1779
2 1779 742
2 742 1215
2 1215 1451
2 1451 1729
2 1729 1940
2 1940 1321
2 1321 1414
2 1414 33
2 33 958
2 958 1318
2 1318 754
2 754 1816
2 1816 1637
2 1637 614
2 614 523
2 523 19
2 19 518
2 518 938
2 938 1611
2 1611 1303
2 1303 1667
2 1667 330
2 330 1858
2 1858 339
2 339 1713
2 1713 1561
2 1561 726
2 726 1000
2 1000 1849
2 1849 388
2 388 66
2 66 34
2 34 1679
2 1679 1121
2 1121 1780
2 1780 3
2 3 226
2 226 1859
2 1859 1182
2 1182 871
2 871 1490
2 1490 1364
2 1364 1476
2 1476 677
2 677 1201
2 1201 1302
2 1302 1055
2 1055 1790
2 1790 473
2 473 539
2 539 881
2 881 1607
2 1607 1538
2 1538 591
2 591 792
2 792 297
2 297 1278
2 1278 696
2 696 48
2 48 1727
2 1727 158
2 158 1110
2 1110 1355
2 1355 1973
2 1973 863
2 863 1229
2 1229 1937
2 1937 1184
2 1184 1908
2 1908 274
2 274 38
2 38 915
2 915 1021
2 1021 1842
2 1842 169
2 169 41
2 41 435
2 435 60
2 60 1304
2 1304 4
2 4 896
2 896 811
2 811 1771
2 1771 952
2 952 160
2 160 890
2 890 1888
2 1888 1501
2 1501 227
2 227 364
2 364 527
2 527 640
2 640 1465
2 1465 1716
2 1716 1165
2 1165 484
2 484 1633
2 1633 155
2 155 1991
2 1991 979
2 979 753
2 753 867
2 867 248
2 248 1867
2 1867 1683
2 1683 302
2 302 1853
2 1853 494
2 494 1221
2 1221 1089
2 1089 419
2 419 1963
2 1963 1784
2 1784 338
2 338 347
2 347 1087
2 1087 1740
2 1740 1340
2 1340 175
2 175 592
2 592 1095
2 1095 1092
2 1092 820
2 820 907
2 907 1432
2 1432 266
2 266 629
2 629 1979
2 1979 860
2 860 369
2 369 1785
2 1785 5
2 5 415
2 415 1898
2 1898 282
2 282 1094
2 1094 796
2 796 163
2 163 1188
2 1188 1594
2 1594 157
2 157 1195
2 1195 868
2 868 1463
2 1463 1951
2 1951 1122
2 1122 1333
2 1333 1024
2 1024 268
2 268 715
2 715 1119
2 1119 342
2 342 195
2 195 1377
2 1377 626
2 626 705
2 705 883
2 883 694
2 694 660
2 660 286
2 286 1772
2 1772 1218
2 1218 1509
2 1509 206
2 206 1053
2 1053 664
2 664 832
2 832 199
2 199 1977
2 1977 1103
2 1103 1478
2 1478 1823
2 1823 619
2 619 1606
2 1606 1185
2 1185 225
2 225 1705
2 1705 145
2 145 1938
2 1938 783
2 783 603
2 603 991
2 991 1147
2 1147 841
2 841 1337
2 1337 721
2 721 307
2 307 856
2 856 448
2 448 438
2 438 924
2 924 1631
2 1631 1962
2 1962 1027
2 1027 1854
2 1854 1630
2 1630 1419
2 1419 656
2 656 318
2 318 772
2 772 1050
2 1050 770
2 770 460
2 460 1057
2 1057 1142
2 1142 1502
2 1502 377
2 377 184
2 184 1190
2 1190 1120
2 1120 136
2 136 1913
2 1913 1738
2 1738 889
2 889 1880
2 1880 1926
2 1926 1952
2 1952 503
2 503 1404
2 585 453
2 453 1248
2 1248 912
2 912 1600
2 1600 805
2 805 581
2 581 795
2 795 512
2 1270 1435
2 1435 421
2 421 501
2 501 1400
2 1400 756
2 756 156
2 156 308
2 308 1800
2 1800 1469
2 1469 1957
2 1957 1690
2 1690 360
2 360 1006
2 1006 430
2 430 1466
2 1466 1012
2 1012 379
2 379 652
2 652 122
2 122 1250
2 1250 1533
2 1533 1454
2 1454 1367
2 1367 1161
2 1161 1834
2 1834 1839
2 1839 343
2 343 1686
2 1686 1797
2 1797 1118
2 1118 1279
2 1279 95
2 95 1325
2 1325 472
2 472 981
2 981 923
2 923 1814
2 1814 1312
2 1312 1411
2 1411 423
2 423 1349
2 1349 1319
2 1319 737
2 737 775
2 775 1350
2 1350 93
2 93 1123
2 1123 930
2 930 1266
2 1266 1856
2 1856 1552
2 1552 231
2 231 1039
2 1039 396
2 396 1827
2 1827 1615
2 1615 1588
2 1588 1840
2 1840 873
2 873 865
2 865 1929
2 1929 1982
2 1982 1745
2 1745 1535
2 1535 607
2 607 1774
2 1774 1985
2 1985 1049
2 1049 1168
2 1168 1389
2 1389 1243
2 1243 609
2 609 61
2 61 1555
2 1555 1874
2 1874 1778
2 1778 718
2 718 1163
2 1163 411
2 411 1102
2 1102 212
2 212 1272
2 1272 516
2 516 429
2 429 1897
2 1897 355
2 355 1482
2 1482 1540
2 1540 1452
2 1452 1251
2 1251 166
2 166 1701
2 1701 1580
2 1580 1263
2 1263 916
2 916 746
2 746 1517
2 1517 141
2 141 1687
2 1687 918
2 918 1207
2 1207 1974
2 1974 1409
2 1409 508
2 508 833
2 833 1047
2 1047 1851
2 1851 665
2 665 353
2 353 496
2 496 1585
2 1585 222
2 222 1770
2 1770 1601
2 1601 1446
2 1446 980
2 980 21
2 21 903
2 903 418
2 418 1841
2 1841 1292
2 1292 289
2 289 1565
2 1712 943
2 943 263
2 263 840
2 840 1343
2 1343 1983
2 1983 13
2 13 443
2 443 794
2 794 515
2 515 1994
2 1994 1645
2 1645 335
2 335 1206
2 1206 1294
2 1294 387
2 387 1324
2 1324 1743
2 1743 137
2 137 36
2 36 1902
2 1902 1820
2 1820 948
2 948 593
2 593 1676
2 1676 1751
2 1751 1197
2 1197 1322
2 1322 788
2 788 8
2 8 1948
2 1948 56
2 56 1362
2 1362 1653
2 1653 1386
2 1386 1636
2 1636 1935
2 1935 861
2 861 152
2 152 1257
2 1257 596
2 596 40
2 40 1043
2 1043 210
2 210 424
2 424 678
2 678 713
2 713 1096
2 1096 1433
2 1433 354
2 354 241
2 241 1698
2 1698 984
2 984 1703
2 1703 899
2 899 828
2 828 77
2 77 1845
2 1845 235
2 235 110
2 110 521
2 521 1682
2 1682 1688
2 1688 1133
2 1133 847
2 847 371
2 371 1114
2 1114 781
2 781 1145
2 1145 1314
2 1314 482
2 482 1210
2 1210 845
2 845 717
2 717 1445
2 1445 1486
2 1486 709
2 709 55
2 55 741
2 741 1681
2 1681 1722
2 1722 454
2 454 1076
2 1076 1956
2 1956 1310
2 1310 1246
2 1246 1510
2 1510 1597
2 1597 1139
2 1139 25
2 25 1864
2 1864 85
2 85 642
2 642 953
2 953 1632
2 1632 1694
2 1694 928
2 928 997
2 997 600
2 600 1736
2 1736 921
2 921 1388
2 1388 1093
2 1093 378
2 378 179
2 179 1084
2 1084 1924
2 1924 1658
2 1658 1961
2 1961 901
2 901 1276
2 1276 189
2 189 461
2 461 513
2 513 1174
2 1174 663
2 663 891
2 891 470
2 470 498
2 498 350
2 350 1328
2 1328 529
2 529 64
2 64 1539
2 1539 1196
2 1196 1936
2 1936 605
2 605 178
2 178 469
2 469 488
2 488 1493
2 1493 1893
2 1893 1869
2 1869 687
2 687 1804
2 1804 480
2 480 497
2 497 1646
2 1646 1387
2 1387 1922
2 1922 1234
2 1234 1762
2 1762 1855
2 1855 633
2 633 1925
2 1925 1204
2 1204 1187
2 1187 1584
2 1584 1887
2 1887 1344
2 1344 1395
2 1395 1288
2 1288 383
2 383 960
2 960 1550
2 1550 1214
2 1214 657
2 657 380
2 380 1090
2 1090 374
2 374 1666
2 1666 168
2 168 174
2 174 1728
2 1728 1866
2 1866 1857
2 1857 1553
2 1553 546
2 546 204
2 204 29
2 29 244
2 244 662
2 662 1254
2 1254 322
2 322 427
2 427 854
2 854 541
2 541 1627
2 1627 1742
2 1742 1516
2 1516 1357
2 1357 1759
2 1759 850
2 850 1901
2 1901 990
2 990 1487
2 1487 495
2 495 209
2 209 1529
2 1529 852
2 852 293
2 293 1807
2 1807 1899
2 1899 11
2 11 848
2 848 1769
2 1769 599
2 599 1581
2 1581 1624
2 1624 807
2 807 1811
2 1811 707
2 707 1758
2 1758 1029
2 1029 1160
2 1160 478
2 478 18
2 18 1200
2 1200 1191
2 1191 1037
2 1037 346
2 346 313
2 313 653
2 653 839
2 839 1635
2 1635 1088
2 1088 1045
2 1045 690
2 690 993
2 993 1128
2 1128 89
2 89 989
2 989 1099
2 1099 1296
2 1296 1715
2 1715 608
2 608 682
2 682 477
2 477 202
2 202 977
2 977 328
2 328 693
2 693 1107
2 1107 1723
2 1723 1424
2 1424 1966
2 1966 724
2 724 264
2 264 205
2 205 1291
2 1291 405
2 405 511
2 511 1372
2 1372 414
2 414 712
2 712 736
2 736 1843
2 1843 1496
2 1496 1380
2 1380 1577
2 1577 6
2 6 1689
2 1689 1277
2 1277 76
2 76 1376
2 1376 1907
2 1907 1813
2 1813 683
2 683 1100
2 1100 267
2 267 1700
2 1700 1760
2 1760 1541
2 1541 1599
2 1599 1749
2 1749 590
2 590 1167
2 1167 622
2 622 1697
2 1697 874
2 874 638
2 638 1786
2 1786 1890
2 1890 1885
2 1885 1141
2 1141 138
2 138 1009
2 1009 224
2 224 1563
2 1563 1399
2 1399 1011
2 1011 483
2 483 303
2 303 1572
2 1572 798
2 798 375
2 375 1838
2 1838 534
2 534 1735
2 1735 532
2 532 1545
2 1545 1546
2 1546 253
2 253 830
2 830 869
2 869 32
2 32 835
2 835 731
2 731 1442
2 1442 589
2 589 1280
2 1280 413
2 413 1410
2 1410 1172
2 1172 1909
2 1909 769
2 769 1010
2 1010 803
2 803 542
2 542 661
2 661 1253
2 1253 1074
2 1074 1149
2 1149 671
2 671 1773
2 1773 1896
2 1896 982
2 982 1116
2 1116 1301
2 1301 556
2 556 43
2 43 1352
2 1352 706
2 706 1104
2 1104 336
2 336 1514
2 1514 573
2 573 1824
2 1824 972
2 972 1602
2 1602 1390
2 1390 1710
2 1710 1549
2 1549 1534
2 1534 787
2 787 1284
2 1284 1115
2 1115 842
2 842 216
2 216 296
2 296 1623
2 1623 1235
2 1235 849
2 849 1530
2 1530 612
2 612 1741
2 1741 2000
548 1809 1704 531 115 465 1358 1341 466 50 1620 1967 276 776 1677 1023 564 620 219 1569 1950 408 279 586 1375 127 245 821 1589 340 1558 963 1166 1640 441 1559 1731 1818 621 562 106 645 1802 132 1768 1130 559 647 96 1413 1752 555 700 615 1990 1943 824 1718 1801 576 910 412 277 1271 1240 1734 1385 1265 1137 745 200 1048 1368 1005 1860 1643 217 1511 1776 1125 1225 1080 1981 391 825 1077 1730 1889 464 831 72 1672 1152 1342 1726 261 211 1596 7 1309 1638 327 1848 1444 104 1220 352 1583 1648 170 272 1582 1504 870 574 947 1186 139 1621 1058 1339 1040 1132 1494 697 786 1018 177 252 1001 985 1699 1061 1420 988 601 1193 1064 1181 1198 855 975 1245 1447 1831 1359 149 262 17 103 553 1709 940 213 44 1724 1691 1159 94 1792 1150 1628 426 1547 1639 1865 1915 344 1665 463 306 1788 879 97 1578 1457 1796 1034 1008 455 1739 1495 1014 1782 399 214 514 1236 570 1483 1650 283 1431 1515 445 804 651 1091 1775 1025 1403 1647 1953 319 1351 1765 1237 1369 1075 1503 1518 45 929 1753 801 1833 1129 78 1971 785 1117 983 1481 1808 125 767 823 520 1894 1069 102 577 1356 1194 1326 566 1475 1507 1111 1473 1605 1805 1209 1670 646 310 1412 1916 1976 669 373 549 403 334 1761 526 743 1757 931 1613 698 778 1418 611 1180 1917 1536 1456 1755 1521 1289 240 422 1576 490 486 123 1980 779 1124 968 1567 1212 257 1044 320 1881 846 1408 1505 1020 27 229 254 964 749 2 563 433 880 1554 1655 635 1972 1081 1783 898 1051 201 144 1307 1850 864 834 487 173 551 1134 323 49 52 1766 572 232 1458 941 91 331 1140 1059 1748 1397 83 1394 763 1566 1131 230 1285 1815 561 1861 1669 1287 74 133 1002 1153 1382 575 774 658 692 1714 1960 404 236 992 1426 1085 654 815 475 1882 926 1370 159 1737 755 1954 1346 965 1828 37 1525 877 71 1169 301 1986 1415 1750 1365 1485 1941 1763 1070 670 1112 1082 888 337 1391 949 838 348 771 625 1295 996 1016 827 456 459 1164 961 1847 197 1931 817 1138 1068 176 1046 1674 1644 398 732 119 1696 1660 594 857 1895 370 704 188 751 752 1877 789 1754 162 171 471 1267 524 1795 885 740 757 1527 1905 1872 1488 1590 46 1955 1158 1242 1923 1286 1439 474 1317 1500 298 90 288 598 1222 927 1106 1268 58 648 1056 1323 790 1671 1438 544 1719 1026 436 613 22 1335 192 579 117 802 1656 1513 655 304 1406 500 468 1066 1651 151 684 1306 995 1434 273 812 1903 1932 167 1073 568 1154 1825 1793 311 1449 1498 1259 525 271 118 1649 1806 937 547 1702 1906 1910 1042 1614 326 636 1396 1313 987 558 765 969 1252 1523 1870 1083 519 1256 1794 538 1595 1067 1030 1921 1371 826 255 1662 994 739 233
2 1136 198
205 904 1825 637 1212 1151 1988 672 1912 920 154 885 1949 116 299 1309 673 1964 1086 1571 74 853 1298 734 1918 258 1403 506 632 764 1692 964 420 864 1406 816 1570 623 679 1430 1297 352 1583 1693 260 699 321 759 987 719 1566 911 1381 240 1444 666 1287 26 630 459 97 545 710 265 362 1829 533 635 1868 16 1205 257 255 688 75 1106 1237 153 1794 130 499 576 358 291 475 1862 426 1861 1524 1153 1894 822 1484 1532 965 1863 751 1171 101 550 1063 1641 733 20 1315 65 760 207 133 1707 1143 1788 531 1366 256 773 243 214 1407 476 1556 489 1467 879 745 758 486 1752 1592 644 1065 892 1927 738 128 1965 1554 1498 1531 1702 1148 914 135 1642 1330 893 190 1041 456 685 1026 530 1879 1316 269 193 1013 17 955 1665 902 560 1622 1231 1492 858 1162 917 1520 434 382 444 1401 1782 1028 329 557 1958 667 926 1920 1625 973 1239 855 1593 1175 292 1911 1281 1441 1428 1685 72 797 1461 689 919 1519 1919 1408 1329 1674 28 1460 1336
2 934 1369
2 1871 1833
49 1678 762 955 1290 1068 177 1453 525 1876 422 1495 1644 1079 843 1551 490 67 517 1861 654 535 1616 565 627 1574 1499 543 716 315 96 1035 321 291 1576 809 37 14 818 1986 1247 597 316 1383 966 1081 898 187 1865 1692
2 331 1462
2 1013 857
2 249 1438
2 321 654
2 602 727
37 1268 65 1293 1730 722 475 804 1708 1078 1066 739 1203 1808 1441 1393 442 751 42 243 465 1684 242 711 716 870 1518 2 114 410 1374 1634 1532 747 1440 525 1109 897
2 1148 84
26 800 1101 474 1360 892 1604 760 23 1884 875 363 691 486 1799 332 1583 1614 481 504 1013 970 67 1223 634 489 1515
2 98 1526
2 165 1268
2 366 45
2 512 1270
2 815 1326
41 426 1521 161 1421 744 799 358 1799 1835 584 561 376 416 100 1471 1368 349 1173 143 147 119 1868 1022 1829 1641 304 1138 194 1260 1675 1422 81 986 1437 1613 1702 520 1944 1903 1612 63
2 47 1528
2 1170 773
2 1239 1511
2 1712 1565
2 180 817
2 697 1423
2 1404 585
2 1485 444
2 804 606
2 1033 1619
2 500 659
2 191 1032
2 315 272
2 728 751
2 272 1732
2 837 1491
2 26 319
2 1003 1639
2 391 818
8 1809 1274 750 1036 1129 827 1556 1427
