1000 290
2 418 715
2 715 289
2 289 73
2 73 848
2 848 873
2 873 752
2 752 452
2 452 151
2 151 590
2 590 269
2 269 685
2 685 27
2 27 602
2 602 592
2 592 716
2 716 319
2 319 7
2 7 412
2 412 3
2 3 48
2 48 544
2 544 779
2 779 826
2 826 420
2 420 455
2 455 277
2 277 385
2 385 264
2 264 350
2 350 456
2 456 290
2 290 383
2 383 371
2 371 713
2 713 106
2 106 619
2 619 807
2 807 476
2 476 519
2 519 327
2 327 965
2 965 998
2 998 181
2 181 647
2 647 62
2 62 82
2 82 309
2 309 59
2 59 120
2 120 601
2 601 370
2 370 916
2 916 118
2 118 681
2 681 762
2 762 886
2 886 19
2 19 557
2 557 849
2 849 389
2 389 528
2 528 326
2 326 55
2 55 358
2 358 354
2 354 396
2 396 724
2 724 522
2 522 435
2 435 107
2 107 497
2 497 912
2 912 16
2 16 392
2 392 241
2 241 574
2 574 840
2 840 621
2 621 794
2 794 258
2 258 233
2 233 214
2 214 695
2 695 915
2 915 61
2 61 322
2 322 275
2 275 880
2 880 581
2 581 245
2 245 331
2 331 342
2 342 213
2 213 160
2 160 535
2 535 421
2 421 811
2 811 440
2 440 882
2 882 419
2 419 979
2 979 615
2 615 897
2 897 15
2 15 760
2 760 236
2 236 546
2 546 395
2 395 797
2 797 332
2 332 494
2 494 299
2 299 841
2 841 434
2 434 499
2 499 203
2 203 146
2 146 587
2 587 827
2 827 89
2 89 133
2 133 122
2 122 210
2 210 551
2 551 24
2 24 774
2 774 22
2 22 623
2 623 930
2 930 598
2 598 960
2 960 206
2 206 13
2 13 49
2 49 539
2 539 76
2 76 491
2 491 575
2 575 304
2 304 44
2 44 126
2 126 193
2 193 101
2 101 949
2 949 398
2 398 763
2 763 702
2 702 6
2 6 538
2 538 328
2 328 81
2 81 964
2 964 472
2 472 904
2 904 113
2 113 688
2 688 219
2 219 50
2 50 404
2 404 530
2 530 620
2 620 606
2 606 699
2 699 115
2 115 444
2 444 337
2 337 994
2 994 984
2 984 291
2 291 674
2 674 84
2 84 667
2 667 402
2 402 520
2 520 282
2 282 668
2 668 922
2 922 740
2 740 682
2 682 283
2 283 28
2 28 748
2 748 260
2 260 555
2 555 746
2 746 302
2 302 703
2 703 179
2 179 42
2 42 127
2 127 875
2 875 611
2 611 571
2 571 163
2 163 80
2 80 673
2 673 747
2 747 755
2 755 754
2 754 643
2 643 100
2 100 442
2 442 117
2 117 46
2 46 154
2 154 708
2 708 184
2 184 578
2 578 737
2 737 978
2 978 892
2 892 563
2 563 556
2 492 510
2 510 460
2 460 423
2 423 776
2 776 743
2 743 630
2 630 185
2 185 948
2 948 572
2 572 906
2 906 986
2 986 140
2 140 128
2 128 68
2 68 756
2 756 173
2 173 834
2 834 778
2 778 454
2 454 465
2 465 719
2 719 597
2 597 477
2 477 533
2 533 129
2 129 284
2 284 65
2 65 485
2 485 612
2 612 376
2 376 894
2 894 859
2 859 200
2 200 825
2 825 242
2 242 220
2 220 401
2 401 108
2 108 77
2 77 790
2 790 438
2 438 249
2 249 970
2 970 97
2 97 885
2 885 543
2 543 190
2 190 505
2 505 518
2 518 939
2 939 250
2 250 262
2 262 362
585 96 889 588 153 927 199 436 684 387 858 862 608 701 726 123 204 853 785 124 171 658 26 992 548 635 12 225 422 852 753 406 634 8 351 458 851 418 504 891 305 944 856 424 473 247 149 178 34 627 903 364 876 470 98 400 534 316 822 288 872 636 660 377 947 346 622 584 943 793 191 907 432 908 39 529 968 329 390 711 86 224 152 692 899 633 52 973 14 368 226 648 498 286 301 815 99 217 244 734 246 913 935 416 812 962 335 537 367 373 679 845 427 833 198 798 285 340 450 654 166 566 545 536 142 35 820 614 861 764 169 982 990 594 439 971 1000 380 352 966 784 256 189 532 212 33 411 729 501 208 618 30 718 248 936 655 521 231 868 17 481 334 175 63 786 854 474 187 663 650 174 607 813 976 266 87 67 413 361 10 274 196 37 616 109 996 564 987 314 60 869 624 324 513 40 783 727 800 374 595 111 689 471 157 25 161 349 451 2 871 102 832 207 704 860 135 656 657 690 691 593 391 920 36 596 466 775 321 172 72 483 577 893 360 637 388 303 678 791 176 863 770 789 405 725 180 639 216 928 646 855 347 583 739 296 781 867 399 933 356 223 234 659 137 629 253 165 177 625 874 366 57 991 511 804 490 983 516 766 228 11 469 706 56 201 742 209 495 523 842 9 255 879 918 64 414 641 977 94 313 560 457 921 1 279 926 215 158 819 468 792 562 676 330 237 235 425 437 651 953 85 709 836 125 638 121 878 765 877 870 900 429 487 552 664 938 441 677 768 710 280 945 194 384 565 549 810 801 230 276 446 415 925 58 669 723 866 896 310 448 554 32 143 240 428 365 325 339 570 901 105 697 131 580 857 829 182 946 144 683 644 79 443 5 788 808 410 363 733 687 951 239 38 591 449 393 90 369 170 359 74 343 632 568 526 850 895 993 51 467 883 567 744 952 78 167 542 642 738 666 308 293 407 323 506 353 341 649 116 408 447 92 974 317 809 821 91 631 773 156 493 298 972 409 41 749 550 846 640 318 403 83 736 273 357 515 345 617 547 693 898 705 503 707 375 70 243 397 680 21 772 480 988 757 603 751 508 999 696 514 541 211 254 698 802 957 272 721 561 145 54 780 559 71 717 741 576 830 888 989 205 18 890 484 344 732 796 134 114 929 430 823 164 589 527 803 675 767 257 905 112 512 417 963 750 88 136 130 720 29 914 818 294 902 53 311 661 824 221 712 981 980 93 805 261 569 162 769 338 958 75 300 932 795 884 95 69 43 489 278 31 507 605 843 461 694 315 292 150 525 23 652 531 671 599 218 333 771 837 610 486 787 227 609 159 672
18 838 867 525 969 722 488 23 303 177 985 816 114 144 10 197 124 131 940
153 415 526 387 717 34 945 251 278 188 409 714 722 645 847 931 558 394 103 728 631 632 145 286 881 988 589 730 270 831 874 500 958 785 582 759 66 997 379 938 147 917 690 586 348 806 944 823 867 372 75 464 334 364 244 116 705 810 178 956 478 553 536 768 463 767 908 814 782 890 600 995 265 911 382 453 474 950 745 83 238 670 626 288 961 259 132 568 36 96 366 513 306 700 675 959 168 887 731 69 883 231 919 197 321 307 353 876 548 865 445 764 936 271 761 294 479 559 527 86 51 537 817 52 687 924 969 910 414 624 424 884 336 123 192 99 796 339 839 433 625 844 540 913 287 627 579 665 524 835 91 320 942 341
14 529 967 803 934 318 863 475 1 482 355 386 656 799 938
2 378 766
56 294 35 451 95 139 881 870 47 171 613 270 167 8 618 585 957 874 268 751 900 149 516 478 99 426 527 10 531 561 832 361 64 839 932 629 336 653 934 310 941 285 512 102 652 924 959 474 297 567 672 26 345 509 670 201 222
2 209 271
2 556 492
2 10 861
78 758 678 502 18 805 159 428 263 516 690 517 98 504 183 378 312 209 75 628 20 201 308 947 91 704 767 604 495 366 654 691 558 493 521 267 431 923 414 953 942 777 786 993 155 955 831 496 110 35 717 218 975 977 104 187 88 858 928 828 929 232 954 338 152 334 980 195 134 382 310 138 463 914 281 227 17 795 96
2 513 801
2 954 380
6 448 525 489 725 272 759
2 573 483
2 225 819
2 541 718
33 735 425 972 381 20 367 141 657 487 761 661 957 4 686 864 653 292 175 45 909 633 605 789 119 589 980 780 559 903 229 252 689 78
13 202 937 424 349 295 20 471 461 739 662 500 32 393
2 462 874
2 416 148
2 877 659
2 186 562
2 378 164
4 459 514 243 736
