1000 318
2 41 972
2 972 433
2 433 8
2 8 577
2 577 10
2 10 921
2 921 266
2 266 823
2 823 344
2 344 459
2 459 617
2 617 386
2 386 677
2 677 179
2 179 373
2 373 340
2 340 74
2 74 202
2 202 509
2 509 282
2 282 156
2 156 935
2 935 639
2 639 227
2 227 135
2 135 209
2 209 957
2 957 939
2 939 842
2 842 48
2 48 568
2 568 392
2 392 94
2 94 550
2 550 298
2 298 752
2 752 150
2 150 352
2 352 146
2 146 932
2 932 35
2 35 896
2 896 563
2 563 737
2 737 326
2 326 944
2 944 313
2 313 541
2 541 864
2 864 426
2 426 602
2 602 952
2 952 917
2 917 380
2 380 621
2 621 445
2 445 806
2 806 14
2 14 461
2 461 598
2 598 67
2 67 889
2 889 297
2 297 193
2 193 88
2 88 979
2 979 924
2 924 248
2 248 580
2 580 148
2 148 831
2 831 257
2 257 42
2 42 213
2 213 937
2 937 538
2 538 479
2 479 317
2 317 522
2 522 447
2 447 89
2 89 846
2 846 513
2 513 964
2 964 779
2 779 320
2 320 569
2 569 712
2 712 198
2 198 996
2 996 49
2 49 564
2 564 120
2 120 343
2 343 367
2 367 549
2 549 986
2 986 63
2 63 466
2 466 727
2 727 668
2 668 190
2 190 2
2 2 530
2 530 360
2 360 824
2 824 99
2 99 158
2 158 338
2 338 600
2 600 409
2 409 691
2 691 61
2 61 117
2 117 884
2 884 217
2 217 399
2 399 254
2 254 215
2 215 850
2 850 418
2 418 663
2 663 365
2 365 258
2 258 743
2 743 21
2 21 234
2 234 124
2 124 28
2 28 50
2 50 34
2 34 931
2 931 477
2 477 946
2 946 689
2 689 181
2 181 147
2 147 970
2 970 169
2 169 406
2 406 20
2 20 936
2 936 715
2 715 264
2 264 490
2 490 662
2 662 615
2 615 505
2 505 390
2 390 928
2 928 376
2 376 785
2 785 452
2 452 498
2 498 431
2 431 160
2 160 166
2 166 826
2 826 589
2 589 719
2 719 636
2 636 760
2 760 36
2 36 818
2 818 734
2 734 756
2 756 556
2 556 518
2 518 635
2 635 140
2 140 44
2 44 838
2 838 967
2 967 963
2 963 929
2 929 682
2 682 432
2 432 716
2 716 43
2 43 672
2 672 622
2 622 591
2 591 16
2 16 30
2 30 685
2 685 383
2 383 895
2 895 253
2 253 940
2 940 4
2 4 12
2 12 786
2 786 650
2 650 877
2 877 828
2 828 263
2 263 17
2 17 199
2 199 594
2 594 585
2 585 165
2 165 262
2 262 87
2 87 699
2 699 211
2 211 544
2 544 835
2 835 701
2 701 371
2 371 189
2 189 681
2 681 185
2 185 807
2 807 731
2 731 545
2 545 907
2 907 311
2 311 188
2 188 318
2 318 270
2 270 168
2 168 328
2 328 885
2 885 314
2 314 144
2 144 572
2 572 47
2 47 497
2 497 869
2 869 567
2 567 424
2 424 203
2 203 579
2 579 583
2 583 999
2 999 628
2 628 666
2 666 801
2 801 847
2 847 440
2 440 732
2 732 80
2 80 102
2 102 289
2 289 914
2 914 381
2 381 496
2 496 192
2 192 609
2 609 259
2 259 221
2 221 91
2 91 96
2 96 283
2 283 149
2 149 548
2 548 991
2 991 62
2 62 186
2 186 246
2 246 860
2 860 717
2 717 54
2 54 930
2 930 686
2 686 275
2 275 178
2 178 566
2 566 430
2 430 942
2 942 625
2 625 407
2 407 368
2 368 725
2 725 492
2 492 354
2 354 302
2 302 552
2 552 799
2 799 228
2 228 214
2 214 57
2 57 64
2 64 542
2 542 634
2 634 56
2 56 312
2 312 467
2 467 757
2 757 384
2 384 174
2 174 506
2 506 402
2 402 416
2 416 93
2 93 531
2 531 159
2 159 476
2 476 742
2 742 481
2 481 84
2 84 310
2 310 788
2 788 528
2 528 822
2 822 772
2 772 60
2 60 294
2 294 723
2 723 633
385 41 350 243 830 817 916 457 515 648 562 815 260 726 236 694 978 271 949 709 629 325 281 182 122 608 417 796 486 398 941 252 798 255 898 491 107 704 97 647 276 71 345 98 938 658 857 814 170 100 524 973 809 429 485 230 901 450 295 854 906 656 960 607 517 332 446 947 37 119 618 315 301 553 184 504 840 721 819 543 845 468 693 614 116 892 488 126 247 68 175 649 412 141 700 675 127 415 676 593 559 718 78 197 155 620 790 590 510 31 396 708 1 453 759 442 746 478 707 75 665 331 273 605 797 503 714 989 571 769 862 792 933 653 841 985 25 379 554 651 557 388 748 237 66 597 687 900 961 463 833 458 536 278 667 172 865 244 460 206 191 32 455 363 520 758 267 162 890 610 329 893 736 69 780 795 265 487 751 7 132 291 306 397 55 83 956 434 285 480 637 347 965 369 250 789 200 73 261 448 241 341 771 923 277 76 641 987 977 180 774 684 959 249 874 210 223 364 195 81 586 394 738 284 176 749 804 454 750 414 18 980 642 534 330 529 998 308 519 470 619 219 821 627 233 735 982 113 631 205 954 483 382 630 11 428 782 408 744 612 212 40 855 112 670 903 342 922 547 616 495 79 29 832 871 879 108 444 39 103 678 400 437 969 645 157 983 671 698 858 606 38 962 765 136 419 834 988 465 599 561 659 296 825 208 242 425 791 163 462 305 1000 123 646 152 551 115 86 763 333 404 539 888 873 349 378 533 613 3 245 423 881 436 280 876 958 70 139 555 527 225 945 164 422 121 745 753 660 464 848 882 974 664 919 652 655 82 201 420 859 337 813 77 109 812 680 288 321 473 934 761 489 207 309 336 887 696 27 351 85 220 770 875 624 475 256
2 674 670
263 468 906 708 810 903 532 516 26 754 603 486 357 355 769 494 521 151 565 268 782 984 428 410 710 517 251 173 648 512 524 654 358 22 805 976 366 473 802 791 183 966 950 888 915 525 229 170 624 125 109 692 581 469 646 411 502 405 878 474 250 272 154 780 750 913 927 762 793 688 346 224 808 374 200 815 130 978 837 851 127 511 444 238 510 287 584 604 377 453 994 575 800 278 462 325 803 403 284 361 413 562 761 965 309 106 362 643 836 553 327 395 665 255 690 697 415 322 323 859 205 73 784 375 845 388 463 267 304 679 299 632 145 335 776 273 171 239 770 922 745 988 601 856 285 13 204 441 747 766 820 707 778 867 400 68 240 586 334 614 19 934 730 721 945 31 652 759 236 389 872 404 101 882 115 128 442 332 919 997 493 394 105 995 398 279 507 671 23 975 990 674 222 551 540 5 741 401 841 195 557 758 499 573 775 396 809 797 448 235 558 592 959 993 280 908 705 37 153 918 316 711 292 880 308 421 894 773 926 136 982 369 536 795 626 596 667 107 356 66 657 196 728 52 75 252 827 482 290 755 874 638 437 348 961 265 95 372 830 669 956 180 739 953
2 781 330
156 897 851 134 451 767 247 945 408 578 359 271 393 210 765 780 223 295 905 92 449 576 463 341 108 353 630 226 948 250 410 428 968 233 665 347 844 925 724 232 456 751 660 68 303 46 891 495 908 387 355 866 816 802 299 890 469 690 423 789 137 286 33 675 139 592 349 982 115 766 762 500 561 483 595 863 453 705 195 702 324 909 212 411 920 829 133 958 15 231 759 649 455 6 910 874 420 943 848 69 59 319 196 427 114 840 570 31 438 783 973 988 784 778 131 512 607 599 713 138 280 894 839 167 540 235 703 105 642 494 58 82 526 695 385 444 72 372 346 720 65 683 339 661 333 886 377 90 439 571 182 773 216 369 499 225 814
2 825 576
2 194 417
184 19 959 187 971 912 872 829 118 744 216 810 775 588 514 127 92 949 729 883 324 287 562 133 269 748 161 223 870 740 85 523 706 501 718 709 493 437 333 766 714 812 9 998 951 764 219 640 487 299 911 849 817 111 129 519 345 177 777 391 435 899 659 837 926 167 45 597 443 648 769 377 539 68 218 51 733 574 612 981 372 750 1 608 593 348 307 560 517 904 868 471 955 575 843 897 241 913 113 171 121 811 960 274 468 861 78 857 520 623 611 535 436 24 794 902 271 233 644 77 768 300 582 350 255 110 358 679 474 961 852 123 604 814 58 370 143 601 502 104 484 429 570 722 587 434 941 537 992 22 781 610 285 994 101 891 508 385 856 329 787 279 396 845 222 747 800 525 293 853 934 142 865 558 606 673 995 53 39 472 3 546 680 774 388
