2000 1418
2 1402 1264
2 1264 333
2 333 816
2 816 1309
2 1309 1697
2 1697 654
2 654 1349
2 1349 809
2 809 1262
2 1262 1912
2 1912 298
2 298 1694
2 1694 898
2 898 1732
2 1732 1910
2 1910 903
2 903 1103
2 1103 1292
2 1292 1727
2 1727 1409
2 1409 1829
2 1829 209
2 209 1969
2 1969 861
2 861 1080
2 1080 1557
2 1557 1710
2 1710 100
2 100 1866
2 1866 327
2 327 1430
2 1430 512
2 512 1920
2 1920 444
2 444 359
2 359 67
2 67 85
2 85 1441
2 1441 1679
2 1679 897
2 897 287
2 287 350
2 350 1051
2 1051 1948
2 1948 1929
2 1929 1129
2 1129 1164
2 1164 1642
2 1642 254
2 254 1368
2 1368 1664
2 1664 807
2 807 1496
2 1496 1018
2 1018 834
2 834 1112
2 1112 1779
2 1779 190
2 190 1192
2 1192 599
2 599 1171
2 1171 1257
2 1257 1380
2 1380 1038
2 1038 996
2 996 1537
2 1537 1188
2 1188 853
2 853 255
2 255 1897
2 1897 157
2 157 159
2 159 703
2 703 1001
2 1001 638
2 638 1949
2 1949 1479
2 1479 261
2 261 571
2 571 1268
2 1268 386
2 386 1013
2 1013 174
2 174 1634
2 1634 1116
2 1116 532
2 532 1755
2 1755 72
2 72 124
2 124 1891
2 1891 1404
2 1404 1539
2 1539 1958
2 1958 1403
2 1403 1661
2 1661 1675
2 1675 513
2 513 1254
2 1254 632
2 632 88
2 88 366
2 366 950
2 950 940
2 940 887
2 887 1814
2 1814 183
2 183 109
2 109 419
2 419 452
2 452 13
2 13 1090
2 1090 637
2 637 343
2 343 1296
2 1296 1853
2 1853 1656
2 1656 1154
2 1154 459
2 459 25
2 25 695
2 695 271
2 271 1693
2 1693 663
2 663 30
2 30 20
2 20 306
2 306 1514
2 1514 409
2 409 682
2 682 42
2 42 642
2 642 1482
2 1482 909
2 909 1189
2 1189 310
2 310 577
2 577 932
2 932 1935
2 1935 503
2 503 1896
2 1896 1585
2 1585 1505
2 1505 1120
2 1120 1804
2 1804 1914
2 1914 1249
2 1249 1724
2 1724 1846
2 1846 957
2 957 750
2 750 1289
2 1289 1491
2 1491 1492
2 1492 1718
2 1718 1786
2 1786 701
2 701 1476
2 1476 487
2 487 38
2 38 1362
2 1362 212
2 212 1447
2 1447 1976
2 1976 1318
2 1318 1414
2 1414 1270
2 1270 825
2 825 730
2 730 1026
2 1026 1418
2 1418 1108
2 1108 652
2 652 1043
2 1043 592
2 592 1989
2 1989 40
2 40 1251
2 1251 864
2 864 689
2 689 413
2 413 202
2 202 908
2 908 370
2 370 1676
2 1676 205
2 205 411
2 411 1301
2 1301 1802
2 1802 1279
2 1279 740
2 740 265
2 265 312
2 312 342
2 342 169
2 169 1541
2 1541 1907
2 1907 315
2 315 885
2 885 1995
2 1995 1536
2 1536 1939
2 1939 1611
2 1611 1582
2 1582 133
2 133 34
2 34 1864
2 1864 1523
2 1523 187
2 187 1361
2 1361 627
2 627 236
2 236 203
2 203 838
2 838 1859
2 1859 623
2 623 507
2 507 1520
2 1520 840
2 840 1219
2 1219 1085
2 1085 101
2 101 1099
2 1099 716
2 716 1064
2 1064 704
2 704 849
2 849 447
2 447 915
2 915 367
2 367 1595
2 1595 1808
2 1808 535
2 535 1461
2 1461 659
2 659 870
2 870 1589
2 1589 1377
2 1377 628
2 628 723
2 723 61
2 61 900
2 900 1470
2 1470 311
2 311 220
2 220 956
2 956 1960
2 1960 1849
2 1849 1096
2 1096 224
2 224 681
2 681 268
2 268 1011
2 1011 1759
2 1759 1320
2 1320 1527
2 1527 1117
2 1117 1168
2 1168 916
2 916 1715
2 1715 539
2 539 741
2 741 1239
2 1239 235
2 235 389
2 389 1591
2 1591 105
2 105 429
2 429 424
2 424 1788
2 1788 112
2 112 1088
2 1088 1900
2 1900 621
2 621 1500
2 1500 1706
2 1706 1757
2 1757 453
2 453 1926
2 1926 108
2 108 207
2 207 1025
2 1025 1632
2 1632 437
2 437 1248
2 1248 1666
2 1666 1847
2 1847 1091
2 1091 735
2 735 1805
2 1805 890
2 890 1471
2 1471 543
2 543 76
2 76 1663
2 1663 707
2 707 1729
2 1729 1628
2 1628 905
2 905 1071
2 1071 685
2 685 770
2 770 1231
2 1231 1341
2 1341 1943
2 1943 1488
2 1488 245
2 245 1434
2 1434 658
2 658 1255
2 1255 1455
2 1455 1457
2 1457 533
2 533 1506
2 1506 880
2 880 554
2 554 1284
2 1284 1800
2 1800 1109
2 1109 277
2 277 1107
2 1107 1473
2 1473 798
2 798 1673
2 1673 1746
2 1746 476
2 476 1367
2 1367 1209
2 1209 813
2 813 499
2 499 1807
2 1807 589
2 589 839
2 839 248
2 248 258
2 258 6
2 6 719
2 719 1601
2 1601 262
2 262 742
2 742 1131
2 1131 267
2 267 1472
2 1472 1682
2 1682 587
2 587 456
2 456 64
2 64 1614
2 1614 1735
2 1735 721
2 721 768
2 768 1603
2 1603 451
2 451 170
2 170 941
2 941 222
2 222 923
2 923 1578
2 1578 1256
2 1256 881
2 881 195
2 195 1426
2 1426 19
2 19 836
2 836 1369
2 1369 866
2 866 91
2 91 1443
2 1443 641
2 641 761
2 761 526
2 526 368
2 368 917
2 917 263
2 263 1041
2 1041 884
2 884 95
2 95 1570
2 1570 1966
2 1966 1707
2 1707 1354
2 1354 1356
2 1356 545
2 545 1542
2 1542 1390
2 1390 1553
2 1553 143
2 143 341
2 341 1407
2 1407 948
2 948 1469
2 1469 1237
2 1237 114
2 114 400
2 400 1708
2 1708 1332
2 1332 786
2 786 1640
2 1640 1376
2 1376 782
2 782 92
2 92 1358
2 1358 230
2 230 1056
2 1056 1146
2 1146 1696
2 1696 1922
2 1922 1123
2 1123 1709
2 1709 1384
2 1384 1977
2 1977 733
2 733 1629
2 1629 586
2 586 1113
2 1113 1092
2 1092 1975
2 1975 1379
2 1379 307
2 307 1745
2 1745 266
2 266 1135
2 1135 360
2 360 208
2 208 1583
2 1583 173
2 173 1391
2 1391 313
2 313 1415
2 1415 769
2 769 1627
2 1627 575
2 575 1713
2 1713 206
2 206 1197
2 1197 150
2 150 23
2 23 1971
2 1971 1690
2 1690 321
2 321 403
2 403 1210
2 1210 814
2 814 137
2 137 1586
2 1586 1867
2 1867 1327
2 1327 1021
2 1021 560
2 560 1793
2 1793 469
2 469 210
2 210 662
2 662 1561
2 1561 1848
2 1848 162
2 162 1886
2 1886 365
2 365 687
2 687 351
2 351 1979
2 1979 972
2 972 1677
2 1677 1684
2 1684 1140
2 1140 1630
2 1630 435
2 435 1365
2 1365 931
2 931 1818
2 1818 357
2 357 691
2 691 1238
2 1238 1660
2 1660 1941
2 1941 1454
2 1454 690
2 690 168
2 168 969
2 969 1744
2 1744 269
2 269 799
2 799 960
2 960 536
2 536 1821
2 1821 1017
2 1017 330
2 330 1905
2 1905 1592
2 1592 1225
2 1225 1855
2 1855 107
2 107 352
2 352 75
2 75 581
2 581 353
2 353 149
2 149 552
2 552 440
2 440 1346
2 1346 1794
2 1794 4
2 4 1053
2 1053 1551
2 1551 1560
2 1560 649
2 649 531
2 531 949
2 949 757
2 757 1076
2 1076 123
2 123 826
2 826 1691
2 1691 1796
2 1796 1288
2 1288 138
2 138 1822
2 1822 1089
2 1089 1686
2 1686 39
2 39 401
2 401 1777
2 1777 3
2 3 246
2 246 1638
2 1638 1512
2 1512 259
2 259 394
2 394 1277
2 1277 1160
2 1160 550
2 550 754
2 754 1385
2 1385 1195
2 1195 1484
2 1484 1890
2 1890 485
2 485 1196
2 1196 1952
2 1952 281
2 281 706
2 706 391
2 391 377
2 377 1598
2 1598 434
2 434 495
2 495 1619
2 1619 1243
2 1243 728
2 728 624
2 624 1139
2 1139 73
2 73 1870
2 1870 998
2 998 505
2 505 966
2 966 1440
2 1440 1899
2 1899 558
2 558 1180
2 1180 1432
2 1432 1339
2 1339 1961
2 1961 1357
2 1357 482
2 482 106
2 106 954
2 954 1036
2 1036 1799
2 1799 392
2 392 709
2 709 1503
2 1503 872
2 872 1060
2 1060 215
2 215 448
2 448 824
2 824 1068
2 1068 618
2 618 1953
2 1953 1114
2 1114 1711
2 1711 329
2 329 46
2 46 977
2 977 1770
2 1770 1895
2 1895 286
2 286 1278
2 1278 588
2 588 1303
2 1303 1993
2 1993 181
2 181 1587
2 1587 428
2 428 746
2 746 142
2 142 672
2 672 1382
2 1382 79
2 79 144
2 144 1881
2 1881 1133
2 1133 279
2 279 1267
2 1267 1616
2 1616 634
2 634 1736
2 1736 185
2 185 498
2 498 1522
2 1522 1863
2 1863 243
2 243 1944
2 1944 383
2 383 450
2 450 1782
2 1782 601
2 601 655
2 655 1045
2 1045 1827
2 1827 912
2 912 291
2 291 1399
2 1399 688
2 688 1170
2 1170 1240
2 1240 644
2 644 882
2 882 127
2 127 83
2 83 999
2 999 773
2 773 631
2 631 1175
2 1175 1468
2 1468 889
2 889 251
2 251 767
2 767 731
2 731 1166
2 1166 260
2 260 548
2 548 1669
2 1669 422
2 422 720
2 720 45
2 45 1035
2 1035 1780
2 1780 974
2 974 645
2 645 27
2 27 1955
2 1955 349
2 349 438
2 438 1962
2 1962 561
2 561 636
2 636 1024
2 1024 775
2 775 795
2 795 1378
2 1378 338
2 338 347
2 347 1002
2 1002 1856
2 1856 1623
2 1623 147
2 147 1297
2 1297 10
2 10 399
2 399 1689
2 1689 1179
2 1179 711
2 711 591
2 591 1183
2 1183 1475
2 1475 1973
2 1973 1795
2 1795 1046
2 1046 1617
2 1617 247
2 247 63
2 63 803
2 803 1485
2 1485 819
2 819 1771
2 1771 1841
2 1841 995
2 995 194
2 194 1621
2 1621 1649
2 1649 791
2 791 1398
2 1398 582
2 582 1392
2 1392 714
2 714 1974
2 1974 965
2 965 1006
2 1006 2
2 2 22
2 22 1871
2 1871 300
2 300 617
2 617 58
2 58 184
2 184 1705
2 1705 523
2 523 151
2 151 529
2 529 1070
2 1070 613
2 613 955
2 955 163
2 163 626
2 626 739
2 739 1149
2 1149 892
2 892 671
2 671 993
2 993 1546
2 1546 1593
2 1593 1343
2 1343 922
2 922 859
2 859 1550
2 1550 852
2 852 1314
2 1314 976
2 976 1915
2 1915 1712
2 1712 886
2 886 1458
2 1458 756
2 756 1276
2 1276 165
2 165 1161
2 1161 1295
2 1295 1466
2 1466 676
2 676 1211
2 1211 1396
2 1396 1852
2 1852 497
2 497 1143
2 1143 53
2 53 833
2 833 1190
2 1190 1007
2 1007 1157
2 1157 772
2 772 1012
2 1012 815
2 815 1433
2 1433 1072
2 1072 175
2 175 1568
2 1568 1655
2 1655 910
2 910 1383
2 1383 1452
2 1452 1658
2 1658 683
2 683 241
2 241 47
2 47 1835
2 1835 486
2 486 1659
2 1659 1555
2 1555 1552
2 1552 492
2 492 471
2 471 1854
2 1854 1857
2 1857 1776
2 1776 1094
2 1094 1988
2 1988 465
2 465 117
2 117 1596
2 1596 806
2 806 1290
2 1290 856
2 856 436
2 436 1233
2 1233 1227
2 1227 1889
2 1889 1600
2 1600 1501
2 1501 1740
2 1740 1405
2 1405 789
2 789 1683
2 1683 12
2 12 546
2 546 1574
2 1574 744
2 744 1635
2 1635 57
2 57 722
2 722 96
2 96 1445
2 1445 1075
2 1075 875
2 875 474
2 474 920
2 920 1081
2 1081 1721
2 1721 1331
2 1331 1754
2 1754 1128
2 1128 470
2 470 1704
2 1704 1247
2 1247 664
2 664 891
2 891 1549
2 1549 431
2 431 1435
2 1435 167
2 167 264
2 264 630
2 630 1253
2 1253 136
2 136 793
2 793 219
2 219 475
2 475 822
2 822 82
2 82 913
2 913 1911
2 1911 1752
2 1752 1438
2 1438 847
2 847 325
2 325 1351
2 1351 358
2 358 857
2 857 1832
2 1832 841
2 841 818
2 818 1921
2 1921 934
2 934 1987
2 1987 790
2 790 1892
2 1892 1079
2 1079 863
2 863 345
2 345 1875
2 1875 1533
2 1533 118
2 118 1193
2 1193 653
2 653 1651
2 1651 161
2 161 192
2 192 1765
2 1765 1082
2 1082 68
2 68 1429
2 1429 832
2 832 1110
2 1110 1936
2 1936 481
2 481 576
2 576 1791
2 1791 227
2 227 176
2 176 525
2 525 1244
2 1244 1815
2 1815 810
2 810 8
2 8 1198
2 1198 1274
2 1274 1169
2 1169 944
2 944 1477
2 1477 647
2 647 936
2 936 906
2 906 1625
2 1625 929
2 929 406
2 406 1104
2 1104 1010
2 1010 785
2 785 1428
2 1428 764
2 764 457
2 457 1747
2 1747 1324
2 1324 1636
2 1636 1653
2 1653 1893
2 1893 804
2 804 1733
2 1733 1374
2 1374 1584
2 1584 1425
2 1425 390
2 390 1956
2 1956 427
2 427 530
2 530 1767
2 1767 1662
2 1662 496
2 496 103
2 103 1044
2 1044 817
2 817 80
2 80 622
2 622 1509
2 1509 299
2 299 172
2 172 252
2 252 113
2 113 1300
2 1300 229
2 229 381
2 381 808
2 808 1222
2 1222 947
2 947 771
2 771 1283
2 1283 1540
2 1540 1234
2 1234 1774
2 1774 116
2 116 732
2 732 1545
2 1545 1927
2 1927 542
2 542 1271
2 1271 280
2 280 1650
2 1650 121
2 121 1449
2 1449 326
2 326 1680
2 1680 1363
2 1363 216
2 216 1954
2 1954 1884
2 1884 472
2 472 1947
2 1947 1136
2 1136 1528
2 1528 549
2 549 1730
2 1730 1102
2 1102 699
2 699 164
2 164 1372
2 1372 869
2 869 442
2 442 894
2 894 1063
2 1063 752
2 752 980
2 980 180
2 180 784
2 784 90
2 90 455
2 455 725
2 725 1811
2 1811 441
2 441 1050
2 1050 848
2 848 51
2 51 1462
2 1462 182
2 182 152
2 152 102
2 102 1086
2 1086 213
2 213 1946
2 1946 778
2 778 454
2 454 562
2 562 1838
2 1838 1518
2 1518 510
2 510 197
2 197 1330
2 1330 1681
2 1681 1205
2 1205 211
2 211 491
2 491 1764
2 1764 1467
2 1467 397
2 397 568
2 568 1775
2 1775 372
2 372 375
2 375 1422
2 1422 354
2 354 1287
2 1287 1178
2 1178 668
2 668 1031
2 1031 148
2 148 635
2 635 1310
2 1310 1535
2 1535 1202
2 1202 1858
2 1858 1122
2 1122 737
2 737 967
2 967 823
2 823 14
2 14 1874
2 1874 295
2 295 1812
2 1812 214
2 214 692
2 692 355
2 355 1991
2 1991 1352
2 1352 309
2 309 997
2 997 660
2 660 398
2 398 1641
2 1641 553
2 553 1100
2 1100 1084
2 1084 110
2 110 1872
2 1872 416
2 416 1165
2 1165 1615
2 1615 1792
2 1792 930
2 930 1620
2 1620 1464
2 1464 218
2 218 1132
2 1132 387
2 387 128
2 128 1517
2 1517 805
2 805 1942
2 1942 87
2 87 1787
2 1787 686
2 686 928
2 928 702
2 702 675
2 675 1230
2 1230 519
2 519 94
2 94 1702
2 1702 155
2 155 1783
2 1783 158
2 158 1221
2 1221 1743
2 1743 493
2 493 1350
2 1350 1387
2 1387 1119
2 1119 514
2 514 946
2 946 674
2 674 1373
2 1373 557
2 557 1925
2 1925 1996
2 1996 319
2 319 776
2 776 1499
2 1499 1688
2 1688 1159
2 1159 290
2 290 762
2 762 1275
2 1275 1980
2 1980 1077
2 1077 304
2 304 1298
2 1298 1880
2 1880 1908
2 1908 620
2 620 69
2 69 1008
2 1008 765
2 765 821
2 821 1877
2 1877 9
2 9 842
2 842 410
2 410 1825
2 1825 336
2 336 1158
2 1158 231
2 231 1214
2 1214 1312
2 1312 1304
2 1304 1005
2 1005 1903
2 1903 1177
2 1177 1906
2 1906 490
2 490 760
2 760 1360
2 1360 629
2 629 305
2 305 1061
2 1061 871
2 871 16
2 16 317
2 317 1245
2 1245 1302
2 1302 1529
2 1529 1055
2 1055 700
2 700 316
2 316 1828
2 1828 24
2 24 1203
2 1203 991
2 991 600
2 600 1029
2 1029 99
2 99 171
2 171 888
2 888 985
2 985 446
2 446 97
2 97 1337
2 1337 1934
2 1934 458
2 458 1834
2 1834 590
2 590 943
2 943 1153
2 1153 488
2 488 1687
2 1687 602
2 602 78
2 78 1134
2 1134 89
2 89 673
2 673 1003
2 1003 1716
2 1716 129
2 129 1873
2 1873 1994
2 1994 614
2 614 524
2 524 883
2 883 93
2 93 783
2 783 191
2 191 395
2 395 270
2 270 1465
2 1465 145
2 145 766
2 766 1030
2 1030 1749
2 1749 987
2 987 1504
2 1504 879
2 879 911
2 911 1148
2 1148 1184
2 1184 423
2 423 344
2 344 1067
2 1067 1448
2 1448 788
2 788 1819
2 1819 1388
2 1388 1342
2 1342 1347
2 1347 1412
2 1412 1919
2 1919 1773
2 1773 426
2 426 873
2 873 339
2 339 1145
2 1145 1252
2 1252 800
2 800 1285
2 1285 1717
2 1717 1622
2 1622 1042
2 1042 1345
2 1345 593
2 593 1885
2 1885 924
2 924 988
2 988 1213
2 1213 563
2 563 193
2 193 1723
2 1723 425
2 425 1930
2 1930 60
2 60 918
2 918 1798
2 1798 605
2 605 460
2 460 534
2 534 1573
2 1573 1739
2 1739 228
2 228 1562
2 1562 1246
2 1246 52
2 52 1714
2 1714 1579
2 1579 1095
2 1095 1644
2 1644 1065
2 1065 547
2 547 502
2 502 1039
2 1039 1556
2 1556 1569
2 1569 1062
2 1062 705
2 705 527
2 527 1316
2 1316 104
2 104 334
2 334 893
2 893 615
2 615 1220
2 1220 178
2 178 1074
2 1074 528
2 528 971
2 971 335
2 335 404
2 404 1607
2 1607 1548
2 1548 56
2 56 640
2 640 74
2 74 1419
2 1419 1478
2 1478 478
2 478 318
2 318 1978
2 1978 1692
2 1692 314
2 314 385
2 385 1851
2 1851 846
2 846 556
2 556 963
2 1902 1
14 1402 1019 1124 811 1902 1964 579 1833 1645 1605 1580 21 1040 1486
2 1019 1964
139 126 483 612 302 418 1185 1842 753 1951 1670 489 1610 1513 494 1986 37 77 1645 1386 1027 521 724 678 348 1015 1882 81 564 1173 1048 1111 1967 1823 1371 1497 1554 1087 1127 1577 1602 253 1019 1423 1323 1998 844 1913 1932 130 1699 608 648 179 1698 828 131 1820 501 1315 1049 1753 1524 1313 373 1453 1850 55 153 1894 484 1588 1809 935 380 747 1510 1830 15 1879 240 1098 696 1162 1456 388 1336 1115 1294 44 1519 748 1563 708 518 278 1928 1141 1093 1340 1722 1869 951 1647 1281 517 449 597 186 953 749 1720 1370 292 62 1639 272 625 1215 578 1142 1317 1741 177 1118 1293 1843 1575 362 43 393 374 361 1329 1150 415 1306 1417 1667 1258
365 812 1406 463 125 1155 609 899 1957 1016 1785 1668 604 66 223 964 1937 340 1066 464 1364 1761 794 1138 982 763 1348 693 479 1408 1731 1565 574 1490 559 1609 433 407 603 694 970 1311 1511 86 666 907 1325 751 787 237 596 1033 1101 878 520 598 1778 1624 417 1758 1228 868 1437 1763 1273 975 855 1286 421 1984 363 1097 835 516 981 827 1508 1861 896 919 651 1446 466 1813 646 1544 1321 1260 1748 895 1052 657 1201 371 198 1004 468 851 606 1413 661 1816 1898 1366 1242 1495 1547 680 1742 1945 379 1963 221 522 1784 1581 877 1931 1824 200 494 1883 283 1526 1700 1439 1502 65 1359 876 1530 36 1781 968 729 1734 1305 610 35 1701 718 677 1236 135 537 294 1487 41 1538 1355 1888 48 432 1216 616 284 1232 607 860 989 959 1618 204 1916 201 544 301 285 1121 234 515 1909 914 937 1790 1657 346 1652 667 1567 1424 1868 189 1194 256 565 500 1750 1291 796 1395 49 1643 1789 382 1633 1459 736 656 1105 1865 1768 567 332 430 1837 1695 1839 1218 111 134 717 1876 1917 274 293 1576 583 1147 1534 843 1637 297 726 54 1410 904 774 1299 1416 669 420 1645 1726 1126 1678 1009 199 1174 1646 140 1319 670 1626 1672 643 1756 1932 115 1334 745 288 1572 414 1762 1308 792 1516 1182 322 1797 1990 1186 160 1801 1719 384 1803 250 1058 1393 1389 1054 1940 1431 639 984 1887 242 1836 1862 1494 166 1208 504 1047 829 712 1106 1181 232 1965 1999 820 777 1826 952 18 1474 994 156 1463 850 1450 1401 1073 71 1223 938 1933 376 257 132 276 1137 1163 473 146 1444 926 1353 734 939 1028 1263 28 566 1427 1923 412 303 1594 244 1224 830 467 11 511 1000 1172 477 945 462 1665 1489 713 867 1904 1968 727 17 337 1069 1972 1326 1266 759 1328 1261 1938 1531 961 580 308 1566 1738
33 296 1932 1280 1493 1599 758 572 1766 1515 196 1338 122 781 1167 1176 1985 1612 26 797 494 1152 1604 1594 585 1199 679 650 84 141 369 738 1282 1631
2 1594 1932
2 679 1594
2 679 1558
2 506 1558
2 506 331
2 331 217
2 217 238
2 238 139
2 1671 139
2 684 1671
2 684 1685
2 1685 1125
2 1125 1032
2 1032 1451
2 1451 541
2 33 541
2 1481 33
2 1481 282
2 1983 282
2 619 1983
2 1259 619
2 925 1259
2 1265 925
2 1265 1156
2 1156 633
2 226 633
2 226 29
2 29 1507
2 1507 1014
2 275 1014
2 1498 275
24 1397 405 1191 356 225 1772 1810 154 1860 715 98 1144 1059 1241 837 1817 1498 540 665 901 1997 594 239 1992
2 665 1997
8 119 70 538 1992 396 698 509 665
2 698 1992
2 698 509
2 509 779
2 990 779
2 921 990
2 921 942
2 323 942
2 233 323
2 233 364
2 364 1217
2 1217 858
2 862 858
2 461 862
2 743 461
2 780 743
2 188 780
2 1022 188
2 1022 1571
2 402 1571
2 854 402
2 320 854
2 1235 320
2 1400 1235
2 1400 1034
2 1226 1034
2 1420 1226
2 1420 443
2 443 1200
2 1728 1200
2 1521 1728
2 1521 445
2 1525 445
2 1023 1525
2 1130 1023
2 1130 1703
2 1590 1703
2 1590 328
2 328 697
2 697 986
2 1206 986
2 978 1206
2 978 1613
2 1613 1654
2 1654 845
2 50 845
2 595 50
2 1751 595
2 1751 1840
2 1840 1212
2 1151 1212
2 1151 1878
2 1878 408
2 408 249
2 249 958
2 7 958
2 1344 7
2 1344 992
2 1982 992
2 611 1982
2 962 611
2 933 962
2 1918 933
2 1918 1078
2 1648 1078
2 1648 979
2 979 1322
2 1322 1204
2 551 1204
2 1187 551
20 1845 480 120 1981 831 1442 1187 584 1460 1381 1375 801 1483 1436 1959 1608 570 1083 1844 802
2 1083 1436
2 480 1436
2 1950 480
2 1950 1543
2 1543 1737
3 1737 1924 31
2 1924 31
2 31 1760
2 289 1760
2 5 289
2 5 1333
2 1333 1606
2 1806 1606
8 1769 983 874 1806 1272 1421 1411 1057
2 983 1057
2 1057 1411
2 1411 1207
2 555 1207
2 555 1831
2 1831 1970
2 1970 1532
2 1532 1307
2 1307 1335
2 32 1335
2 324 32
2 324 1037
2 973 1037
2 973 508
2 1725 508
2 1480 1725
2 1480 1250
2 1250 59
2 927 59
2 902 927
2 1564 902
2 573 1564
2 573 1020
2 1020 569
2 569 1229
2 1229 1559
2 1559 755
2 1674 755
2 1674 1394
2 1394 710
2 710 1901
2 1597 1901
2 1597 865
4 378 865 2000 439
2 439 378
4 2000 1269 273 439
