1500 713
2 601 1288
2 1288 519
2 519 61
2 61 943
2 943 1499
2 1499 695
2 695 1083
2 1083 773
2 773 13
2 13 227
2 227 1357
2 1357 1276
2 1276 136
2 136 1173
2 1173 1021
2 1021 205
2 205 1416
2 1416 900
2 900 1385
2 1385 819
2 819 758
2 758 563
2 563 1454
2 1454 664
2 664 1464
2 1464 783
2 783 173
2 173 1153
2 1153 712
2 712 422
2 422 1307
2 1307 776
2 776 911
2 911 1199
2 1199 282
2 282 109
2 109 321
2 321 65
2 65 1480
2 1480 571
2 571 359
2 359 1071
2 1071 514
2 514 537
2 537 1023
2 1023 257
2 257 201
2 201 434
2 434 1070
2 1070 805
2 805 1246
2 1246 504
2 504 517
2 517 593
2 593 140
2 140 309
2 309 846
2 846 1358
2 1358 921
2 921 970
2 970 68
2 68 954
2 954 977
2 977 1136
2 1136 578
2 578 607
2 607 1130
2 1130 1097
2 1097 1087
2 1087 1370
2 1370 701
2 701 103
2 103 1360
2 1360 1172
2 1172 1326
2 1326 403
2 403 208
2 208 559
2 559 553
2 553 12
2 12 849
2 849 1151
2 1151 1449
2 1449 599
2 599 1424
2 1424 723
2 723 31
2 31 968
2 968 1257
2 1257 959
2 959 1259
2 1259 732
2 732 468
2 468 311
2 311 1380
2 1380 391
2 391 1075
2 1075 1221
2 1221 906
2 906 237
2 237 1356
2 1356 606
2 606 787
2 787 833
2 833 919
2 919 891
2 891 67
2 67 1328
2 1328 801
2 801 1410
2 1410 1439
2 1439 1012
2 1012 1391
2 1391 1216
2 1216 588
2 588 5
2 5 646
2 646 1401
2 1401 860
2 860 835
2 835 1389
2 1389 446
2 446 544
2 544 1382
2 1382 366
2 366 828
2 828 595
2 595 182
2 182 432
2 432 980
2 980 170
2 170 253
2 253 1313
2 1313 1443
2 1443 1148
2 1148 956
2 956 869
2 869 372
2 372 953
2 953 1031
2 1031 1466
2 1466 60
2 60 26
2 26 1343
2 1343 84
2 84 1435
2 1435 1107
2 1107 484
2 484 277
2 277 1128
2 1128 388
2 388 550
2 550 207
2 207 1340
2 1340 1068
2 1068 1033
2 1033 121
2 121 726
2 726 273
2 273 317
2 317 1077
2 1077 1118
2 1118 348
2 348 53
2 53 764
2 764 1089
2 1089 538
2 538 798
2 798 622
2 622 603
2 603 368
2 368 35
2 35 868
2 868 339
2 339 90
2 90 1149
2 1149 1046
2 1046 867
2 867 1330
2 1330 117
2 117 1261
2 1261 1352
2 1352 561
2 561 1057
2 1057 620
2 620 25
2 25 1490
2 1490 120
2 120 1105
2 1105 615
2 615 1201
2 1201 1431
2 1431 225
2 225 1166
2 1166 640
2 640 221
2 221 116
2 116 650
2 650 349
2 349 1122
2 1122 186
2 186 1297
2 1297 547
2 547 285
2 285 635
2 635 512
2 512 214
2 214 1298
2 1298 420
2 420 1243
2 1243 284
2 284 975
2 975 488
2 488 1447
2 1447 1138
2 1138 415
2 415 1293
2 1293 91
2 91 351
2 351 608
2 608 204
2 204 1450
2 1450 946
2 946 1403
2 1403 892
2 892 1359
2 1359 600
2 600 1274
2 1274 1141
2 1141 691
2 691 200
2 200 107
2 107 768
2 768 430
2 430 467
2 467 134
2 134 377
2 377 1058
2 1058 212
2 212 575
2 575 1256
2 1256 1266
2 1266 231
2 231 527
2 527 810
2 810 151
2 151 889
2 889 409
2 409 1396
2 1396 818
2 818 1369
2 1369 573
2 573 82
2 82 169
2 169 1146
2 1146 331
2 331 1456
2 1456 1491
2 1491 1152
2 1152 335
2 335 639
2 639 1301
2 1301 1318
2 1318 755
2 755 567
2 567 1286
2 1286 589
2 589 299
2 299 465
2 465 1207
2 1207 1101
2 1101 1099
2 1099 786
2 786 886
2 886 1291
2 1291 790
2 790 834
2 834 742
2 742 1061
2 1061 370
2 370 557
2 557 314
2 314 1477
2 1477 66
2 66 682
2 682 618
2 618 1055
2 1055 734
2 734 449
2 449 110
2 110 220
2 220 176
2 176 1306
2 1306 1411
2 1411 1255
2 1255 998
2 998 1210
2 1210 1373
2 1373 858
2 858 1462
2 1462 986
2 986 1421
2 1421 843
2 843 617
2 617 439
2 439 236
2 236 216
2 216 698
2 698 1113
2 1113 1170
2 1170 753
2 753 329
2 329 1123
2 1123 1351
2 1351 822
2 822 1154
2 1154 1036
2 1036 912
2 912 197
2 197 443
2 443 759
2 759 376
2 376 678
2 678 1405
2 1405 1022
2 1022 174
2 174 308
2 308 671
2 671 990
2 990 642
2 642 741
2 741 112
2 112 45
2 45 445
2 445 1471
2 1471 326
2 326 1363
2 1363 654
2 654 1233
2 1233 1177
2 1177 501
2 501 700
2 700 510
2 510 1399
2 1399 523
2 523 1387
2 1387 609
2 609 739
2 739 1208
2 1208 1335
2 1335 234
2 234 424
2 424 1465
2 1465 1299
2 1299 901
2 901 996
2 996 662
2 662 139
2 139 730
2 730 58
2 58 569
2 569 22
2 22 1215
2 1215 879
2 879 295
2 295 633
2 633 689
2 689 885
2 885 8
2 8 983
2 983 490
2 490 1247
2 1247 928
2 928 96
2 96 344
2 344 752
2 752 570
2 570 530
2 530 249
2 249 1081
2 1081 454
2 454 1133
2 1133 611
2 611 543
2 543 727
2 727 362
2 362 1024
2 1024 1025
2 1025 1114
2 1114 850
2 850 428
2 428 619
2 619 305
2 305 505
2 505 244
2 244 942
2 942 853
2 853 969
2 969 93
2 93 1333
2 1333 380
2 380 626
2 626 410
2 410 845
2 845 826
2 826 1120
2 1120 847
2 847 1185
2 1185 800
2 800 598
2 598 745
2 745 1218
2 1218 1010
2 1010 318
2 318 877
2 877 772
2 772 1386
2 1386 463
2 463 766
2 766 1234
2 1234 612
2 612 275
2 275 696
2 696 1492
2 1492 688
2 688 710
2 710 228
2 228 507
2 507 62
2 62 994
2 994 101
2 101 72
2 72 150
2 150 984
2 984 1230
2 1230 455
2 455 1433
2 1433 631
2 631 192
2 192 1117
2 1117 859
2 859 199
2 199 1052
2 1052 398
2 398 581
2 581 750
2 750 1092
2 1092 585
2 585 916
2 916 1267
2 1267 442
2 442 1007
2 1007 526
2 526 478
2 478 1162
2 1162 235
2 235 1311
2 1311 1496
2 1496 265
2 265 930
2 930 630
2 630 513
2 513 670
2 670 248
2 248 518
2 518 210
2 210 1262
2 1262 531
2 531 260
2 260 636
2 636 1252
2 1252 1240
2 1240 283
2 283 1086
2 1086 402
2 402 1426
2 1426 1453
2 1453 361
2 361 243
2 243 159
2 159 496
2 496 188
2 188 926
2 926 276
2 276 882
2 882 1186
2 1186 1088
2 1088 669
2 669 145
2 145 934
2 934 851
2 851 1302
2 1302 1001
2 1001 1437
2 1437 1018
2 1018 1161
2 1161 658
2 658 1375
2 1375 997
2 997 261
2 261 1067
2 1067 958
2 958 625
2 625 721
2 721 1098
2 1098 1331
2 1331 165
2 165 540
2 540 1191
2 1191 1461
2 1461 292
2 292 875
2 875 521
2 521 1284
2 1284 278
2 278 861
2 861 477
2 477 95
2 95 469
2 469 41
2 41 552
2 552 343
2 343 1384
2 1384 52
2 52 582
2 582 266
2 266 1080
2 1080 1176
2 1176 679
2 679 1354
2 1354 1042
2 1042 1245
2 1245 492
2 492 542
2 542 312
2 312 1037
2 1037 20
2 20 345
2 345 841
2 841 181
2 181 1236
2 1236 1235
2 1235 400
2 400 1493
2 1493 224
2 224 1258
2 1258 291
2 291 556
2 556 925
2 925 597
2 597 1342
2 1342 1349
2 1349 520
2 520 1082
2 1082 196
2 196 457
2 457 264
2 264 407
2 407 1418
2 1418 180
2 180 80
2 80 1140
2 1140 168
2 168 30
2 30 191
2 191 1227
2 1227 979
2 979 629
2 629 708
2 708 106
2 106 935
2 935 414
2 414 1200
2 1200 702
2 702 1294
2 1294 566
2 566 77
2 77 813
2 813 1038
2 1038 602
2 602 493
2 493 306
2 306 1337
2 1337 1287
2 1287 272
2 272 232
2 232 539
2 539 940
2 940 187
2 187 411
2 411 924
2 924 1310
2 1310 947
2 947 955
2 955 246
2 246 1131
2 1131 453
2 453 1347
2 1347 1147
2 1147 509
2 509 1179
2 1179 1049
2 1049 549
2 549 1238
2 1238 680
2 680 444
2 444 1144
2 1144 857
2 857 762
2 762 371
2 371 1483
2 1483 774
2 774 296
2 296 665
2 665 426
2 426 395
2 395 1314
2 1314 229
2 229 1388
2 1388 1281
2 1281 1432
2 1432 78
2 78 1041
2 1041 338
2 338 1353
2 1353 328
2 328 47
2 47 704
2 704 1008
2 1008 855
2 855 923
2 923 863
2 863 995
2 1 568
500 601 820 1003 794 605 663 70 19 966 347 1171 643 713 960 1249 1272 1402 195 189 627 804 352 1054 144 451 198 961 355 247 1436 731 1180 427 830 703 307 896 1202 941 1251 1429 489 551 4 252 1125 1239 2 302 894 111 932 637 105 1460 724 756 94 1026 780 206 153 1169 1222 113 972 495 129 1073 1004 433 621 288 1348 1319 748 363 190 1225 494 1135 1269 1282 1423 1407 871 324 645 340 1062 346 511 964 1196 1045 1441 769 577 1110 215 115 1223 1378 479 1195 487 475 694 1446 852 245 304 79 378 765 656 1317 897 393 154 1015 33 43 399 1064 263 401 829 799 785 290 1280 127 1275 1127 558 256 1212 1277 28 336 1341 301 148 476 648 1325 485 1132 522 1229 1334 532 413 831 1175 83 1108 482 1211 982 497 641 1467 286 1091 1395 1355 499 628 1069 929 988 40 751 431 653 203 358 1013 211 1181 480 623 697 147 386 613 971 486 1265 1487 1479 1206 1213 1475 1231 949 1440 472 596 1379 404 716 1344 1044 936 1100 85 435 814 951 1009 1124 1414 740 722 1472 29 560 743 502 775 1002 1157 735 1165 1093 1444 175 579 269 1312 673 1111 1005 1374 580 652 114 1241 280 123 1030 122 884 1048 917 1066 987 802 1189 890 1134 1397 1434 49 238 545 973 417 515 1332 226 39 854 836 1279 1283 202 294 1158 1495 644 880 440 1260 976 155 1220 1109 516 583 661 862 392 223 452 948 132 918 323 438 160 1438 1322 1398 1096 922 1145 1303 131 1020 1143 825 1478 450 821 498 870 44 1217 1377 1167 1309 993 676 471 76 3 74 592 1250 503 1417 1498 1320 757 298 763 1270 1268 1350 684 193 1060 832 816 50 1427 844 213 887 233 736 418 350 895 1489 974 387 1198 1190 1035 313 55 533 342 1254 939 981 1273 87 1425 978 905 945 791 616 353 1078 1137 1376 1420 692 534 459 178 1203 1164 1428 384 330 1160 555 1027 554 717 614 1390 254 34 957 568 441 1040 239 1121 638 100 356 456 279 893 1412 491 1187 803 1445 1115 1104 303 421 1285 1323 1183 1463 815 108 337 327 135 876 73 1381 683 746 881 699 907 795 749 1315 1126 1156 778 715 1059 1400 1497 24 529 1368 300 842 770 104 177 864 1192 649 965 506 824 1014 564 999 274 938 777 37 1430 904 89 1361 1102 837 1271 46 99 373 1371 950 385 1415 1163 548 1482 788 1076 1290 809 281 9 36 1366 16 183 677 56 944 27 406 1321 782 1155 1084 1106 219 437
2 280 393
2 233 393
226 812 423 125 259 166 1072 915 267 241 827 51 991 1011 137 807 63 1056 429 483 675 914 1051 594 714 856 963 1079 461 293 1473 1408 1112 405 888 651 425 817 660 1336 500 737 761 1205 1116 910 1228 1278 587 1367 546 1094 1346 624 1159 416 668 1090 1197 69 667 874 1476 1019 1139 839 369 1063 1409 133 1442 1028 610 466 1469 711 1494 163 271 258 86 172 1224 1226 1394 64 319 909 985 1488 690 1244 903 536 167 149 7 48 687 1194 1392 823 1413 535 1345 390 793 354 447 1451 397 1242 164 1050 360 10 992 146 1457 707 1304 379 460 1043 381 1468 251 1364 374 473 1053 341 1006 98 933 1214 315 937 32 1034 1329 1305 287 781 931 806 14 1219 102 525 157 367 1481 779 458 672 1327 705 1150 1324 142 1248 185 528 268 685 1168 138 474 647 396 878 222 913 124 297 1017 1458 659 591 1404 655 883 1237 541 75 1184 796 42 141 481 152 848 1232 119 797 720 718 162 1300 184 59 674 719 1119 128 310 97 383 316 784 1142 967 81 382 1074 1406 576 1383 962 789 419 436 233 634 1486 725
2 1142 937
2 10 937
2 1129 10
17 54 408 873 332 1393 604 1372 760 389 179 88 1103 1129 1474 584 792 1204
2 584 1393
2 1393 1372
2 1372 565
2 657 565
3 255 1253 657
2 255 1253
2 1085 1253
28 130 572 1193 364 866 289 632 744 902 508 693 1047 1296 865 1455 1316 728 126 240 1085 729 681 156 325 1459 161 230 143
2 161 1455
2 161 143
2 143 562
2 1419 562
2 1419 1065
2 320 1065
2 365 320
2 365 357
26 733 1000 686 357 464 194 1362 1485 1339 1484 590 899 1448 1039 1264 1174 952 574 448 1182 920 158 709 250 840 808
2 448 1039
2 1448 448
2 1448 1452
2 1452 470
2 470 171
2 171 375
2 375 1365
2 334 1365
2 1308 334
2 1308 6
2 270 6
2 270 927
2 927 1295
2 1209 1295
2 1209 1032
2 23 1032
2 23 1095
2 1016 1095
2 1016 242
2 747 242
2 1292 747
2 1292 1422
2 1422 1470
2 1470 872
2 57 872
2 57 38
2 218 38
2 218 1289
2 1289 1263
2 767 1263
2 1188 767
2 17 1188
2 462 17
2 462 898
2 118 898
2 118 71
2 71 412
2 754 412
2 1178 754
3 838 1178 908
2 908 838
2 838 217
2 262 217
2 738 262
2 771 738
2 771 586
2 333 586
2 989 333
2 811 989
7 1029 666 15 811 524 21 394
2 1029 21
2 15 1029
2 18 15
8 1500 322 706 209 18 11 92 1338
