1000 72
2 625 839
2 839 239
2 239 553
2 553 594
2 594 107
2 107 409
2 409 582
2 582 626
2 626 534
2 534 285
2 285 416
2 416 823
2 823 286
2 286 27
2 27 171
2 171 620
2 620 434
2 434 657
2 657 985
2 985 378
2 378 960
2 960 987
2 987 530
2 530 448
2 448 40
2 40 906
2 906 19
2 19 869
2 869 915
2 915 717
2 717 914
2 914 929
2 929 149
2 149 731
2 731 297
2 297 440
2 440 952
2 952 201
2 201 697
2 697 157
2 157 857
2 857 458
2 458 84
2 84 500
2 500 61
2 61 798
2 798 369
2 369 676
2 1 975
2 780 975
2 780 600
440 345 630 15 978 822 926 899 719 659 484 293 18 118 48 631 315 557 643 930 894 202 882 754 751 521 175 517 350 817 352 74 398 917 141 330 109 818 793 483 710 937 627 445 420 663 51 90 991 878 957 456 829 760 842 474 713 159 112 787 360 425 86 262 260 280 861 22 308 182 745 846 843 967 802 776 921 213 928 164 418 421 14 895 790 131 343 951 546 498 988 935 191 634 136 257 920 252 543 774 459 78 716 138 359 162 590 777 876 689 999 922 125 4 782 404 39 610 693 451 781 386 524 79 167 473 598 29 462 89 826 569 397 753 801 901 827 660 450 540 221 633 519 174 72 953 767 729 924 283 606 254 603 411 668 873 986 556 578 496 566 765 96 501 325 259 323 244 152 105 342 98 622 674 677 854 587 406 263 735 536 568 529 217 94 941 422 361 67 656 763 584 523 205 9 163 375 502 821 436 322 892 742 538 562 958 927 103 480 485 225 132 758 135 8 706 173 910 82 737 368 520 455 44 679 215 946 849 476 808 592 12 525 304 178 684 265 42 5 195 423 279 151 273 815 966 812 407 548 414 119 916 690 114 890 126 947 618 432 150 831 219 274 984 669 806 600 506 472 466 399 741 900 877 373 847 614 982 577 300 3 773 234 36 443 475 332 658 933 621 989 848 487 809 428 721 481 104 912 216 54 59 256 394 494 575 134 722 792 251 7 100 310 324 192 714 154 749 795 581 391 73 442 695 415 245 115 655 292 384 76 570 708 623 961 516 685 347 661 328 789 366 53 535 358 919 50 526 896 820 875 281 559 249 740 137 702 268 904 236 944 389 43 874 116 155 863 91 200 301 417 650 453 898 365 142 161 974 488 908 71 85 277 49 227 640 490 364 537 715 179 727 413 387 532 811 128 212 549 796 805 250 80 552 312 24 772 995 165 732 129 11 766 497 858 813 750 437 237 57 374 356 641 26 836 344 564 433 699 565 759 405 909 248 572 306 31 143 688 32 625
345 228 153 410 148 595 853 261 545 707 583 885 943 828 990 226 560 146 2 925 965 964 491 66 832 187 956 628 309 746 207 691 271 16 972 60 235 290 725 617 376 785 638 333 214 336 591 703 541 712 370 619 10 698 959 608 711 872 229 865 783 739 176 461 907 363 705 794 855 30 734 97 997 133 998 730 64 392 654 762 105 883 636 266 340 296 788 918 604 528 184 775 430 647 902 673 199 938 351 664 65 867 108 499 881 512 327 816 810 931 833 113 230 992 63 539 188 692 726 120 302 454 122 144 652 555 181 222 558 379 567 47 305 278 800 121 412 903 233 547 942 585 247 756 106 665 807 431 976 380 166 383 533 605 276 963 681 891 75 672 834 602 983 326 513 840 518 130 385 393 718 402 185 357 220 329 58 639 852 468 551 169 696 588 871 666 390 299 586 408 145 845 194 850 778 505 509 940 649 401 21 880 511 573 694 203 968 819 381 542 424 723 948 738 939 478 889 190 522 37 382 755 282 651 563 242 870 609 147 158 28 814 607 337 452 791 743 307 593 441 544 611 936 449 893 70 799 971 354 477 457 905 825 349 45 838 313 231 355 367 33 675 56 319 243 950 139 830 317 747 970 704 123 426 879 934 439 189 41 177 400 209 682 17 465 771 321 292 284 728 264 752 597 88 469 197 298 962 736 87 471 372 291 117 642 316 240 62 81 851 835 993 311 269 168 913 463 429 446 886 724 102 339 644 837 709 866 680 991 295 346 232 980 678 110 803 683 574 198 977 444 196 338 653 482 460
2 292 991
2 723 292
50 492 224 764 241 868 320 331 479 515 599 170 887 804 786 186 504 723 955 531 701 996 493 180 508 686 514 77 93 768 353 561 160 253 275 932 862 744 769 255 183 396 888 700 34 238 172 612 218 124 662
59 973 23 624 287 25 267 510 579 994 646 294 864 362 206 844 69 489 124 507 969 83 981 613 395 761 371 204 52 334 744 211 156 223 949 6 601 554 427 92 635 911 527 318 55 314 897 246 101 571 804 127 35 258 550 438 589 748 46 733
2 744 804
2 744 287
44 856 272 95 784 287 464 303 670 377 629 576 419 348 671 13 435 757 884 486 859 797 341 38 270 648 208 467 447 289 580 667 193 770 687 99 645 923 335 720 140 495 615 860 68
2 272 923
2 272 193
2 193 111
2 111 596
2 596 388
10 503 388 470 616 288 210 403 779 637 632
3 616 403 288
2 403 616
2 403 945
2 945 954
2 824 954
5 1000 824 979 841 20
