2000 1448
2 372 637
2 637 485
2 485 99
2 489 810
2 810 331
2 519 430
2 1473 1710
2 1358 1665
2 1665 165
2 165 1477
2 370 1887
2 1302 1664
2 1664 175
2 175 1650
2 1650 1089
2 1089 1179
2 1696 1520
2 1520 47
2 47 1778
2 1725 1614
2 672 639
2 1857 229
2 229 1256
2 1712 1529
2 1529 1545
2 1545 1051
2 1852 237
2 1333 1078
2 1433 429
2 953 753
2 753 1732
2 1732 1159
2 1159 445
2 1537 540
2 540 472
2 767 1967
2 839 199
2 1093 973
2 1157 131
2 131 1559
2 1533 90
2 90 491
2 1633 1184
2 1184 1260
2 1260 1720
2 1720 288
2 1212 1483
2 14 1602
2 1602 1161
2 290 1570
2 1570 1618
2 1618 903
2 903 1363
2 1363 188
2 188 627
2 627 1237
2 1237 1276
2 1276 1583
2 1583 1205
2 1205 1230
2 1230 822
2 822 1464
2 1464 1756
2 1756 1006
2 1006 1503
2 1503 41
2 41 1567
2 1567 1222
2 1222 1853
2 1853 798
2 798 1029
2 1029 954
2 954 1761
2 1761 621
2 621 659
2 659 1662
2 1662 860
2 860 853
2 853 498
2 498 265
2 265 1137
2 1137 986
2 986 1045
2 1045 21
2 21 1805
2 1805 553
2 553 1438
2 1438 863
2 863 1297
2 1297 1816
2 1816 1708
2 1708 1572
2 1572 530
2 530 1038
2 1038 1424
2 1424 233
2 233 181
2 181 1146
2 1146 218
2 218 993
2 993 653
2 653 1984
2 1984 36
2 36 1683
2 1683 357
2 357 71
2 71 872
2 872 836
2 836 1309
2 1309 63
2 63 417
2 417 1556
2 1556 195
2 195 1367
2 1367 1314
2 1314 812
2 812 282
2 282 1474
2 1474 1203
2 1203 94
2 94 1425
2 1425 968
2 968 734
2 734 1366
2 1366 230
2 230 1227
2 1227 1431
2 1431 923
2 923 304
2 304 172
2 172 604
2 604 398
2 398 827
2 827 815
2 815 1532
2 1532 51
2 51 510
2 510 1578
2 1578 82
2 82 623
2 623 5
2 5 1048
2 1048 684
2 684 961
2 961 189
2 189 1826
2 1826 1499
2 1499 1830
2 1830 1841
2 1841 1416
2 1416 408
2 408 150
2 150 823
2 823 654
2 654 1717
2 1717 878
2 878 1455
2 1455 1180
2 1180 1466
2 1466 879
2 879 1183
2 1183 177
2 177 255
2 255 1356
2 1356 1083
2 1083 1395
2 1395 24
2 24 916
2 916 1266
2 1266 1977
2 1977 1384
2 1384 998
2 998 832
2 832 1719
2 1719 1669
2 1669 1249
2 1249 865
2 865 305
2 305 911
2 911 1221
2 1221 1242
2 1242 1866
2 1866 939
2 939 1897
2 1897 1044
2 1044 1434
2 1434 976
2 976 676
2 676 438
2 438 1420
2 1420 643
2 643 1385
2 1385 630
2 630 1786
2 1786 1349
2 1349 1976
2 1976 1074
2 1074 377
2 377 1181
2 1181 1575
2 1575 507
2 507 1978
2 1978 755
2 755 1072
2 1072 362
2 362 1955
2 1955 1491
2 1491 301
2 301 1340
2 1340 1131
2 1131 636
2 636 547
2 547 858
2 858 1879
2 1879 1463
2 1463 652
2 652 662
2 662 558
2 558 1935
2 1935 321
2 321 1608
2 1608 640
2 640 800
2 800 400
2 400 1215
2 1215 262
2 262 455
2 455 721
2 721 1707
2 1707 1576
2 1576 651
2 651 197
2 197 576
2 576 1671
2 1671 1471
2 1471 694
2 694 93
2 93 1714
2 1714 1914
2 1914 394
2 394 1489
2 1489 1900
2 1900 841
2 841 1218
2 1218 1862
2 1862 1470
2 1470 1634
2 1634 1189
2 1189 1957
2 1957 1435
2 1435 766
2 766 1064
2 1064 850
2 850 849
2 849 501
2 501 1380
2 1380 1972
2 1972 617
2 617 29
2 29 1515
2 1515 1001
2 1001 1255
2 1255 1469
2 1469 449
2 449 1035
2 1035 1921
2 1921 1948
2 1948 1728
2 1728 970
2 970 585
2 585 1926
2 1926 1013
2 1013 239
2 239 287
2 287 75
2 75 122
2 122 1070
2 1070 537
2 537 1813
2 1813 1187
2 1187 320
2 320 443
2 443 1738
2 1738 458
2 458 59
2 59 703
2 703 1815
2 1815 1141
2 1141 1681
2 1681 1796
2 1796 1057
2 1057 351
2 351 565
2 565 1938
2 1938 1052
2 1052 919
2 919 1106
2 1106 1264
2 1264 713
2 713 1269
2 1269 1248
2 1248 1932
2 1932 153
2 153 756
2 756 957
2 957 718
2 718 666
2 666 23
2 23 488
2 488 115
2 115 1798
2 1798 650
2 650 1378
2 1378 327
2 327 869
2 869 1313
2 1313 1612
2 1612 252
2 252 515
2 515 1299
2 1299 1115
2 1115 935
2 935 457
2 457 1262
2 1262 1983
2 1983 251
2 251 894
2 894 1476
2 1476 196
2 196 824
2 824 599
2 599 1749
2 1749 780
2 780 1432
2 1432 1645
2 1645 1963
2 1963 52
2 52 1990
2 1990 359
2 359 1561
2 1561 207
2 207 1588
2 1588 295
2 295 1949
2 1949 1263
2 1263 1143
2 1143 1441
2 1441 689
2 689 1784
2 1784 1156
2 1156 45
2 45 1339
2 1339 1117
2 1117 746
2 746 701
2 701 1245
2 1245 1400
2 1400 1531
2 1531 1235
2 1235 7
2 7 1965
2 1965 1791
2 1791 1030
2 1030 1267
2 1267 376
2 376 193
2 193 641
2 641 111
2 111 528
2 528 1538
2 1538 56
2 56 1344
2 1344 1444
2 1444 1372
2 1372 1943
2 1943 972
2 972 110
2 110 574
2 574 1809
2 1809 1789
2 1789 1691
2 1691 1228
2 1228 1609
2 1609 243
2 243 1840
2 1840 796
2 796 962
2 962 964
2 964 550
2 550 706
2 706 711
2 711 1086
2 1086 72
2 72 1827
2 1827 13
2 13 977
2 977 1793
2 1793 1307
2 1307 763
2 763 1591
2 1591 1317
2 1317 1081
2 1081 1543
2 1543 1223
2 1223 1032
2 1032 1819
2 1819 1760
2 1760 1177
2 1177 269
2 269 325
2 325 86
2 86 1100
2 1100 1715
2 1715 1734
2 1734 1922
2 1922 1958
2 1958 936
2 936 1460
2 1460 979
2 979 482
2 482 1485
2 1485 259
2 259 1077
2 1077 130
2 130 1021
2 1021 880
2 880 1775
2 1775 1394
2 1394 1409
2 1409 1754
2 1754 1280
2 1280 1486
2 1486 1764
2 1764 125
2 125 1787
2 1787 610
2 610 480
2 480 129
2 129 1969
2 1969 1076
2 1076 985
2 985 725
2 725 1554
2 1554 1970
2 1970 1062
2 1062 1731
2 1731 901
2 901 616
2 616 1251
2 1251 1451
2 1451 100
2 100 1298
2 1298 1851
2 1851 163
2 163 1046
2 1046 1528
2 1528 493
2 493 634
2 634 981
2 981 772
2 772 915
2 915 899
2 899 1748
2 1748 1199
2 1199 1315
2 1315 1831
2 1831 143
2 143 1393
2 1393 884
2 884 1252
2 1252 1244
2 1244 1539
2 1539 504
2 504 1152
2 1152 1031
2 1031 867
2 867 813
2 813 227
2 227 185
2 185 722
2 722 1869
2 1869 749
2 749 1084
2 1084 729
2 729 1849
2 1849 242
2 242 657
2 657 934
2 934 1694
2 1694 206
2 206 1548
2 1548 1898
2 1898 1657
2 1657 744
2 744 1488
2 1488 1478
2 1478 816
2 816 1388
2 1388 566
2 566 1058
2 1058 1319
2 1319 1630
2 1630 1837
2 1837 1028
2 1028 450
2 450 889
2 889 1122
2 1122 929
2 929 240
2 240 779
2 779 732
2 732 136
2 136 1705
2 1705 244
2 244 1910
2 1910 933
2 933 789
2 789 1417
2 1417 955
2 955 10
2 10 1007
2 1007 1865
2 1865 1679
2 1679 88
2 88 495
2 495 1686
2 1686 312
2 312 1239
2 1239 453
2 453 1214
2 1214 39
2 39 1542
2 1542 15
2 15 386
2 386 1067
2 1067 1017
2 1017 127
2 127 708
2 708 1895
2 1895 786
2 786 1716
2 1716 870
2 870 1233
2 1233 486
2 486 423
2 423 1640
2 1640 1721
2 1721 1454
2 1454 168
2 168 991
2 991 795
2 795 118
2 118 1915
2 1915 1103
2 1103 1919
2 1919 1848
2 1848 1039
2 1039 1407
2 1407 1642
2 1642 144
2 144 543
2 543 134
2 134 736
2 736 852
2 852 1985
2 1985 1631
2 1631 1041
2 1041 462
2 462 539
2 539 452
2 452 1655
2 1655 1071
2 1071 328
2 328 1303
2 1303 546
2 546 1145
2 1145 559
2 559 1047
2 1047 922
2 922 1782
2 1782 474
2 474 261
2 261 1806
2 1806 141
2 141 791
2 791 692
2 692 1124
2 1124 516
2 516 1290
2 1290 112
2 112 349
2 349 1968
2 1968 1868
2 1868 1308
2 1308 1553
2 1553 1944
2 1944 1462
2 1462 618
2 618 1854
2 1854 895
2 895 1779
2 1779 892
2 892 754
2 754 256
2 256 1042
2 1042 248
2 248 1620
2 1620 358
2 358 350
2 350 302
2 302 1873
2 1873 1375
2 1375 1216
2 1216 821
2 821 272
2 272 1834
2 1834 412
2 412 2
2 2 926
2 926 1909
2 1909 311
2 311 1896
2 1896 833
2 833 476
2 476 1874
2 1874 686
2 686 1692
2 1692 536
2 536 155
2 155 139
2 139 8
2 8 648
2 648 984
2 984 601
2 601 1412
2 1412 590
2 590 1012
2 1012 78
2 78 1996
2 1996 1971
2 1971 117
2 117 1593
2 1593 956
2 956 598
2 598 635
2 635 1192
2 1192 897
2 897 1468
2 1468 1422
2 1422 1500
2 1500 1523
2 1523 76
2 76 1621
2 1621 757
2 757 1482
2 1482 285
2 285 74
2 74 1628
2 1628 1369
2 1369 246
2 246 1886
2 1886 1419
2 1419 989
2 989 333
2 333 612
2 612 1501
2 1501 1821
2 1821 518
2 518 1986
2 1986 1401
2 1401 1643
2 1643 1178
2 1178 1918
2 1918 1892
2 1892 1519
2 1519 182
2 182 535
2 535 614
2 614 1991
2 1991 533
2 533 1797
2 1797 924
2 924 1355
2 1355 788
2 788 1785
2 1785 1257
2 1257 1613
2 1613 743
2 743 1437
2 1437 931
2 931 324
2 324 89
2 89 228
2 228 383
2 383 1974
2 1974 1973
2 1973 1023
2 1023 1247
2 1247 549
2 549 1413
2 1413 562
2 562 401
2 401 1641
2 1641 222
2 222 22
2 22 1907
2 1907 20
2 20 300
2 300 1956
2 1956 969
2 969 250
2 250 697
2 697 215
2 215 9
2 9 198
2 198 54
2 54 1549
2 1549 380
2 380 1509
2 1509 665
2 665 1359
2 1359 425
2 425 1939
2 1939 121
2 121 1492
2 1492 138
2 138 927
2 927 762
2 762 527
2 527 1426
2 1426 542
2 542 119
2 119 996
2 996 274
2 274 1120
2 1120 583
2 583 950
2 950 416
2 416 1142
2 1142 1601
2 1601 1551
2 1551 687
2 687 804
2 804 907
2 907 1794
2 1794 1379
2 1379 1467
2 1467 664
2 664 1703
2 1703 1154
2 1154 183
2 183 1527
2 1527 571
2 571 582
2 582 479
2 479 1877
2 1877 631
2 631 77
2 77 948
2 948 1518
2 1518 53
2 53 179
2 179 661
2 661 1880
2 1880 1540
2 1540 913
2 913 1952
2 1952 171
2 171 1037
2 1037 1066
2 1066 1763
2 1763 1847
2 1847 169
2 169 512
2 512 707
2 707 1890
2 1890 249
2 249 391
2 391 688
2 688 522
2 522 1646
2 1646 475
2 475 433
2 433 1632
2 1632 775
2 775 1198
2 1198 595
2 595 1459
2 1459 1953
2 1953 1368
2 1368 397
2 397 1604
2 1604 917
2 917 1571
2 1571 1744
2 1744 340
2 340 1005
2 1005 1517
2 1517 943
2 943 407
2 407 1073
2 1073 187
2 187 771
2 771 396
2 396 513
2 513 1672
2 1672 402
2 402 560
2 560 741
2 741 1365
2 1365 124
2 124 1597
2 1597 128
2 128 1648
2 1648 1581
2 1581 1923
2 1923 611
2 611 572
2 572 1828
2 1828 1759
2 1759 1839
2 1839 742
2 742 1034
2 1034 532
2 532 1447
2 1447 1833
2 1833 1273
2 1273 738
2 738 1123
2 1123 1296
2 1296 101
2 101 1733
2 1733 395
2 395 148
2 148 1737
2 1737 1611
2 1611 1667
2 1667 1353
2 1353 365
2 365 1876
2 1876 554
2 554 1558
2 1558 1311
2 1311 1377
2 1377 392
2 392 1079
2 1079 1832
2 1832 1472
2 1472 494
2 494 842
2 842 1836
2 1836 1241
2 1241 322
2 322 1258
2 1258 871
2 871 1069
2 1069 885
2 885 97
2 97 1929
2 1929 334
2 334 467
2 467 241
2 241 1617
2 1617 1448
2 1448 347
2 347 208
2 208 1505
2 1505 271
2 271 361
2 361 1418
2 1418 1660
2 1660 257
2 257 626
2 626 555
2 555 26
2 26 1370
2 1370 1323
2 1323 1920
2 1920 1132
2 1132 465
2 465 1656
2 1656 487
2 487 1883
2 1883 1858
2 1858 440
2 440 1962
2 1962 1283
2 1283 1585
2 1585 918
2 918 628
2 628 1112
2 1112 1027
2 1027 828
2 828 1936
2 1936 1450
2 1450 1075
2 1075 1439
2 1439 517
2 517 297
2 297 1587
2 1587 745
2 745 1812
2 1812 306
2 306 1114
2 1114 1535
2 1535 829
2 829 221
2 221 68
2 68 1792
2 1792 204
2 204 1930
2 1930 980
2 980 85
2 85 586
2 586 346
2 346 887
2 887 787
2 787 1842
2 1842 497
2 497 866
2 866 647
2 647 373
2 373 1113
2 1113 1565
2 1565 360
2 360 318
2 318 505
2 505 545
2 545 728
2 728 731
2 731 1507
2 1507 1449
2 1449 905
2 905 385
2 385 191
2 191 1627
2 1627 1150
2 1150 247
2 247 1773
2 1773 663
2 663 1284
2 1284 1173
2 1173 1658
2 1658 656
2 656 602
2 602 624
2 624 178
2 178 846
2 846 1497
2 1497 1605
2 1605 1102
2 1102 79
2 79 1584
2 1584 1049
2 1049 1586
2 1586 1917
2 1917 1175
2 1175 1140
2 1140 1360
2 1360 949
2 949 1544
2 1544 831
2 831 1018
2 1018 464
2 464 420
2 420 1799
2 1799 140
2 140 526
2 526 1724
2 1724 1210
2 1210 1253
2 1253 727
2 727 941
2 941 232
2 232 1328
2 1328 114
2 114 817
2 817 308
2 308 1097
2 1097 1606
2 1606 1442
2 1442 1994
2 1994 1278
2 1278 1336
2 1336 1911
2 1911 1487
2 1487 1040
2 1040 27
2 27 613
2 613 1118
2 1118 367
2 367 60
2 60 673
2 673 902
2 902 794
2 794 575
2 575 965
2 965 523
2 523 1087
2 1087 466
2 466 460
2 460 1687
2 1687 414
2 414 1524
2 1524 1479
2 1479 826
2 826 356
2 356 715
2 715 303
2 303 1741
2 1741 1165
2 1165 1259
2 1259 1511
2 1511 1856
2 1856 1752
2 1752 1916
2 1916 426
2 426 1428
2 1428 967
2 967 67
2 67 284
2 284 801
2 801 1982
2 1982 49
2 49 1155
2 1155 896
2 896 625
2 625 1270
2 1270 1871
2 1871 509
2 509 834
2 834 286
2 286 1453
2 1453 1050
2 1050 1814
2 1814 411
2 411 567
2 567 1254
2 1254 1675
2 1675 1094
2 1094 164
2 164 461
2 461 459
2 459 1945
2 1945 323
2 323 1498
2 1498 874
2 874 668
2 668 840
2 840 726
2 726 374
2 374 202
2 202 500
2 500 212
2 212 1600
2 1600 1882
2 1882 319
2 319 573
2 573 1480
2 1480 162
2 162 619
2 619 712
2 712 1818
2 1818 1577
2 1577 678
2 678 1767
2 1767 354
2 354 1954
2 1954 1998
2 1998 1392
2 1392 1204
2 1204 104
2 104 768
2 768 1735
2 1735 1594
2 1594 406
2 406 909
2 909 799
2 799 783
2 783 506
2 506 942
2 942 1291
2 1291 338
2 338 1636
2 1636 1989
2 1989 1397
2 1397 906
2 906 1870
2 1870 1220
2 1220 1931
2 1931 807
2 807 6
2 6 1091
2 1091 990
2 990 1902
2 1902 335
2 335 1937
2 1937 1456
2 1456 579
2 579 133
2 133 806
2 806 106
2 106 1755
2 1755 946
2 946 1711
2 1711 837
2 837 1398
2 1398 275
2 275 1804
2 1804 205
2 205 223
2 223 551
2 551 336
2 336 1376
2 1376 1347
2 1347 1162
2 1162 1757
2 1757 238
2 238 564
2 564 1536
2 1536 44
2 44 1250
2 1250 561
2 561 690
2 690 855
2 855 103
2 103 273
2 273 415
2 415 91
2 91 1790
2 1790 105
2 105 1653
2 1653 1684
2 1684 848
2 848 1552
2 1552 1056
2 1056 1951
2 1951 1225
2 1225 92
2 92 1411
2 1411 186
2 186 1430
2 1430 556
2 556 793
2 793 891
2 891 552
2 552 830
2 830 944
2 944 1677
2 1677 80
2 80 1436
2 1436 444
2 444 1888
2 1888 1322
2 1322 1649
2 1649 1774
2 1774 1321
2 1321 1107
2 1107 1689
2 1689 477
2 477 470
2 470 1771
2 1771 1475
2 1475 596
2 596 1598
2 1598 759
2 759 201
2 201 432
2 432 1135
2 1135 1960
2 1960 214
2 214 446
2 446 886
2 886 1151
2 1151 1190
2 1190 220
2 220 64
2 64 1197
2 1197 644
2 644 40
2 40 769
2 769 838
2 838 180
2 180 1566
2 1566 203
2 203 667
2 667 31
2 31 660
2 660 629
2 629 908
2 908 353
2 353 541
2 541 1765
2 1765 236
2 236 803
2 803 216
2 216 748
2 748 893
2 893 160
2 160 471
2 471 900
2 900 11
2 11 1201
2 1201 1405
2 1405 502
2 502 1306
2 1306 683
2 683 1905
2 1905 1906
2 1906 344
2 344 418
2 418 1272
2 1272 1361
2 1361 1265
2 1265 1116
2 1116 1704
2 1704 219
2 219 1510
2 1510 1695
2 1695 1599
2 1599 1495
2 1495 1988
2 1988 890
2 890 1138
2 1138 1310
2 1310 615
2 615 1153
2 1153 469
2 469 1149
2 1149 963
2 963 675
2 675 1940
2 1940 147
2 147 379
2 379 1238
2 1238 126
2 126 1275
2 1275 1060
2 1060 123
2 123 847
2 847 1899
2 1899 1185
2 1185 632
2 632 409
2 409 714
2 714 1129
2 1129 1569
2 1569 451
2 451 283
2 283 1010
2 1010 1850
2 1850 1718
2 1718 1329
2 1329 448
2 448 1234
2 1234 1186
2 1186 279
2 279 898
2 898 1022
2 1022 563
2 563 818
2 818 1746
2 1746 1452
2 1452 622
2 622 1406
2 1406 594
2 594 1024
2 1024 213
2 213 700
2 700 210
2 210 1429
2 1429 1345
2 1345 1574
2 1574 447
2 447 864
2 864 65
2 65 1674
2 1674 245
2 245 1065
2 1065 1753
2 1753 945
2 945 1136
2 1136 1126
2 1126 1033
2 1033 342
2 342 584
2 584 1629
2 1629 399
2 1357 1334
378 1281 1457 739 280 1019 1934 856 276 1164 645 1670 740 1550 1277 1595 1055 1758 70 1615 1557 1130 1644 1279 1342 496 231 1326 107 1168 1743 1924 1961 435 1170 369 1912 1316 1320 1781 1987 1661 1318 1822 845 1193 1730 313 1668 696 1445 1020 1825 1700 531 410 1966 1652 1399 146 1240 988 1014 390 291 1878 348 809 1867 589 1624 844 263 1884 1172 1261 266 737 881 877 1099 1860 994 1742 1592 868 1200 1845 267 1053 1011 1502 733 1382 81 1635 735 805 699 170 463 1208 1525 607 1335 534 1925 1080 1802 593 1109 1863 646 1207 606 1337 442 633 1835 1697 587 50 225 296 1751 18 910 439 1147 62 888 270 1699 1182 570 1590 1709 278 1522 679 685 1304 1271 388 658 1992 226 760 1134 1933 709 258 403 1596 135 152 557 782 730 1904 34 691 1564 1824 1637 802 723 1236 1374 35 1003 355 389 724 1158 381 544 1305 209 1169 1493 98 717 428 1268 951 693 859 1404 975 1513 514 1008 1745 1861 569 1526 1338 1701 932 1547 1484 61 184 592 421 959 1975 1386 17 774 750 1167 1908 159 1461 1148 1415 1387 1000 1607 1110 1685 25 1160 1408 1121 705 217 1068 145 1864 329 1246 1059 524 158 1580 109 1341 404 1324 1772 720 1673 294 792 776 1209 1414 1582 363 315 234 1504 173 332 914 1174 600 102 719 1362 609 437 1573 987 1217 1009 778 508 1508 875 752 1004 904 1872 1128 46 307 436 293 857 958 1171 1729 1440 32 695 1516 674 1647 1025 1496 669 1682 1443 1800 1016 1194 671 431 1626 317 309 1820 591 48 603 1680 995 38 1739 808 166 952 1639 393 382 371 43 384 1844 314 200 1036 930 1002 37 1846 1481 1698 978 405 260 1959 843 1610 1546 1092 814 529 1693 1947 1188 1095 1530 1823 87 511 1713 1997 1090 83 1108 1616 925 1678 176 1243 1282 966 578 1979 316 326 1381 66 1562 1231 819 1589 1750 1875 190 483 937 151 1490
2 1477 4
86 399 921 1702 1166 1446 28 1894 1211 548 1096 681 947 1999 1330 1801 1176 1127 1351 310 1688 1421 1950 1534 156 1928 352 920 149 1817 670 1780 1706 642 862 1015 1762 1139 1913 289 1403 364 538 1163 861 2000 568 581 974 16 1350 378 1294 254 781 30 1769 1690 116 797 1144 1085 702 1101 33 1885 983 1942 1736 1521 751 649 157 938 710 520 770 1054 1838 235 655 1098 1229 434 971 1082 1285
2 1119 882
44 1807 1964 1206 1514 174 1396 419 73 120 1766 698 588 704 758 1843 96 1881 773 620 1941 478 1776 785 277 1810 1568 1232 299 1808 337 366 58 1770 468 1654 1286 1346 1980 1224 1723 521 1666 456 1889
2 142 851
2 1541 1483
2 1051 1364
82 422 1891 1659 825 1619 343 1293 499 84 638 253 912 330 1331 1427 680 682 790 55 339 1402 940 503 1410 1352 113 1855 597 12 1893 3 137 1783 1555 1354 413 1579 194 876 345 1777 1465 368 1325 1301 424 883 1195 1104 1196 108 1638 1829 1332 1676 1995 1727 1803 677 928 387 525 765 999 1289 154 473 484 1506 1663 982 1219 992 1423 1623 1026 1946 192 1981 1371 1373 19
2 1300 854
2 430 1473
2 1465 1383
2 454 1852
2 1903 608
2 608 1903
2 1696 784
2 224 1389
2 1125 777
2 839 490
2 1327 429
2 747 605
2 1512 1560
2 368 1859
2 672 1614
2 1348 514
2 1133 1725
2 1105 1778
2 1795 960
2 1795 960
2 454 1051
2 1061 1302
2 42 1625
2 861 1625
2 1740 1389
2 290 1161
8 1993 1287 298 1726 1903 1061 1226 1288
2 491 1633
2 1513 1465
2 427 811
2 224 1088
2 1541 1483
2 1125 514
2 1051 1364
2 1740 277
2 375 1357
2 264 839
2 489 1043
2 341 445
2 851 1722
2 1292 1
2 605 960
2 1051 1364
2 514 1274
2 784 785
2 1300 1458
2 1343 277
2 716 1559
2 639 1857
2 1710 1622
2 472 767
2 1651 605
12 372 57 481 167 1202 1391 1 268 292 1788 1213 1390
2 1300 1458
2 1383 1465
2 1212 997
2 1292 1
2 1157 820
2 454 1051
2 1256 1494
2 764 839
2 99 1043
2 1088 224
2 1622 1358
2 1312 1119
2 1333 1512
2 1078 1433
2 281 716
2 1712 1494
2 69 997
2 1093 1191
2 1061 1887
2 489 1043
2 1541 1357
2 1312 580
2 1295 761
2 1327 429
2 1559 716
2 1625 861
2 132 211
2 519 331
2 777 1274
2 1967 1927
2 1537 341
2 1541 375
2 580 882
2 132 268
2 211 835
2 960 1740
2 716 281
2 268 211
2 264 764
2 1327 953
2 1389 1088
2 331 519
2 861 1625
2 1088 851
2 1560 237
2 716 1768
2 1063 370
2 1179 441
2 1927 761
2 161 211
2 973 1901
2 1389 224
2 1747 1105
2 1111 95
2 1747 1133
2 281 1533
2 1334 14
2 1927 1295
2 1295 264
2 1513 1651
2 199 1191
2 1292 161
2 1111 95
2 1364 454
2 716 1559
2 861 1625
2 341 1119
2 767 472
2 1063 873
2 1364 1811
2 1740 277
2 1111 1603
2 1696 441
2 288 69
2 1967 1927
2 142 851
2 1295 761
2 1614 672
2 1563 1111
2 1119 882
2 441 784
2 368 1859
2 490 764
2 1513 747
2 1357 1334
2 811 608
2 1747 1133
2 1901 820
2 4 1063
2 854 42
2 69 288
2 1903 608
2 1465 1651
2 1061 1887
2 14 1334
2 142 1563
4 492 577 142 851
