1500 721
2 59 1026
2 1026 1258
2 637 994
2 1075 789
2 225 187
2 187 461
2 461 883
2 1227 695
2 223 1362
2 712 977
2 977 445
2 1141 966
2 966 1455
2 1455 696
2 1066 1345
2 1136 394
2 1425 840
2 840 838
2 1183 1449
2 855 6
2 6 948
2 350 1352
2 484 804
2 804 148
2 148 369
2 369 108
2 108 1133
2 1133 1029
2 1029 139
2 139 1341
2 1341 866
2 866 1387
2 1387 796
2 796 539
2 539 1055
2 1055 508
2 508 1105
2 1105 1324
2 1324 371
2 371 807
2 807 366
2 366 677
2 677 1051
2 1051 339
2 339 252
2 252 604
2 604 153
2 153 104
2 104 704
2 704 1143
2 1143 1205
2 1205 1170
2 1170 1236
2 1236 392
2 392 1083
2 1083 1172
2 1172 1185
2 1185 77
2 77 1100
2 1100 426
2 426 1390
2 1390 540
2 540 753
2 753 453
2 453 920
2 920 463
2 463 168
2 168 1194
2 1194 814
2 814 1317
2 1317 552
2 552 584
2 584 783
2 783 1461
2 1461 1059
2 1059 110
2 110 337
2 337 413
2 413 1174
2 1174 658
2 658 262
2 262 531
2 531 425
2 425 1310
2 1310 30
2 30 319
2 319 357
2 357 515
2 515 1241
2 1241 668
2 668 274
2 274 195
2 195 600
2 600 323
2 323 213
2 213 1391
2 1391 330
2 330 1464
2 1464 167
2 167 765
2 765 818
2 818 831
2 831 1119
2 1119 1078
2 1078 327
2 327 341
2 341 979
2 979 1378
2 1378 367
2 367 377
2 377 594
2 594 999
2 999 1226
2 1226 345
2 345 259
2 259 1264
2 1264 246
2 246 926
2 926 1318
2 1318 822
2 822 1061
2 1061 73
2 73 555
2 555 257
2 257 306
2 306 897
2 897 963
2 963 501
2 501 1320
2 1320 388
2 388 938
2 938 212
2 212 1179
2 1179 690
2 690 1012
2 1012 50
2 50 582
2 582 1168
2 1168 1058
2 1058 1084
2 1084 968
2 968 1011
2 1011 1068
2 1068 976
2 976 507
2 507 1471
2 1471 398
2 398 1145
2 1145 663
2 663 835
2 835 573
2 573 216
2 216 308
2 308 435
2 435 1043
2 1043 1125
2 1125 205
2 205 1209
2 1209 651
2 651 1479
2 1479 1162
2 1162 647
2 647 1476
2 1476 253
2 253 228
2 228 41
2 41 525
2 525 583
2 583 75
2 75 54
2 54 125
2 125 1376
2 1376 284
2 284 918
2 918 271
2 271 482
2 482 937
2 937 390
2 390 722
2 722 879
2 879 1417
2 1417 1243
2 1243 982
2 982 391
2 391 1131
2 1131 775
2 775 189
2 189 1135
2 1135 321
2 321 1493
2 1493 29
2 29 1165
2 1165 1257
2 1257 1413
2 1413 601
2 601 754
2 754 61
2 61 210
2 210 1379
2 1379 40
2 40 877
2 877 505
2 505 314
2 314 639
2 639 447
2 447 471
2 471 107
2 107 1242
2 1242 516
2 516 537
2 537 1405
2 1405 1383
2 1383 83
2 83 1377
2 1377 1374
2 1374 1412
2 1412 154
2 154 774
2 774 1239
2 1239 960
2 960 544
2 544 1340
2 1340 418
2 418 786
2 786 1428
2 1428 772
2 772 995
2 995 258
2 258 652
2 652 343
2 343 243
2 243 766
2 766 354
2 354 1123
2 1123 1336
2 1336 1195
2 1195 514
2 514 45
2 45 1278
2 1278 863
2 863 198
2 198 79
2 79 164
2 164 1370
2 1370 424
2 424 268
2 268 1321
2 1321 140
2 140 673
2 673 442
2 442 587
2 587 431
2 431 239
2 239 909
2 909 113
2 113 420
2 420 513
2 513 1215
2 1215 422
2 422 1326
2 1326 536
2 536 1204
2 1204 264
2 264 1463
2 1463 864
2 864 1358
2 1358 240
2 240 884
2 884 739
2 739 128
2 128 1060
2 1060 242
2 242 568
2 568 76
2 76 630
2 630 949
2 949 1041
2 1041 615
2 615 1293
2 1293 347
2 347 1298
2 1298 43
2 43 1093
2 1093 565
2 565 149
2 149 360
2 360 145
2 145 58
2 58 1367
2 1367 770
2 770 226
2 226 638
2 638 566
2 566 890
2 890 970
2 970 671
2 671 101
2 101 623
2 623 1052
2 1052 987
2 987 215
2 215 586
2 586 811
2 811 370
2 370 130
2 130 1473
2 1473 188
2 188 1344
2 1344 1005
2 1005 416
2 416 1442
2 1442 194
2 194 1117
2 1117 868
2 868 1188
2 1188 1333
2 1333 973
2 973 1009
2 1009 121
2 121 519
2 519 481
2 481 21
2 21 1315
2 1315 691
2 691 676
2 676 727
2 727 1468
2 1468 802
2 802 1280
2 1280 358
2 358 1045
2 1045 375
2 375 255
2 255 1361
2 1361 238
2 238 1335
2 1335 103
2 103 521
2 521 1406
2 1406 1180
2 1180 1491
2 1491 229
2 229 348
2 348 567
2 567 596
2 596 916
2 916 162
2 162 468
2 468 1365
2 1365 934
2 934 1454
2 1454 1085
2 1085 373
2 373 1373
2 1373 179
2 179 1388
2 1388 15
2 15 1027
2 1027 661
2 661 1039
2 1039 1035
2 1035 178
2 178 1072
2 1072 335
2 335 27
2 27 504
2 504 1211
2 1211 1121
2 1121 464
2 464 551
2 551 1103
2 1103 1444
2 1444 1439
2 1439 158
2 158 487
2 487 1474
2 1474 593
2 593 1159
2 1159 1496
2 1496 1206
2 1206 111
2 111 1049
2 1049 427
2 427 936
2 936 80
2 80 873
2 873 82
2 82 819
2 819 291
2 291 563
2 563 1274
2 1274 1459
2 1459 1184
2 1184 846
2 846 768
2 768 18
2 18 86
2 86 1287
2 1287 459
2 459 1436
2 1436 1073
2 1073 174
2 174 465
2 465 356
2 356 1219
2 1219 1016
2 1016 841
2 841 1225
2 1225 1001
2 1001 625
2 625 1369
2 1369 236
2 236 1342
2 1342 340
2 340 1233
2 1233 913
2 913 1339
2 1339 57
2 57 572
2 572 843
2 843 1163
2 1163 1300
2 1300 270
2 270 1357
2 1357 993
2 993 1070
2 1070 848
2 848 599
2 599 1201
2 1201 399
2 399 649
2 649 767
2 767 211
2 211 462
2 462 952
2 952 221
2 221 278
2 278 646
2 646 1285
2 1285 874
2 874 817
2 817 940
2 940 25
2 25 336
2 336 67
2 67 656
2 656 1348
2 1348 115
2 115 1098
2 1098 1182
2 1182 991
2 991 509
2 509 160
2 160 876
2 876 903
2 903 618
2 618 794
2 794 633
2 633 294
2 294 905
2 905 580
2 580 782
2 782 524
2 524 745
2 745 1277
2 1277 1046
2 1046 1415
2 1415 941
2 941 310
2 310 1006
2 1006 1299
2 1299 931
2 931 520
2 520 862
2 862 888
2 888 943
2 943 349
2 349 119
2 119 1109
2 1109 263
2 263 533
2 533 1254
2 1254 407
2 407 1400
2 1400 1033
2 1033 493
2 493 1013
2 1013 1092
2 1092 1158
2 1158 996
2 996 1156
2 1156 787
2 787 1197
2 1197 322
2 322 1124
2 1124 1282
2 1282 579
2 579 780
2 780 331
2 331 762
2 762 1229
2 1229 764
2 764 133
2 133 906
2 906 1288
2 1288 1431
2 1431 1111
2 1111 1371
2 1371 423
2 423 1008
2 1008 300
2 300 718
2 718 929
2 929 635
2 635 892
2 892 954
2 954 829
2 829 1031
2 1031 538
2 538 1120
2 1120 735
2 735 1458
2 1458 491
2 491 1022
2 1022 1235
2 1235 1456
2 1456 1171
2 1171 1086
2 1086 1198
2 1198 666
2 666 965
2 965 1372
2 1372 947
2 947 486
2 486 856
2 856 1483
2 1483 921
2 921 851
2 851 1465
2 1465 1325
2 1325 1196
2 1196 489
2 489 318
2 318 1498
2 1498 233
2 233 1167
2 1167 1007
2 1007 951
2 951 1153
2 1153 1296
2 1296 574
2 574 1273
2 1273 1030
2 1030 518
2 518 1096
2 1096 62
2 62 466
2 466 800
2 800 1240
2 1240 230
2 230 1445
2 1445 781
2 781 549
2 549 588
2 588 1347
2 1347 218
2 218 1409
2 1409 1488
2 1488 1134
2 1134 1189
2 1189 17
2 17 132
2 132 808
2 808 1430
2 1430 60
2 60 827
2 827 47
2 47 224
2 224 10
2 10 872
2 872 1338
2 1338 1263
2 1263 844
2 844 886
2 886 8
2 8 1222
2 1222 743
2 743 881
2 881 797
2 797 320
2 320 315
2 315 1271
2 1271 992
2 992 99
2 99 708
2 708 329
2 329 207
2 207 1386
2 1386 433
2 433 1127
2 1127 1208
2 1208 626
2 626 747
2 747 102
2 102 1255
2 1255 728
2 728 788
2 788 374
2 374 85
2 85 241
2 241 436
2 436 810
2 810 365
2 365 344
2 344 674
2 674 1032
2 1032 1259
2 1259 560
2 560 632
2 632 1017
2 1017 1399
2 1399 1337
2 1337 1472
2 1472 1116
2 1116 203
2 203 378
2 378 1375
2 1375 1356
2 1356 338
2 338 925
2 925 146
2 146 439
2 439 1157
2 1157 1003
2 1003 497
2 497 472
2 472 699
2 699 129
2 129 1118
2 1118 771
2 771 499
2 81 799
2 1181 1362
2 839 1403
33 1425 1447 769 590 710 1354 1142 685 826 72 547 1234 55 1346 1295 1267 244 404 621 303 928 100 197 1087 559 409 477 529 1422 498 687 1448 972
91 712 985 737 660 469 185 978 1294 380 397 915 209 761 437 275 1062 7 752 201 692 457 678 945 177 830 1104 84 1281 526 1313 1418 812 245 749 1332 385 1190 510 616 299 959 1213 778 1494 1429 1040 839 506 124 1065 986 1407 631 248 545 1217 1261 317 282 458 272 33 813 1260 870 478 280 1161 1223 908 1020 836 751 894 379 809 1074 679 820 912 297 878 152 5 784 1420 608 732 144 919 643
324 758 1207 324 698 64 474 1237 1199 63 430 1252 595 222 891 503 363 94 605 1091 182 1210 597 9 1099 1305 578 1275 12 669 1363 1245 859 293 332 44 1218 717 479 307 895 598 760 665 71 389 842 311 612 734 748 1283 1450 736 882 135 933 1477 305 575 273 785 454 603 156 95 78 37 702 1353 707 443 543 688 1453 163 88 1424 1460 1440 719 137 400 39 1203 845 1014 773 1359 1489 200 415 313 1308 364 1166 694 935 701 733 1423 66 1329 1276 1421 342 682 260 150 1019 1256 281 1053 1097 923 247 1231 1398 476 969 1366 746 1224 452 49 880 1480 730 208 642 958 386 1402 1327 944 1193 169 20 147 1023 28 806 250 1169 1191 277 396 1290 756 962 1292 265 1268 19 1466 1269 1250 52 998 444 402 852 971 359 1435 26 1115 403 825 31 1482 922 1175 634 721 1343 288 1432 606 867 1102 1130 1408 473 1232 924 134 887 562 823 1192 1002 155 713 186 1462 1253 368 181 815 557 939 333 777 1025 609 351 1349 792 1397 523 312 801 1034 591 1148 854 296 1495 833 249 1452 196 755 352 932 1289 683 974 731 1419 1437 227 1486 828 309 910 1284 700 1107 703 13 328 401 613 1176 287 1395 176 51 1411 3 793 1302 382 1021 304 1216 532 1010 834 1443 1499 234 381 849 824 716 495 1112 1152 1380 438 325 157 592 1364 1150 589 930 889 235 165 214 527 1132 38 1251 1262 558 611 1303 184 1071 1069 942 706 1202 446 709 56 126 1221 628 1173 1004 1470 279 1467 1368 988 1328 1063 1036 449 607 1077 1484 172 885 237 779 805 1385 68
26 1248 675 1018 654 1212 850 301 1265 1446 151 534 460 1451 136 1244 285 1089 686 410 266 220 740 1178 927 1270 484
2 404 1151
334 59 87 1200 684 202 175 1246 417 112 35 1279 123 541 725 561 190 283 36 689 1291 1247 553 292 610 1076 550 419 217 1149 1469 1301 535 92 1037 159 1056 114 494 1492 490 542 1146 548 650 143 16 975 653 1319 662 173 355 32 53 131 1414 485 1485 907 720 34 664 456 1306 421 1047 980 106 171 316 1147 276 289 983 1475 750 127 1088 191 428 46 1220 964 1038 166 741 256 816 1064 570 577 1249 1094 475 74 206 448 109 1114 1434 89 900 1028 667 434 1389 24 742 269 1230 1331 432 1090 576 161 1067 914 1164 865 1312 571 1360 955 1401 1238 857 65 1113 564 117 1309 1048 302 4 334 681 798 1110 1108 581 803 96 790 738 170 1129 1082 1457 711 522 1334 981 231 869 636 1322 492 408 1187 1095 757 680 483 1128 91 251 657 326 1 624 953 655 629 22 254 861 1081 1297 1214 387 614 512 617 118 199 1438 644 724 455 1416 1351 180 1441 1316 1307 120 917 219 1138 956 1000 496 602 585 726 192 622 384 1050 795 546 1410 1122 1394 511 440 48 261 715 193 670 1266 488 142 429 70 23 69 295 1490 1350 97 1393 697 451 641 714 517 967 1481 898 411 1057 837 480 528 1154 141 412 1140 1015 105 232 946 871 693 1186 1054 901 763 42 1144 875 405 893 361 723 858 902 1478 619 346 1311 1314 1426 989 640 1381 1106 450 1304 705 286 383 1272 1024 467 204 1382 645 1101 1044 847 395 1080 776 2 648 116 98 1396 729 1487 362 659 1286 441 1427 530 90 556 1392 500 821 853 904 1042 267 627 1330 554 620 183 138 298 1323 791 502 1355 1497 93 1404 1079 950
2 997 637
2 672 506
2 1137 957
2 1433 1228
2 1 1139
2 957 81
2 1244 136
2 1345 414
2 1403 1155
2 1155 376
2 672 353
2 1258 997
2 1181 506
2 499 1500
2 957 81
2 1177 1384
2 393 359
2 672 506
2 470 990
2 1136 414
2 1433 1228
2 799 839
2 1137 957
2 1227 883
2 994 1177
2 994 1075
2 911 290
2 1449 855
2 1075 994
2 1183 838
2 744 1137
2 997 1258
2 1181 1362
2 695 223
2 376 961
2 759 1384
2 14 81
2 696 1066
2 1352 1244
2 1403 799
2 696 1066
2 1362 1181
2 838 832
2 406 896
2 911 744
2 445 1141
2 376 984
2 1384 1435
2 350 948
2 961 569
2 394 11
2 1384 1435
2 372 899
2 911 290
2 1244 136
2 896 404
2 81 799
2 11 621
2 1345 414
2 569 984
2 832 1183
2 984 1160
2 832 1433
2 470 1139
2 799 839
2 789 225
2 506 122
2 1 1139
2 353 372
2 122 1181
4 1126 860 1177 994
