1000 64
2 722 613
2 613 981
2 981 854
2 854 603
2 603 943
2 943 463
2 463 376
2 376 271
2 271 336
2 336 58
2 58 471
2 471 229
2 229 218
2 218 727
2 727 733
2 733 68
2 68 692
2 692 20
2 20 277
2 277 390
2 390 912
2 912 273
2 273 524
2 524 541
2 541 833
2 833 558
2 558 627
2 627 795
2 795 216
2 216 588
2 588 855
2 855 462
2 462 148
2 148 359
2 359 712
2 712 884
2 884 895
2 895 682
2 682 4
2 4 799
2 415 665
2 789 812
2 812 872
497 678 582 995 966 343 874 71 76 64 212 655 153 710 346 638 756 906 115 520 317 807 485 554 400 711 540 701 618 926 307 211 773 67 431 411 693 602 192 466 847 983 224 909 538 968 969 810 721 272 743 333 75 108 167 882 496 87 360 645 739 623 24 140 355 379 935 788 729 887 949 994 349 976 17 956 911 506 329 135 138 954 361 785 443 612 622 800 974 403 331 374 927 122 605 97 55 998 899 515 319 448 609 320 204 656 113 296 436 312 859 353 549 525 206 107 365 369 131 730 675 247 311 297 831 275 885 944 470 413 834 626 139 242 257 208 414 424 13 117 306 531 936 726 844 19 180 9 340 685 636 198 134 817 73 989 653 190 813 236 481 121 244 197 699 214 69 953 931 902 548 555 2 231 792 752 850 195 826 468 761 184 474 516 111 964 172 893 435 10 639 539 610 740 643 702 758 563 386 888 547 383 958 101 193 734 705 979 325 764 162 932 255 786 502 551 177 483 389 604 200 86 876 484 63 716 606 284 961 393 980 21 862 408 755 189 771 707 278 265 83 213 425 632 674 367 600 742 11 276 696 1000 8 916 570 523 406 146 422 601 42 199 473 339 338 565 41 697 458 832 864 671 723 576 78 718 652 137 794 129 806 295 368 248 488 293 152 544 461 775 233 452 858 397 615 269 689 661 387 513 156 31 575 514 574 291 308 188 45 737 81 744 314 801 948 952 166 26 573 405 748 309 446 334 128 698 287 90 907 123 202 908 427 769 914 608 175 457 901 706 501 988 375 460 91 846 27 127 704 923 700 663 719 110 581 504 654 580 335 815 5 439 530 442 201 557 662 848 356 900 621 928 670 856 77 228 62 495 445 35 151 772 920 441 511 207 987 715 849 316 898 149 783 18 973 227 141 765 820 741 437 940 731 751 597 865 759 509 22 577 818 633 449 489 564 262 842 816 534 46 289 945 453 631 999 616 57 971 70 417 521 866 930 51 168 823 301 159 861 310 593 381 875 60 550 811 79 267 357 281 494 342 372 341 294 182 790 61 416 96 254 591 80 822 40 835 913 967 299 246 402 552 802 766 784 89 778 313 959 522 753 43 12 324 648 736 215 646 651 681 519 851 286 708 922 572 401 394
53 186 594 328 250 793 947 84 223 298 144 15 829 586 444 499 542 592 938 433 100 245 814 459 99 3 836 782 709 1000 841 881 620 106 210 857 36 657 266 165 640 176 39 960 239 680 819 50 426 476 590 672 171 905
345 179 787 430 38 560 584 72 587 380 805 578 955 830 939 270 428 47 48 102 512 533 170 119 126 472 432 970 760 434 508 873 332 241 860 288 94 348 217 776 625 274 209 350 282 303 637 986 992 491 804 611 666 150 921 456 130 235 803 53 92 965 163 279 725 990 526 624 673 388 321 579 124 690 942 304 142 647 878 529 972 219 363 16 797 781 503 181 777 745 82 454 996 917 774 763 507 37 327 779 641 226 714 757 853 194 447 25 695 868 467 635 629 147 500 517 543 232 469 571 347 391 724 438 412 683 174 840 30 614 420 259 118 667 478 330 941 993 679 105 292 366 929 260 220 7 32 114 828 924 825 659 537 395 154 423 49 44 596 158 668 240 28 556 455 371 315 644 589 703 510 686 918 318 561 1000 562 628 120 569 824 243 29 919 173 203 984 498 185 160 66 677 93 373 843 280 54 104 694 720 607 676 997 837 429 583 191 487 399 877 827 528 852 950 354 396 664 768 738 234 497 660 821 377 305 133 352 925 475 196 237 480 946 421 351 256 65 838 370 155 482 642 253 230 505 384 52 440 553 169 982 735 951 178 732 762 164 477 450 962 344 863 897 599 300 161 910 492 991 451 883 125 977 845 205 798 867 535 669 808 713 258 486 14 634 978 839 957 717 598 392 252 889 290 688 261 221 559 59 385 493 398 98 869 985 896 74 937 650 809 747 143 880 658 545 619 419 95 464 187 746 684 285 407 886 222 791 595 649 567 870 23 409 754 465 382 345 263 780 112 157 479 404 934 251 687
2 337 1
48 796 585 691 566 767 378 879 568 326 410 527 871 33 249 109 894 963 85 358 536 364 56 183 749 415 546 34 617 302 6 132 630 418 750 532 975 490 88 904 136 225 892 323 264 770 283 238 322
2 665 812
2 903 116
2 722 890
2 665 789
2 872 362
2 933 145
2 362 872
2 890 709
2 1 890
2 561 709
2 933 696
2 268 696
2 362 268
2 546 1000
2 903 561
7 103 915 518 891 1 337 728
