99 500000
69 28
69 47
29 33
29 98
19 57
19 43
13 54
13 94
33 99
4 8
53 82
26 34
26 32
26 64
38 6
38 60
95 16
56 79
56 11
6 30
41 35
41 90
86 15
86 94
78 32
78 52
78 31
34 98
34 75
34 48
34 40
34 61
34 21
25 74
98 70
50 75
7 54
1 10
1 44
15 48
15 67
15 66
46 42
46 61
89 48
89 71
5 8
49 31
75 82
65 18
59 43
59 80
52 2
85 92
51 9
83 2
16 9
16 55
84 73
73 67
57 45
72 31
60 3
91 93
91 61
68 44
97 31
87 2
35 22
10 36
10 22
24 37
24 81
24 12
20 37
20 63
96 45
96 21
31 62
31 30
74 39
74 61
74 77
90 58
27 30
58 88
39 17
76 23
18 77
92 30
14 44
63 71
11 88
23 12
8 55
8 2
44 12
62 47
