99 500000
65 17
65 41
65 34
65 86
17 15
17 46
17 14
17 98
17 68
17 85
41 22
15 35
15 93
15 43
15 36
15 99
15 71
22 9
22 1
34 92
34 52
46 83
46 57
46 74
14 80
9 78
98 44
98 7
98 59
98 31
35 29
35 6
68 70
68 55
78 33
93 88
93 38
33 64
43 8
43 5
86 40
86 58
86 60
86 30
86 76
86 75
80 12
80 27
44 11
29 90
70 18
70 3
36 84
83 77
83 50
64 49
64 39
58 24
58 47
6 63
6 21
49 89
90 16
88 54
88 73
92 20
55 4
55 51
18 69
18 13
18 95
18 23
99 97
7 79
63 91
63 96
54 26
24 94
24 67
94 72
94 45
8 87
79 28
79 19
91 61
5 10
5 56
10 53
47 32
30 62
28 25
87 42
87 37
4 48
4 82
27 2
67 66
75 81
