99 500000
83 98
83 94
94 51
94 25
94 14
25 5
25 43
25 85
25 74
5 86
14 10
14 44
85 78
85 6
10 88
10 68
78 23
86 24
74 34
34 58
34 71
23 37
88 53
37 28
37 8
28 56
68 29
53 82
56 69
56 45
69 50
82 38
45 20
45 99
45 52
45 64
45 46
20 77
8 54
8 87
8 61
50 95
50 48
87 27
87 92
95 35
38 17
48 70
48 3
61 81
61 67
70 40
24 96
35 12
81 72
81 41
81 84
81 47
81 26
27 15
27 22
27 18
92 73
96 4
96 42
41 66
41 75
84 91
84 97
15 36
66 13
47 16
47 65
42 60
42 90
16 49
16 57
17 2
91 9
73 59
3 33
33 30
33 62
13 1
60 32
60 19
75 80
75 11
22 93
67 31
97 21
11 39
59 7
7 63
57 79
93 55
55 76
55 89
