99 500000
85 39
85 31
85 25
85 97
85 70
85 93
85 8
85 86
85 78
85 59
85 20
85 54
85 66
39 83
39 10
39 7
39 26
39 75
39 89
39 3
39 99
31 68
31 81
31 45
31 52
31 33
31 16
31 44
25 91
25 62
25 50
25 47
25 80
25 98
25 30
25 40
25 41
25 73
25 49
97 58
97 92
97 23
83 1
83 96
83 32
83 19
83 2
83 57
10 14
10 37
10 84
70 29
70 35
70 53
68 90
68 43
68 55
68 36
91 67
91 27
1 51
1 42
90 46
62 4
62 74
62 22
50 95
93 9
93 34
29 65
29 15
29 82
81 13
81 77
80 94
45 87
45 6
4 71
4 64
87 48
96 38
8 12
33 11
58 5
16 63
16 56
16 18
35 76
35 61
35 28
44 72
32 79
7 88
15 24
37 17
75 21
75 69
48 60
