99 500000
63 17
36 51
46 71
99 26
38 83
42 22
12 37
30 16
88 72
24 76
86 92
4 1
54 62
99 87
22 17
84 60
36 65
77 95
78 8
65 13
90 10
80 93
63 8
20 81
95 68
26 8
5 17
83 94
21 97
77 75
16 24
46 74
94 44
13 15
34 42
69 10
97 5
52 99
62 76
92 63
17 98
80 22
9 49
84 85
43 56
73 19
33 75
84 59
12 64
74 86
45 10
45 14
38 72
77 54
57 86
8 73
95 46
83 59
9 7
27 46
82 66
39 97
26 43
95 94
63 53
10 86
75 89
3 21
18 58
41 80
70 1
15 39
79 59
91 67
89 37
70 34
88 67
36 82
23 49
82 7
30 40
29 48
67 35
10 11
58 22
31 98
19 50
55 34
95 81
25 54
71 61
90 48
20 32
47 11
28 81
2 62
6 48
21 96
