99 500000
29 71
29 84
29 73
29 31
71 27
71 58
71 12
27 60
60 63
60 85
63 33
63 1
63 32
63 49
33 61
33 65
61 88
88 17
88 77
17 91
17 20
17 95
91 23
23 18
18 70
18 11
70 4
4 2
2 64
2 44
2 21
2 55
64 50
50 9
50 40
9 83
9 45
83 36
36 52
52 46
52 37
52 16
52 48
52 76
46 10
46 34
10 89
10 22
89 13
13 42
42 54
42 19
42 57
42 62
54 86
54 80
54 43
54 39
54 93
86 24
24 75
24 14
75 25
75 26
75 56
25 74
25 3
74 7
74 92
7 66
66 5
66 67
66 53
5 69
69 35
69 6
35 78
35 41
78 72
72 81
72 47
81 96
81 15
96 51
96 30
51 59
59 68
68 79
68 90
68 87
79 8
79 38
8 97
8 82
97 28
28 94
94 99
94 98
