99 500000
57 97
57 71
97 50
97 30
71 38
71 49
50 59
50 62
30 8
30 2
38 93
38 90
49 14
49 18
59 4
59 67
62 54
62 1
8 27
8 48
2 58
2 10
93 92
93 73
90 37
90 5
14 17
14 33
18 23
18 40
4 91
4 41
67 63
67 74
54 6
54 32
1 28
1 88
27 78
27 60
48 35
48 75
58 61
58 45
10 11
10 47
92 81
92 82
73 87
73 69
37 99
37 21
5 77
5 70
17 96
17 65
33 20
33 72
23 64
23 95
40 94
40 36
91 98
91 76
41 34
41 89
63 16
63 52
74 22
74 55
6 85
6 31
32 83
32 24
28 80
28 15
88 86
88 9
78 3
78 44
60 29
60 43
35 66
35 13
75 53
75 46
61 7
61 84
45 79
45 56
11 25
11 26
47 68
47 39
81 19
81 12
82 42
82 51
