99 500000
31 11
11 59
59 73
73 5
5 98
98 13
13 12
12 2
2 57
57 1
1 86
86 58
58 32
32 33
33 67
67 40
40 72
72 26
26 38
38 74
74 78
78 75
75 69
69 29
29 97
97 7
7 18
18 85
85 50
50 51
51 79
79 63
63 53
53 96
96 9
9 76
76 46
46 28
28 83
83 45
45 4
4 93
93 39
39 70
70 77
77 15
15 16
16 24
66 92
66 62
66 44
66 17
66 68
66 6
66 81
66 42
66 25
66 61
66 3
66 14
66 82
66 8
66 36
66 60
66 34
66 71
66 87
66 56
66 23
66 30
66 80
66 89
66 35
66 41
66 95
66 52
66 48
66 64
66 65
66 99
66 20
66 37
66 21
66 22
66 54
66 84
66 19
66 43
66 91
66 88
66 94
66 10
66 90
66 47
66 55
66 27
66 49
31 66
