99 500000
91 83
83 34
34 31
31 80
80 32
32 27
27 63
63 98
33 56
33 61
33 49
33 42
33 79
33 84
33 71
33 93
33 54
33 76
33 86
33 2
33 20
33 43
33 48
33 4
33 46
33 7
33 36
33 22
33 99
33 3
33 5
33 14
33 96
33 26
33 85
33 95
33 16
33 30
33 38
33 41
33 94
33 88
33 45
33 55
33 19
33 51
33 15
33 53
33 21
33 39
33 65
33 75
91 33
81 47
81 58
81 50
81 77
81 69
81 89
81 87
81 60
81 82
81 52
81 9
81 12
81 68
81 90
81 11
81 28
81 23
81 18
81 78
81 29
81 35
81 6
81 25
81 64
81 92
81 67
81 97
81 1
81 72
81 8
81 57
81 44
81 37
81 59
81 13
81 66
81 62
81 70
81 74
81 24
81 10
81 40
81 17
81 73
98 81
