4000
903295079 -225793796 2
906192656 -413550404 1
-473318582 -484026828 3
550515398 -449101568 4
-58122071 -600758573 2
997700600 -133749833 4
684874433 -945789709 1
852096555 -532605541 3
-869487621 -931308056 1
345467334 -12042854 3
388497752 -36855482 3
-898954475 -606813787 5
-136179238 -455135096 1
-835809368 -239775811 5
-676037041 -25195296 4
-547627125 -862820014 2
-143861516 -810470204 2
-429813009 -504623110 5
599043815 -431985028 3
242439172 -379370089 4
387839815 -567458376 5
197332996 -183124606 5
937095757 -341538215 2
-975348658 -926250295 1
414806307 -215304222 2
-486535746 -389377884 2
-624744497 -613286031 3
-85534963 -207872742 3
893620413 -307243403 5
-848756565 -307758443 3
442192173 -401451127 3
-914052431 -190456014 5
-520311197 -504784186 5
-29996977 -81109399 2
347248924 -422870618 3
-859760381 -492912648 3
337093364 -909792432 5
894343625 -602799569 2
718158780 -20807543 4
-194093043 -556845622 2
937194202 -817013317 3
684310624 -570456657 5
447766881 -112527410 5
281090856 -908127193 3
421173951 -101640858 4
-30896126 -455943111 4
123186972 -466931626 1
871493845 -29437979 4
866375093 -339004484 2
-446067213 -335150445 3
755586052 -606969585 5
-996748731 -162169522 1
-124537449 -475661067 2
462905707 -712337141 2
-428515394 -112274759 1
-178742700 -590308081 5
376421704 -404021360 1
451786747 -384840380 1
338300193 -944347897 4
627543425 -186245825 2
-204384851 -990042010 4
210696606 -476103180 3
839877006 -811978320 1
870092352 -292004297 5
143017678 -325610675 4
334821696 -921156923 1
-248358742 -319698293 2
40130149 -895640311 3
-430118396 -181606027 3
-99612779 -403810168 3
196815105 -797059428 1
-858185202 -109851786 4
-242688410 -865307599 4
-869507191 -528965346 1
91689211 -731953135 5
-336779804 -813626801 5
-905686540 -329116063 5
532765771 -373563409 5
434987961 -694768248 1
980393510 -678024169 4
-304444079 -142267937 2
-364562662 -434426963 3
-62145864 -156327339 1
814065683 -232841967 1
-745007310 -138836344 3
833679603 -293385117 3
302041145 -287173269 3
-469434628 -634154668 5
916565259 -236661820 3
846805142 -269859951 1
-678471076 -246878240 3
73990748 -150603709 3
284770448 -475690806 1
982941365 -663295967 1
271179856 -413311112 4
-799578059 -815456233 3
-740860267 -740121408 5
-620779447 -383522708 4
554638954 -956353194 1
-376007854 -254169560 4
505377060 -741689229 5
606403119 -135551046 2
-915381696 -392159777 5
-775283859 -883164328 4
870410890 -661245995 4
-992157768 -274070465 2
-131467947 -330768370 4
-818877912 -263937843 4
-368972060 -114284829 5
-451985809 -111679173 2
798474273 -818757011 5
64625079 -314296737 1
941335512 -92501975 4
-540310507 -896161491 4
-509701315 -926055525 4
950016599 -370485213 2
732521603 -222600206 5
532191804 -466063588 2
779338173 -931083619 5
416682580 -714597063 2
80293245 -447055297 1
165915898 -819675742 3
-122192302 -280878381 4
101807851 -468236654 1
-49258180 -232844654 2
-726198867 -491504890 2
909360105 -152451103 1
408210672 -555601659 5
-234466500 -531170051 3
440319291 -499344223 3
-929071765 -645820879 4
586826440 -636662641 1
28842972 -617256233 1
-187867660 -743023013 1
308312956 -208893137 1
-752986335 -49987968 3
411116233 -942544176 4
-31562552 -218031301 1
-526844105 -434702204 4
-689360952 -588088654 2
-656614038 -163936828 5
-142545681 -632860330 2
-816945657 -333213949 3
-712400833 -422047288 2
56464164 -811490402 4
330649925 -867605242 3
532018206 -785315066 4
291988262 -48815071 4
629758172 -814919455 5
-222877825 -785802650 4
-897542234 -996673240 4
543763251 -556153595 3
-687520907 -294952516 2
879397954 -865429229 5
410766560 -118756043 2
-876599504 -742899888 1
394706891 -120454577 3
293593166 -283073383 5
-138964803 -519762994 2
217730037 -624356491 1
54310536 -154478763 4
905320039 -845716418 4
-65874742 -307600124 5
-192940707 -776380450 5
179811593 -663072805 4
-475896231 -221238582 3
72330240 -876013694 3
-154491036 -104374689 5
966367536 -614674161 5
92316945 -150110736 4
931110528 -615373045 1
582216173 -289756956 2
-890939178 -74114464 5
-322619186 -395645287 3
-302876123 -599099440 5
919521875 -509406205 5
-7410652 -514680208 5
-386223026 -867503351 4
-183103184 -485501440 5
579850979 -465678582 4
166225220 -648186346 2
-383360742 -811579834 4
285234453 -178850736 4
-848151067 -481066137 4
665317077 -126638582 2
414444457 -208228421 3
-753227451 -141207193 1
-73772495 -697398182 4
-658738418 -414165849 3
747498963 -454605594 1
579377069 -975211213 2
-216568747 -447889170 1
-715345426 -815573177 3
656938819 -379971602 1
-729802539 -752956831 1
78522117 -722563275 1
-785780924 -539197445 5
-348983079 -655976295 2
-813047907 -627225044 4
236722400 -213957987 1
-84044882 -416477130 4
-809277088 -42912304 2
-893035042 -664050591 4
-32230331 -46038879 5
92886764 -378822138 3
-73046995 -740216675 3
368582323 -445769340 4
-83119652 -531869838 3
712644538 -730131242 4
85754532 -456592610 3
633922000 -472106918 3
-751719575 -677955159 3
878554925 -280229695 4
416403269 -758089723 5
-991214439 -650746989 3
-423098522 -747233369 5
652226239 -681236259 3
-717699402 -427114867 4
731533293 -562708165 3
-538747845 -598017526 2
-931993284 -728858315 1
-879457796 -295541595 2
-442522070 -844385106 2
252132635 -290490722 3
600979802 -726394157 1
-545955547 -616146292 1
-664071693 -71872952 4
605949466 -562530727 3
-523334316 -726359517 3
-851405723 -457022540 4
786981376 -243037217 5
532915309 -369159954 2
-111227684 -415853676 5
-463587245 -361562551 1
-80953348 -373082439 1
833610207 -765421445 1
-27435994 -944350583 5
724219870 -107067330 1
-604051773 -961113088 3
-58461643 -458842708 2
408025848 -275119093 3
877687991 -475885874 5
500308054 -105006703 5
-113883350 -363285575 1
703274964 -764031180 3
909499837 -512409230 3
543325618 -86019702 3
269845932 -641143290 3
-175786814 -836989335 2
589766322 -40638572 1
446653729 -530504881 1
139918597 -831808661 2
-62529666 -862062045 5
847275334 -583157783 2
14356454 -344145555 4
927257593 -624931701 3
655314455 -488533280 3
352300951 -700466805 4
-937172566 -205585742 5
268397087 -205392253 3
784280480 -602790969 2
-154786584 -580578959 2
-942094121 -570345859 4
273995644 -810609599 3
586407119 -759955156 3
-936489802 -103000933 4
383159889 -725472469 3
507919933 -15042557 4
401079586 -496019145 5
495688293 -704817128 4
910018576 -480186252 5
-55637428 -498410001 3
-34892499 -957814628 5
-265605672 -178644740 3
-440897297 -934214209 5
423301001 -415222589 2
112044730 -542729858 5
-249137352 -698373254 3
-339705940 -875636322 2
549194559 -717492454 3
517535016 -408302303 3
-28679501 -6996306 2
676788145 -379541986 4
383720423 -444024859 2
-943719687 -171932828 5
685947540 -558176454 2
-493843262 -854699486 3
-627515201 -619944255 1
-88246740 -328117212 1
-10435362 -892721860 4
368330927 -625637756 2
7992320 -447680645 1
925691317 -143563423 3
-89962814 -309961941 1
914049943 -111612106 1
846921242 -929886819 3
-335078324 -394590300 4
-835273952 -735319109 3
-57936557 -635426070 2
859963454 -204078749 4
606336251 -167880805 2
584799940 -629689019 4
346830766 -7504183 5
-374294491 -17938697 5
-233904869 -54540636 5
-429778834 -418369542 3
-885506174 -561008409 4
668951772 -870210179 5
-192375595 -29039901 1
-214426665 -886199804 5
-943671841 -95227026 2
635193242 -36736524 5
-876080337 -560360704 4
615854344 -650691703 2
-858542162 -674575935 5
-88116988 -605358192 1
-992716000 -948505126 1
-957199319 -574003205 4
143459429 -974516563 1
-663031347 -876799539 2
287921158 -814447801 2
844957473 -235719003 5
950862698 -119006452 4
58317589 -994808346 5
40947895 -100006818 3
580353847 -770840495 5
77771822 -343266534 3
-547863581 -519591762 1
967289123 -288410858 2
297795683 -680588970 2
918703505 -934107285 5
-97903606 -552264362 1
43221047 -967561992 2
42415293 -151248692 4
967213128 -26538378 2
-268827862 -716840087 1
-909869513 -630974854 2
280066080 -660234789 1
421141117 -368491450 3
591119962 -387290347 4
87213707 -632052 3
-223551426 -767731090 2
367026400 -585337336 5
917477292 -61463374 1
-279541053 -711074152 5
900412433 -619764004 2
257713669 -719150780 3
-117492176 -482096411 2
-888203572 -860409474 3
-34018775 -709150666 5
378627700 -295312983 4
-822348568 -950302504 3
-897237175 -88709407 3
263853708 -701025150 3
267192246 -843477095 3
-517557456 -640892462 3
-612102203 -476005889 5
-878843284 -715620669 3
368018722 -173608963 5
5661056 -963457889 3
-431727345 -181081892 5
-243097241 -237365379 4
744871147 -361519658 3
929245269 -713614020 5
-261228965 -313661886 2
604866143 -811569295 5
109615965 -976744983 3
-484288988 -585595147 5
-608085733 -644634615 2
440824700 -197714152 5
-457319094 -445240865 3
-49242528 -678409900 3
884279131 -675730780 3
864922043 -165790643 3
-149271065 -525943437 3
710738994 -318670659 1
-307683895 -709347625 5
174824850 -858667261 5
746121117 -281627804 2
-813657533 -591225500 2
55193288 -24789800 4
418684758 -75061373 3
659011988 -901219669 2
-400134408 -376269255 4
-956109387 -784298940 3
-661854278 -270301110 1
926635243 -381906270 4
74958009 -383759564 2
-46545633 -18695067 4
-999673736 -876182504 2
923676231 -390237914 5
360885534 -861744228 3
99040788 -644767262 3
-247682587 -279860525 2
-617810455 -179552377 4
411131646 -418829395 5
-187484508 -998318645 4
-889611228 -384520583 1
-626792673 -892850319 4
-943216945 -489987598 1
671473166 -13091903 3
737203859 -593298612 5
-953005614 -145892353 3
277445376 -440376904 5
174532319 -925271390 4
-408435288 -961686309 5
-114116180 -885497721 5
190492370 -454993644 1
-33424459 -853382288 2
740067582 -24425742 1
-970693969 -402824981 1
742680117 -188445518 2
89888058 -247751272 5
106510787 -180387232 5
528146896 -995008597 4
-302095983 -180110111 4
824087853 -531620727 5
-308683771 -932889853 2
866075607 -20267187 5
742662754 -876428300 4
-682060669 -61187130 3
-802485507 -362523851 1
393068494 -884934499 1
-129399466 -869735718 3
-232297623 -174978829 5
-719146042 -197869153 3
82220880 -406207195 4
-579959550 -859945197 1
-970613363 -906790505 4
-325220557 -560005052 4
152019768 -440495483 1
566805609 -22014133 3
-92914388 -986314575 5
223073479 -293373354 1
593300750 -831915118 5
-384010067 -680911372 5
-599814746 -34118158 2
103552738 -368702812 5
641037728 -628151001 3
751799582 -1716918 1
213938787 -42311448 2
-933574288 -732752657 5
-536721880 -607133096 2
601272549 -706999599 2
-167199067 -163133306 4
330654304 -315599196 3
-710870981 -957782164 1
-981162102 -443317701 5
64943614 -194454678 4
-228464568 -225923912 4
48398214 -153068413 2
168769075 -962259648 1
479159118 -699197884 3
107937633 -829941731 1
434873794 -701166462 5
146699215 -846244493 4
-20746020 -741804426 1
503174393 -517005360 2
131977293 -269044263 1
701267821 -559174046 1
487836790 -360185519 5
990912860 -328539849 4
512076504 -348078049 1
-595766823 -983376091 5
-666109926 -164694108 4
-468046270 -999831928 2
44388621 -407510336 1
282503968 -217452305 2
295800380 -622143619 2
738329348 -862778288 1
-825757407 -662703527 1
-329584666 -190064105 2
-12322444 -946884853 1
658740407 -807253259 5
-80461954 -844464434 4
-693179511 -569354906 1
75997421 -562741651 2
-942252174 -885169773 3
430062650 -784702767 1
-410537404 -81694872 2
72283898 -971195896 4
231915879 -136406631 5
-629929690 -981592134 5
748578028 -437564137 2
-989357503 -921068612 2
108432848 -660665383 3
617942581 -907027821 2
-233386892 -374051105 2
-980925198 -35702298 2
-131974116 -398287869 3
-308691983 -763807712 3
-464766213 -142428092 1
337763023 -978227373 2
50703277 -333347164 2
130691362 -83150926 5
-347608702 -527615567 4
-677175345 -618472508 1
-878730779 -620035796 3
521580324 -206476184 5
-932591947 -225613831 5
-375853299 -545655696 1
-690301647 -417508944 2
-108120032 -220962217 4
489912373 -409012409 3
-388748942 -699681358 5
658775739 -53881250 5
943295140 -237742428 4
413875023 -302586936 3
-181908330 -174955234 5
234314072 -188550163 2
-432079696 -771472028 3
655029649 -926858429 4
389713846 -959286251 2
-117390477 -244080683 1
211714695 -585872856 5
-8988178 -851275645 5
-900392421 -712086835 1
-611148618 -947707881 5
-294177525 -797291769 2
371326704 -681118658 1
625778401 -662089234 2
-895563216 -325666220 3
-682022966 -774350457 3
963039243 -328096826 4
813162399 -586446755 2
-43465651 -804349253 2
-23133420 -905780812 5
-146956026 -566511042 4
-857159423 -221352532 1
79807967 -673960494 5
-407893113 -633620346 2
306165646 -700279522 1
-981585951 -451424469 2
-627113790 -470849935 2
-550276515 -34648775 1
781639077 -487620262 1
-735162702 -6109636 5
-901753819 -959260688 2
158449161 -166660675 5
378390984 -66137899 4
-770800602 -514683327 4
923147129 -330471284 4
-169959969 -727222414 3
23494637 -469086187 3
252779258 -587666923 1
44170826 -810010806 5
-806875209 -156539784 2
31505648 -905840798 1
698814454 -605092967 4
455067677 -502025150 5
-809708332 -924419060 1
-538974627 -899392985 4
872352980 -293164087 4
44863283 -639008373 1
340701863 -18312606 1
72479204 -192231934 5
131199295 -153758874 1
-29279767 -809624036 4
-37424243 -277251769 5
-436181966 -583456725 4
833222722 -746323902 2
-618889808 -243967665 3
-902225912 -552515496 5
27185937 -722407427 3
992348542 -172861812 4
551774926 -78086905 3
100226669 -864118709 1
-962182983 -767088098 3
963668940 -182089146 5
-781589440 -813514172 2
738162192 -764720008 3
835994084 -762671283 5
198314471 -309708493 3
-596098174 -409615733 2
-585834406 -330563953 2
942552213 -859630408 2
804080810 -497034630 2
-322738783 -179161493 3
60575873 -704076280 1
876920304 -855427006 3
-573424984 -118510884 1
659107399 -151383753 4
555725635 -339724941 2
-867623283 -211524003 4
494505072 -327753319 4
-513419911 -236567535 5
365347022 -400535376 2
158208709 -237811032 4
-214200864 -758448249 3
-676120892 -942543669 1
-969241916 -988281636 4
-987056124 -109003383 1
-396150417 -170273487 2
-652584417 -374127587 4
148940999 -891774403 5
-352538426 -260288763 4
-263884620 -523744376 2
778879911 -936030909 3
-857914090 -924392415 5
-678859265 -18463074 3
-408440135 -413142854 5
796312627 -391092617 5
-873817700 -757529508 3
935524588 -683976767 1
-543716848 -889222907 4
-650599250 -956959648 2
667537902 -774163161 2
887880841 -272770832 1
-224082359 -427964981 3
-553226004 -361973234 4
-255866397 -804738618 4
-667339755 -228384639 2
639954777 -74647711 4
-830192266 -378295597 2
901370547 -876471246 5
618007435 -61659742 2
6350642 -962529759 4
-179068264 -993802283 4
-763167242 -471788280 5
-667327245 -421086981 3
-793402390 -906540048 3
157753895 -957698959 5
96915883 -541035580 1
124572947 -815283434 4
632436096 -819991192 3
-583710111 -248928541 1
963206190 -537691645 5
-273564750 -737119148 1
109567349 -555149105 3
821927994 -968062407 5
-691839502 -479441729 3
543926069 -503499767 5
208172068 -522581903 4
-27136050 -352518975 5
835865023 -588748532 5
-454573296 -61882943 1
716409639 -44455193 5
-158650298 -138107102 3
-596561180 -191814333 2
-322279253 -674173310 2
-775686266 -71123322 5
738704962 -245388849 2
334822065 -251143625 4
-787196917 -250373068 3
-642420022 -623982285 5
303311153 -767492419 3
769621397 -869804920 3
468353180 -463862780 1
-950339792 -129553612 2
407967274 -398964168 3
-373483769 -281957058 5
-337137529 -934419169 1
-865073871 -837214654 5
678533471 -166156010 2
-907943908 -650581912 3
893278469 -901750821 2
112406878 -376308192 4
-960938808 -42892647 4
-323900001 -371947437 3
-58881074 -756021797 3
522713299 -146806463 4
-169066306 -700515463 2
-360319216 -924904347 3
-467927952 -271216317 4
-853551148 -109079078 3
-703844904 -445681095 5
-384683317 -79776765 1
-140409830 -492897714 1
-933299732 -757715340 5
14578540 -871137661 1
519888995 -753978572 2
955931570 -966992325 4
-52489735 -220065324 5
-157184970 -605079226 5
-323683036 -980394347 3
-537911609 -478145109 4
-995395994 -727611059 3
862677299 -770011520 5
-581990415 -82934584 5
-121445407 -730960051 2
-787259989 -351716514 1
780538248 -889536741 5
-219042726 -815932795 3
-240378536 -859707335 3
148300520 -972881732 4
753414963 -638014589 1
257485437 -798232608 3
-500911326 -32006109 2
-112785234 -518268931 4
-594841339 -719231196 4
-778873284 -466887511 1
-480260474 -238076179 3
-419782617 -801125428 3
-967543664 -960068582 5
-395735162 -761841528 5
-669153949 -466288855 5
168440924 -724961621 2
-847440019 -621458009 4
-984105813 -455955267 2
-820088468 -614031330 1
-637080591 -357591082 5
715245841 -867192806 2
-310809189 -85007125 1
781941538 -631457195 5
-54579316 -507411588 1
458577369 -953893850 1
929745547 -388721822 1
172764936 -774890899 4
603909523 -821206663 3
490973888 -289217064 3
662614402 -150325978 2
-548626408 -501577326 5
-715797484 -281868449 1
-377198590 -98900682 2
131193135 -864931838 3
-83441349 -496312937 1
233411067 -562231186 3
-966405912 -801735639 3
-184884378 -20901925 1
848492020 -800870418 1
-783265837 -48783019 5
-270670489 -148826379 4
486992399 -720740588 4
242030678 -662685770 4
-442374461 -31662073 2
-577329353 -209229127 2
652966297 -875463988 2
-989771949 -110761169 5
-524193585 -233724959 2
999765067 -653324038 2
778203196 -436768447 2
-310470203 -669489948 4
5966367 -384179129 2
71357287 -920077224 3
-113151348 -577991342 5
-992237729 -132918790 3
689008046 -322844732 4
541271095 -829481884 2
-857332192 -773168511 3
-957372967 -571074672 3
-601217394 -919329174 4
671687019 -635078827 5
730487237 -481310750 4
-6045355 -445538495 1
-193222112 -380294502 4
228401806 -918369632 5
-424170826 -662510570 1
-205449724 -415180765 5
-499854628 -573390167 5
-799435786 -234176512 4
-424412427 -435626851 5
-442710928 -982640611 1
285585149 -544797671 5
169131444 -926145293 4
-816921438 -157992678 1
160630694 -502746052 5
-864787202 -732529500 2
-584002173 -696957151 3
-349378152 -710344427 4
245156700 -5263756 3
173613401 -909429146 2
723517719 -588816440 2
-745261137 -331694570 4
-361734342 -447048436 4
317921252 -357142834 1
-747580289 -357241265 4
974232234 -731384278 1
-258740685 -985847299 3
-998562904 -815036034 3
420082658 -122471837 1
-284878406 -562610373 1
-341879539 -370838476 1
-575666886 -149665138 4
703562307 -710842181 4
744004212 -902385046 2
-942878961 -380963874 4
-806814000 -278708598 3
-868467429 -544003957 5
409458639 -650667501 3
-463703976 -922076741 5
153121318 -3413933 2
-510187633 -3863820 3
515847283 -408900090 3
156393156 -351514560 4
852697164 -915098623 2
19370627 -879711117 2
-256849831 -244503198 2
538632198 -797233931 5
784671851 -340682369 3
357656337 -225104653 3
642379276 -661452320 3
438754627 -715996055 3
-857928554 -455397934 3
267202917 -229414201 5
864802244 -388563734 1
61178170 -359196375 5
-137250036 -427532529 2
-24534980 -893276041 4
570374344 -400970301 4
-669123122 -840313212 4
926572227 -517684343 5
-955745214 -254402618 3
-99613582 -785017109 1
-263390622 -563485208 4
38067745 -988114781 1
-91065877 -643638296 2
-938391512 -915800982 4
269293606 -942800729 4
-889718783 -711350699 4
915939334 -573375100 2
-483266247 -356893963 4
196349944 -605413644 5
404396321 -641771521 2
94118229 -817118394 4
-382843609 -203572596 1
-976517948 -937703093 1
419614360 -551729490 2
340565651 -588816323 3
398420400 -340061043 4
-536988718 -805955240 1
947237104 -570052662 4
-357044305 -317094325 4
-39317080 -831546369 5
988552595 -917620210 3
-415591773 -110002157 2
930548228 -753432124 4
772272809 -354815232 1
-54813445 -900891517 5
-813608884 -787468708 2
433066799 -510197372 2
662840158 -406790131 5
617342722 -215033035 2
-348832424 -108441962 4
-367891078 -497646658 2
689754766 -470288460 3
-278513235 -962504142 3
741577672 -502875217 1
993376713 -169825782 1
-167955863 -457906894 4
-276326592 -46022354 3
993792632 -756044086 4
843996217 -291549252 5
-747620522 -113355710 3
-216634226 -554797136 4
-377873850 -650172207 4
759407738 -880338622 4
22820419 -667054982 3
442294920 -121650025 3
-822203320 -700905844 4
-686522280 -117230385 1
688229836 -255336721 5
-569832329 -646898556 1
-446752470 -93832017 3
523119268 -879604283 1
603208390 -148479369 1
-85366482 -917641762 1
-293545291 -532552912 4
-289071643 -506811852 3
-362861771 -442008126 3
-394230819 -127914623 5
-414317566 -390968159 5
560799280 -356237732 1
319625112 -564318976 2
570342061 -747366911 3
-673903919 -90728813 1
727928456 -935565450 5
-345630569 -772539495 5
707517579 -92403126 4
815892096 -847902493 5
75710106 -327529095 4
199619311 -938568355 1
518004843 -438380358 1
-619295873 -674264346 1
-713513846 -675910483 3
-958031839 -373078882 5
599879612 -393384438 4
667487919 -797427208 3
311871668 -392077759 5
741300505 -333756938 4
-874624875 -958766415 3
-735043159 -311807018 3
-199041721 -588330263 3
711885430 -174386066 4
988166018 -306725530 4
611486469 -157574331 4
840618831 -101479780 2
-797624999 -65520070 5
-644311044 -136098626 4
507082708 -432955707 5
523396004 -776809010 2
303757529 -253635824 1
282232887 -922932109 4
478560495 -270065696 1
127140431 -239824709 1
531267587 -844325374 3
112615044 -610576423 3
-507479238 -767954267 2
226226360 -135464294 5
-907048021 -648900254 4
191979645 -443062109 5
-882723811 -970504873 3
-27633392 -898313494 2
11721838 -211525962 2
674651672 -607564376 4
-741440834 -893182365 5
815594704 -895773609 3
-541456489 -594636380 5
-321882090 -960837432 1
111271352 -70124759 5
-632965724 -246306871 2
173463102 -360960478 3
574560409 -145012831 4
-167703407 -34025044 3
-949807135 -348371356 1
882288204 -348285874 4
-785793283 -17241311 2
-877727765 -632918186 3
142132828 -463515471 4
-24254537 -642684681 2
235070120 -372245881 3
-474862817 -967709057 3
877888314 -332238253 4
-461219408 -760086761 1
337271121 -120163133 5
302822745 -985726868 3
45079098 -184455491 2
835135861 -272860296 4
993150352 -676379974 2
-395676541 -435707895 5
-497804680 -343160364 2
-588397373 -296820877 1
270012156 -932595758 2
-724717716 -495525156 4
549188237 -679543458 1
972586010 -485871870 2
-136142617 -38050637 3
-732350683 -681994314 2
-644632427 -202497486 3
387895330 -449482174 2
-765080463 -118032700 4
-442114893 -49318698 3
-882036620 -757602808 4
-159124745 -476279739 4
-6571712 -47156830 3
-362129735 -567168624 1
900259246 -347442092 5
953501981 -733287354 2
499726590 -942398047 2
518176485 -267915392 3
-420715130 -848247985 1
611412297 -374639918 4
-724386698 -146490401 5
850564583 -433939078 5
-564388210 -608457522 5
940128413 -30075532 2
-182257959 -235145975 5
-938463758 -34654539 5
-134961989 -243925740 4
352921949 -836409224 2
46532035 -601768588 3
-496795719 -815861953 2
661354568 -846427334 4
838134955 -966719432 3
-676334615 -559016335 5
478957500 -979408660 5
173255501 -329228539 4
598244787 -610071395 4
695215309 -973904479 2
-558170664 -865951734 3
173153934 -984628132 2
737916617 -7238913 1
675864636 -715231931 4
-45960060 -961213829 2
-446966542 -941139440 4
958296050 -469259469 4
-903489816 -858931967 2
-692363670 -415514339 1
-560577753 -690077938 2
-736883261 -275464515 2
-18810983 -155397565 3
-953149115 -145701718 4
-225551114 -727647345 3
357279880 -998084159 1
-470277777 -637376951 5
-89645286 -810439658 2
-551859438 -467332967 3
-544793681 -111861980 5
778534967 -66916507 4
-374379549 -605308286 1
-211107225 -265870816 2
-606214549 -22444428 2
-560158033 -722693411 3
-482539171 -788025184 3
-621962152 -120136536 4
-945570297 -315242587 4
-415378175 -199487725 2
-873986373 -403081307 3
119546898 -617362029 3
-933060700 -220276779 2
-627661940 -863751049 5
-236027448 -947783504 4
-227384843 -710846821 4
728479448 -999516938 5
-522869603 -955432240 3
-294359381 -134729170 4
-309505072 -409204694 2
978221028 -111168021 1
292775051 -589830365 2
-766910175 -16825822 1
-116450320 -884986142 1
488673741 -518040559 5
-727162548 -320692659 3
539033967 -820925244 2
-886371337 -473643446 3
-835788200 -667296708 1
22010144 -142942137 5
118146007 -744877001 2
-572482955 -288492741 5
858114128 -437103303 1
-98377769 -172380061 1
68485023 -916265425 4
140049846 -186248973 1
474648243 -261275423 3
-715810211 -687775671 2
618408842 -288498845 5
319556126 -301624296 3
430068156 -577808622 1
-747289678 -650398184 2
-416322871 -918254834 2
-346163804 -295043116 4
192514271 -197734488 1
898689001 -525550265 4
-923466739 -864394732 4
-409450658 -848419514 4
670157952 -677895145 1
901240015 -547281668 3
64669901 -113480302 4
-785577238 -33411969 4
582793277 -565143652 2
-849661568 -779979170 1
707938002 -235846154 1
-563140430 -270831421 1
650616015 -719359449 4
-607831259 -528085873 5
502498826 -583492451 5
-467494209 -255997877 1
-879486085 -846050140 5
-793315795 -856923042 3
224940459 -510996551 4
-274921809 -942585153 2
115511850 -578040701 4
-423196144 -536192277 3
-346371746 -858925735 5
-352283567 -557106894 4
219605196 -724993520 4
-678982345 -795592099 2
849962047 -817395970 1
-208857979 -791008193 4
351983208 -282479309 1
682058578 -620488588 2
-586776288 -919651534 1
-239164000 -656185648 5
-343893379 -879139327 2
284848619 -602480436 2
206337802 -963880082 3
-475685328 -968137804 5
-613883058 -303480902 5
-131017639 -111030760 5
-811604586 -750185762 1
110041299 -89019236 4
423812794 -555851075 4
-143528477 -435656692 4
-208905424 -39161210 2
486325510 -211299709 1
25927559 -831349845 4
-705158452 -990577541 1
-660068313 -842661913 1
130495221 -2957369 2
-303882042 -719007354 5
305942616 -154166384 3
923037443 -909442634 3
19891882 -230058674 2
89876609 -5112828 4
890757274 -249981597 1
505117255 -364469753 4
717759912 -192975621 1
-101545688 -809197243 1
-504982119 -550029075 1
-550729048 -760045928 2
-928315343 -456091912 5
455813335 -394795298 1
-596284594 -728852726 5
-74264995 -875500549 3
444665392 -182843583 3
-809817686 -417473343 3
958568461 -118257690 4
-250958038 -333490782 2
-925103072 -731175738 5
483125262 -66729956 4
-456076605 -480194832 4
19579222 -648291767 2
795263282 -387099704 4
-390837586 -872801551 2
-718451682 -958160828 3
554444400 -289352729 2
195549466 -599417915 1
-434604292 -992296781 4
-116160603 -319693583 4
-467616290 -573940867 2
22407224 -174042021 5
104426656 -119339968 5
570638709 -431621448 1
-364362624 -131023572 1
379221260 -421483715 2
284767415 -120320970 4
775580459 -259088937 5
-494138778 -917744142 2
596833935 -425536991 4
70501547 -402273800 5
981311356 -690380902 2
806277413 -815532618 3
876112587 -214959395 1
-609692030 -554871483 5
-264776717 -192015689 5
223715862 -445794427 5
-615571307 -939542419 4
-446226290 -227709298 2
-664260115 -279438374 3
-697145708 -447071621 2
563319154 -568503970 5
-460206358 -342221386 2
-110634923 -989338443 5
-635470164 -161387041 5
972897904 -904341348 4
-528381507 -500721902 3
189624540 -149895022 2
-772510660 -219659175 3
29688897 -482286111 4
-568967987 -445484080 1
331204180 -318498602 3
68413788 -78733753 4
-823103891 -413219559 4
253850205 -624346798 3
40817748 -684073951 1
-403576919 -297146694 5
-372412815 -725896322 2
-89763018 -955155475 5
436756082 -737181710 2
705635532 -981269579 3
-882219092 -813550642 5
-213893362 -29185109 2
-800124049 -629846889 4
-240667981 -47448209 5
824845583 -883885569 1
-743985741 -61676821 4
458045916 -542572091 2
80150677 -754955886 2
-873422887 -639201135 4
-112745572 -666476457 4
-264972605 -917729270 4
-967234162 -441157925 4
-2810160 -172785873 5
-160021986 -77769015 5
175003614 -164666078 3
-660797961 -640403963 3
846625921 -478677143 3
-546928777 -970713601 4
-884966095 -743445537 2
-640094144 -323076455 5
293311141 -651615017 4
220572052 -986383958 2
945118082 -140112643 1
790603758 -434464328 3
-63597131 -459799380 2
-685236752 -730711416 4
285952086 -745551276 3
-755903733 -834910444 4
-650605962 -68019829 5
859286164 -823232942 3
-437082412 -815712552 2
612400620 -949317836 1
-881437053 -861038168 1
-771329348 -885879765 2
261491207 -122051432 5
-186380259 -29526697 4
369913840 -491117422 1
755218372 -742413414 5
-715466021 -950565535 2
331778988 -140136662 3
902101541 -602918747 3
415847642 -583295654 2
917743212 -722520917 3
-262180555 -932235370 3
-105515592 -434644545 1
376447997 -877414541 2
450151503 -840019759 5
94847291 -81971085 4
-112995872 -502809318 3
-583410663 -161634066 5
926209431 -688900349 3
657252126 -307507057 1
247509420 -949917805 3
157094077 -340397961 5
135301451 -433030548 2
876480645 -437761532 2
95216771 -954105282 4
-677136678 -99162510 2
-980915741 -715216401 2
-624407978 -994689845 1
-366184639 -855711523 3
-637697147 -452669666 1
654776591 -934954433 5
-731716861 -667935404 4
893370962 -151216487 2
358094688 -597184186 3
444438510 -945466373 1
-458638429 -810623944 1
959211940 -132288920 3
-395447596 -329937756 5
-763286838 -3290743 4
-76156360 -60989239 2
532948982 -869606011 3
514876565 -244082756 4
313198283 -715678432 2
270321396 -596855657 5
401635959 -333687113 5
-457078338 -19744886 2
-865264425 -221878265 3
-902162015 -45489062 4
646700245 -507536837 3
64152266 -14429195 1
-240791899 -27918315 4
-616286774 -844014799 5
678198 -759331219 5
-256783814 -63830185 5
397540735 -811729470 2
709282264 -605521070 2
-28096104 -452947499 3
-29651458 -54860728 2
-601631014 -382221477 1
-149821429 -651712315 4
-77848367 -275777846 4
-490221077 -618671147 1
-651155605 -524405402 4
465005106 -450856712 5
122886928 -679795333 3
732401932 -20845141 5
657243128 -961898166 5
-541041419 -406335124 5
69859454 -776210112 2
786787849 -946072257 5
-374410905 -144260491 1
-661917291 -696709874 3
630348258 -259694330 3
-3206267 -245871905 3
118971141 -650721787 4
625886507 -163648720 4
-684803255 -367154778 1
-254602525 -23819502 5
409857757 -139925137 3
-29348140 -65375245 2
-380288336 -116414865 4
-383265712 -141634573 4
-809595045 -889913075 5
479704329 -290116837 4
-902747180 -124354697 3
160448155 -44744048 5
109062105 -462559257 3
814430915 -871235311 1
807805224 -648395254 5
112793750 -931310832 4
349432018 -719516043 4
-804721955 -209777332 3
655182206 -752622867 1
969933646 -103875572 2
-954491212 -126776987 1
-114314023 -112100218 3
887410005 -327921200 5
883462565 -713333913 3
489380518 -128758589 2
-132914205 -463194294 2
-256761671 -268138934 4
-933323093 -415769833 4
-703759487 -335937349 4
563646496 -995658415 3
-842968303 -391301742 1
-782164110 -228107850 2
-928269960 -44251219 1
164757632 -911656115 4
76652537 -75710017 5
253616177 -232267049 4
-273039617 -385158039 2
613811404 -596745124 5
856535153 -485453519 3
902497436 -880180438 1
-595094090 -794567635 5
-730813283 -755764707 3
582710126 -415323587 2
-376862234 -374424801 4
143456080 -80429999 2
389884081 -590415810 3
-229435848 -953739592 1
-974884904 -959921700 2
-659332881 -115974573 5
397835557 -660411488 1
741621372 -515575888 2
87109785 -341815205 5
-815164383 -331580315 1
801812046 -920416808 4
684049188 -950773916 1
756716301 -62214326 3
-669565891 -475498004 2
441819917 -735121219 1
297070363 -988220923 5
234055797 -974066688 4
-236095181 -184831672 2
643080566 -762308 3
304628738 -368920222 3
-795457962 -609796551 4
846429286 -828021872 5
-695960097 -637019611 4
-531839673 -509185641 3
290806644 -216247182 5
708339260 -74102112 2
549115200 -155192706 5
-734476721 -885538943 4
-324890111 -290111351 4
-883178852 -787584371 2
-826524160 -553028705 3
-601910254 -186306076 4
331229653 -102138174 3
-980731330 -419291849 1
441962045 -862968873 2
-90629601 -179098360 2
-800762169 -196329981 5
-949839071 -404762213 5
529252692 -562546776 4
470976690 -935782384 2
-584584965 -157372774 1
503045605 -13461302 5
-637178337 -144014894 1
71247806 -867198716 5
562194097 -220020760 4
411463422 -653347292 5
390766695 -672459105 2
-584061089 -794028926 5
-452345816 -556929462 2
-139513401 -800346723 5
-78140663 -304852084 2
-580076929 -963374800 1
620007438 -864022341 5
-910319191 -755310359 3
-363000744 -173688808 3
172017684 -5599948 3
-772913074 -690346470 2
-49534038 -734974022 2
224885610 -262368838 5
880810340 -631033848 5
-520472655 -107027960 5
918746554 -881499533 3
-258981101 -876644012 1
882659972 -185349634 2
852182813 -538574298 5
-925738987 -99021750 1
-248983144 -260245827 4
120592001 -323557896 4
485122917 -834719695 3
452472533 -703281822 5
327488636 -502895203 2
652874072 -347717218 5
453847870 -216783757 1
357067267 -34577517 4
-268166497 -519015234 2
-665094055 -280507661 1
804188552 -913287355 2
544612441 -857579555 1
-359809914 -676999110 2
470577464 -160485407 1
615630321 -949726982 2
433302699 -887260332 3
-579193588 -541150165 3
939188879 -630024171 1
76464567 -475344761 5
-506926498 -320853074 5
-712058506 -769074185 1
348822882 -510117746 2
482200745 -1109067 1
54956272 -681856143 1
989101500 -354417024 5
-532317088 -84499002 4
-447229077 -414618561 1
675013647 -90356107 3
-74862175 -732053053 1
-740157153 -955976457 5
-619897920 -902336826 5
344615120 -496075010 1
-41371583 -1087801 4
-498605411 -885211170 2
-532364453 -798029176 3
322220119 -441912221 1
-837067872 -757678596 3
458693783 -174183358 5
271805173 -395883742 2
768366760 -467116244 4
834163063 -570024291 3
878598820 -367662702 4
259190535 -644163223 5
684441952 -78940237 5
-25514082 -127222253 5
995506020 -285835846 5
696465770 -525126422 2
-778762462 -988819841 1
590635867 -323998054 2
5993409 -79241160 3
-838307105 -768128771 4
-581662203 -166969405 4
229028386 -205107399 3
964507832 -552443981 2
167560557 -540639814 3
178236107 -650638420 4
-706904834 -444926055 4
782357189 -89095941 2
-69062855 -460069513 4
-125028698 -714186398 4
240862526 -292556041 2
514979042 -4219729 1
-45297846 -219452553 1
-102638974 -271916740 3
685178266 -811214078 5
-920392371 -944256511 3
391894893 -328860470 4
-606770825 -104855221 1
261461973 -782849771 3
98258221 -340443543 5
-785969971 -452819276 4
-91814150 -362014323 1
-330154412 -858377615 1
542790154 -112275438 1
-515631348 -689940174 4
841625365 -806916209 5
-516841786 -587065992 3
-246102098 -772079662 3
386580858 -133132808 2
104148632 -435284219 2
330843454 -214252920 4
-439287999 -333222448 5
21499569 -203031343 2
-379563390 -418384066 3
-751835813 -300757009 4
449748370 -881899171 5
910632929 -590493760 3
-529213284 -537262 1
601421020 -36179362 3
39044656 -69880650 2
320159318 -48733827 5
954913949 -125605203 2
-145967558 -921176989 2
62590932 -646111179 3
-697179192 -539371565 1
-491868784 -585835383 1
-73038965 -141185493 5
-189436076 -948822106 2
-345312004 -32147712 4
383595860 -177333628 5
-245510713 -555629063 5
848094180 -128571749 1
-921773409 -497899552 4
-427798880 -305984136 2
771746463 -46091888 3
539374606 -659167622 3
-989481569 -765807469 5
-963680655 -744872701 4
-367552822 -253266682 5
-418784292 -593168500 1
-364133366 -519289506 5
122469768 -318659156 5
-213490012 -982112826 5
-448965610 -362845127 1
-202478972 -853980793 3
676421829 -620435925 1
785721402 -976700542 2
440782082 -855913706 1
622324947 -664024880 4
-568712152 -211597881 1
268303432 -912947978 5
382099042 -310529721 1
829386224 -478461324 1
-22290081 -555706511 4
-140642385 -661467979 1
547411801 -695437070 1
-347834378 -603792437 5
380769035 -155719778 4
151429773 -577115121 3
76360860 -602082859 5
681876040 -215542674 5
88306601 -881906622 2
227914026 -306261389 5
-340672254 -707789742 5
52481978 -645879596 2
-824924870 -249920548 2
75592066 -949253997 4
-274758989 -337428903 2
-889678384 -351266325 2
-395219435 -28568769 5
244984751 -405830987 3
9761212 -663535669 1
78153815 -513860118 5
737636261 -52989081 4
-882152446 -689773954 5
-898229696 -915703962 1
458924668 -311841158 3
-376457431 -79261709 2
-487179893 -910996908 3
262695482 -20505192 2
-21562408 -243071740 4
678150049 -554485211 2
-702322883 -411144334 2
472001069 -885073484 5
-612852581 -562068455 1
-266875674 -854212871 3
297003738 -699800694 5
-518717586 -795424095 4
262655508 -49555246 5
-460495708 -99200630 2
498407325 -17114101 4
58872654 -506577255 1
149023097 -622910144 3
780623531 -723224949 2
974122788 -315299729 2
726964638 -85080722 4
247546248 -648955379 3
367442505 -715426095 4
757197777 -991242133 1
494793190 -742938806 2
-33663396 -506492521 4
304168660 -63552265 4
-693245786 -24171531 1
-75568154 -81475122 2
205918550 -108252809 4
-874198851 -181764443 5
-158454176 -836832838 1
177859602 -661276396 2
-202103181 -893782889 2
80741150 -836336067 2
507754560 -445180128 1
-362172 -579813288 1
-789643645 -359245059 5
264955156 -716197455 5
237863813 -281342313 4
-287317228 -280093888 5
968588850 -130611751 5
415772698 -15911390 3
300349385 -149508100 3
413734486 -422562943 4
-781623771 -252538825 4
-571483610 -417129147 1
-543879430 -242744149 4
204687046 -834048207 3
430891883 -74694958 2
-428105454 -271747436 4
-297045368 -1026136 2
-984380424 -491483624 3
698588359 -489101322 5
629615846 -389827501 2
-973666382 -202675653 2
82817920 -286483078 5
-191330051 -3519686 5
519897001 -381561251 4
-100727075 -42950294 5
216719039 -920902356 3
781262320 -651785876 4
994658901 -252712037 3
-15607119 -947604111 3
-62292592 -767256919 4
-942021883 -785558292 4
470067160 -138657506 3
475004509 -393157208 1
-577520512 -917799536 5
-863356156 -838788317 1
870668064 -160364996 3
-87612910 -999676111 4
99486843 -123354365 5
394029990 -456694598 1
369513476 -878575621 2
162547582 -765106417 1
-954949505 -321811056 2
-389096995 -818858621 4
-309016244 -680138498 3
-995167053 -56930122 4
23256155 -789832756 1
84946183 -578106900 1
-315256069 -318939736 2
829542038 -824155119 4
-805535284 -749727326 4
-413818252 -126233627 1
-405327988 -408485286 3
516930359 -319196614 2
-657866084 -364350529 5
705443992 -313539463 5
-496595706 -185698829 1
936537240 -979350631 1
-726184735 -972562249 5
-748854916 -703175782 2
-623546153 -338597596 5
332826254 -249699992 5
333836578 -512306498 5
-297841715 -515294777 5
665330015 -174432936 3
-201074561 -237555970 2
230238771 -166779985 3
67306094 -293574648 5
-304305075 -740053400 5
967385262 -873737240 4
-890642278 -972992983 5
612251051 -387433830 3
-659573225 -127855124 1
-873203186 -189391630 3
674509594 -165349742 5
-373107422 -191141466 3
60064663 -464620061 4
-564456223 -849631941 2
650052793 -858721919 1
-426868918 -395790088 3
-416782531 -18937704 1
-351239904 -372344099 1
212811962 -619118683 2
-822114193 -774089623 2
466531346 -409798727 1
-291702220 -340595351 3
252336373 -935613040 4
-284279479 -493925549 3
945365206 -22048893 1
-313515408 -999343108 5
-91268911 -385357505 5
-826560308 -370973410 2
759072353 -733813902 1
-467641422 -417685534 2
418641891 -721348020 3
146267710 -824058387 3
419847675 -715917926 1
-233556289 -532854618 5
-978712688 -345979007 1
-87779181 -130641137 3
-252886359 -19377642 5
778366939 -295585646 2
-753689298 -431112223 2
-114322851 -252421916 1
-143523465 -629572182 3
-629061356 -926170827 1
-860842029 -384403877 2
-318924660 -431003706 2
122425950 -282363412 5
-569280696 -40243415 2
764004886 -213657206 5
379535647 -835346226 5
-837549388 -678409332 4
451434868 -682788313 5
496340044 -913009802 1
-338792349 -766567383 1
-960752517 -338421169 3
565420823 -545201519 4
-14226658 -346080743 5
505783839 -633983169 5
623125759 -286014473 5
224064042 -482990659 2
135876170 -550387743 3
-578983185 -766413437 4
-537401343 -937882982 4
580903166 -154984221 5
93088959 -124297274 4
-90109661 -811277569 4
-238541437 -54632558 4
821970307 -218857138 4
827575413 -598860847 5
-588601770 -943485777 1
491523396 -746971239 5
349934058 -232204395 4
-282414257 -664095494 1
974174418 -654098410 2
-492326069 -105300115 5
987610366 -258642707 2
-501984412 -385144906 5
661144610 -229793798 5
-345513461 -942007254 5
-982305366 -741071030 2
93410134 -326431070 5
-881633423 -496095583 2
168966677 -880072641 2
-599222762 -602561270 4
341124208 -936134282 1
911981650 -606240864 1
-553469818 -856155756 5
413699649 -697615003 4
776216161 -341324456 3
98881116 -776814571 4
-841293268 -514210502 3
131332072 -485156921 1
-152872473 -103519403 5
-959220639 -658255468 5
774035456 -148159133 4
-912898637 -224734330 5
-842380435 -605112624 2
533898080 -426628542 3
-527946563 -890846093 5
787039304 -340944322 5
-497836599 -519880274 3
-496735410 -918697333 2
68373432 -699644762 1
909595395 -445791801 4
-439948803 -35657779 3
-703504023 -370582161 5
995277092 -639314960 2
-371532992 -489484809 5
-720624849 -282388854 2
365589005 -739971781 1
-455906013 -495068832 2
-440077427 -376978383 1
542968262 -242218008 2
-219104690 -700807353 3
485124655 -499416581 2
-710815803 -690816316 1
51145429 -95997790 2
-452743651 -284023618 2
815158341 -537548256 1
868489266 -514334482 5
-965916629 -175138533 2
314386484 -580088426 5
-600606787 -669694540 5
-803439545 -646008028 4
-13087545 -256150781 5
-684969176 -200588345 4
-168920661 -690851927 2
-459896195 -587966393 4
630512793 -405725684 3
722518643 -564244217 3
-950328975 -897147168 3
413315156 -892746114 4
942243741 -269068500 3
511381981 -973540854 4
142215418 -379517524 4
-23157689 -90432569 1
29404906 -603529171 4
93859308 -599159337 3
342793051 -42551599 5
580558220 -626906761 3
510245684 -318700575 1
-95371423 -918244693 4
406195061 -266651580 4
-404812577 -203269944 2
-348579176 -197433343 2
782190573 -527674379 1
559364508 -937253326 1
398950060 -662810081 1
296695243 -309995622 5
-224807347 -99310637 4
-666778148 -323613826 4
744579790 -122584941 4
466963215 -993649303 1
234899842 -742004796 5
846183384 -678268906 2
-12732331 -659385341 4
458298960 -657016942 2
-931953769 -173057369 1
93941144 -446536603 4
628056864 -979623967 4
-472208679 -198149984 3
-794322734 -654840889 1
-293177039 -601605266 3
514229360 -318665138 4
-365365949 -672045424 5
-220986746 -383600514 1
345416169 -233838247 5
196277640 -505146924 5
642529120 -894536551 3
-23310466 -158762524 2
-335375261 -739847052 3
903379442 -142037677 3
-451914736 -290460909 5
-962392162 -565296943 1
538013825 -359086287 1
852329037 -371977843 3
121391590 -297695172 1
-636231411 -753459542 4
-760054443 -912626639 2
642709643 -584525995 5
658255001 -848753686 4
364600602 -271524409 3
-611480200 -812610905 2
73929111 -456904825 5
-34407273 -625237647 3
662515503 -301544364 4
531359136 -144421673 5
88450954 -50614536 1
337736244 -402789554 5
141549770 -897422176 5
-54736308 -794049631 3
229163662 -43691694 1
-685516122 -719399244 5
-395256868 -631798576 1
-74906575 -214246082 2
-371128605 -507956290 4
-31466660 -589927899 5
-658156000 -598481145 3
537624318 -699885055 5
697553503 -297233222 4
27411856 -949261747 3
-231414278 -965884066 2
272654857 -5578740 4
-26897114 -69014298 4
-438461860 -982184417 5
-572594838 -465609781 2
-795612971 -32255279 5
167862715 -512322616 1
370968821 -959893540 5
-644925876 -819658826 5
-297013636 -84794634 2
-321189291 -818196944 4
214818351 -11904089 3
685411403 -344571036 2
984798790 -199551991 5
306815865 -887879972 5
-221578560 -359216366 1
-258390252 -857684079 1
274370437 -159743935 5
541910088 -761491760 3
-484699230 -56231354 1
547281322 -554822868 5
-129361621 -873318413 5
371368779 -574463570 1
-918009709 -270486900 1
-535240589 -662339434 1
470785677 -975526786 3
342676899 -716502892 5
-427717798 -894342847 4
-704437822 -218789276 5
-971010816 -430124749 2
603948413 -810889413 1
-981388901 -921405485 4
598660506 -216999759 4
802247769 -208715051 1
147093517 -369100596 5
639953049 -523939674 5
756555593 -796540040 4
-251213599 -307045065 1
76721204 -997621842 2
-721473634 -382269431 1
855965111 -373506279 5
142803456 -32093717 2
-143611673 -127827562 1
121970178 -531451067 2
-944639467 -190906717 5
604007091 -951759060 4
-772118988 -869849560 5
-612778362 -149843503 1
683302155 -613939396 1
-935903377 -761054941 3
615578768 -896696415 4
241594292 -372954898 1
946066455 -345602838 2
411367849 -715369915 3
545796790 -809967837 4
801903731 -20449187 5
-976337093 -383645753 4
-395030755 -745769820 4
585496015 -69731540 1
696618655 -705620669 4
-302919237 -585308659 5
-709050875 -721531611 1
-741636704 -382082784 4
746167626 -992293619 2
-473279193 -827882480 5
679326969 -100495455 4
-786834785 -877600361 2
-743520910 -109055461 4
419456723 -960833042 5
-950485023 -639307370 4
965235998 -330251487 2
-970276268 -462278637 3
-874409995 -572464425 4
-522467091 -909601835 4
576338371 -820634309 5
-621952762 -89741179 3
-981509625 -804293050 2
788272546 -709543292 4
49456429 -900041876 5
-637814950 -725774201 4
8495283 -604066706 3
-471380759 -969437419 5
-8023739 -731639570 3
-797126187 -224647501 3
178166741 -906537082 1
230343280 -9603693 1
-238803033 -520268320 3
238988978 -64707154 2
597396268 -160223347 4
273398872 -542198093 2
-592429130 -116269028 2
-3585742 -611977599 2
-228246990 -137261795 3
-921826142 -656935684 4
757759259 -191998152 4
548794365 -249626577 5
185101671 -267828194 2
-199333018 -402883641 3
-305124459 -471064442 1
272844535 -113879571 3
990795333 -265087133 2
-400955619 -733116926 1
597847371 -346714750 1
-752512219 -868714494 3
-270171118 -622940983 3
862410917 -165633146 3
-410661502 -402363073 3
581283711 -944009870 3
-511333599 -174717842 1
931776108 -776583359 4
-919962624 -509708803 3
136796611 -106293948 5
-266637107 -384781839 4
-270934462 -324702755 4
-17447998 -316912626 5
-194769582 -300598131 5
-637545003 -839705203 3
-865729661 -324861983 4
937213704 -227759533 4
-141614883 -119536551 5
565837746 -13522250 5
276026078 -503345728 4
470941302 -373913330 1
441255655 -883240583 3
-513238057 -313177959 1
-59513258 -273546608 3
464239480 -279255624 3
282940838 -601141280 4
-665291628 -479873715 1
-709059027 -944617422 3
341387471 -301771908 3
69686769 -866281714 4
235012373 -575571518 2
151764279 -533432447 5
-555579663 -551985034 5
567988211 -337362619 1
186373916 -261201195 1
192353962 -476466605 1
851968413 -610941459 4
-131460008 -507903297 1
-477672771 -329998518 2
-701673199 -593266410 1
-342173046 -928423647 5
897001125 -884869809 3
-956545725 -958846669 3
78255652 -131643577 1
247634672 -533263413 2
90355190 -140547323 1
818080842 -887937233 3
-389272714 -445580673 2
712107486 -181014746 3
305618034 -906008783 3
746493728 -168683946 4
398796175 -565542935 4
500499247 -232403897 4
235854143 -773050404 4
-195040670 -353484066 1
-713269310 -767658052 2
-836929047 -697439684 2
48268536 -146361851 3
-615050617 -336284236 5
695496832 -14955514 3
-872733622 -655788576 4
-273624145 -415576961 2
260755695 -996221179 4
794718877 -57596219 5
-146431484 -552430698 3
325648825 -283607925 5
779567692 -613001520 2
581835111 -834812519 4
-12344244 -212540978 3
643356434 -280921656 5
-220553931 -478209580 2
-315510767 -511528470 2
-72330607 -682865601 1
781661555 -257622927 2
-576380035 -436652731 4
504435287 -204840611 3
-122235744 -514029926 2
539684117 -440670149 2
893408835 -989952293 1
745779021 -525785446 5
-386454135 -539740106 5
601731088 -948751893 1
-791941634 -130027935 1
-980828692 -502500802 4
-797594860 -924894711 4
634708475 -765328878 4
-105006007 -634862722 2
895103395 -952539475 3
353962632 -395619071 2
210754492 -602319851 2
828418219 -270379120 1
-584792475 -416578109 1
288080109 -68867636 2
684858997 -481772437 4
558652236 -542175679 2
417905673 -986347182 2
-738756753 -222370499 5
335914512 -409904757 2
713739655 -559184260 5
-679810191 -515666917 1
-246027775 -312746714 1
-949834613 -485458494 2
385394399 -858819342 5
-301968647 -888104474 2
-843422708 -30863065 1
770463470 -65621314 3
-745627201 -899734823 5
-377303272 -929023091 5
72306336 -857116046 5
224171118 -269216777 1
500277868 -338507082 2
-158736329 -66442170 5
439073555 -795632227 1
-882112230 -774760190 2
561711075 -766745657 1
-625593194 -433082703 2
-918886520 -873402042 5
9066478 -344463834 1
-370494265 -473841775 5
391609745 -220222628 1
705183532 -886311200 4
914676469 -922911926 1
-980743814 -103164189 1
812481416 -625540849 2
-985013472 -534850645 4
105422899 -976150089 3
-850328982 -662995200 2
717246440 -649418908 5
218693865 -734671187 5
58168137 -261012738 1
587480716 -762480940 4
-744988990 -417815156 1
828593287 -78800061 1
819384905 -921163238 3
547816223 -726060501 1
809849323 -136643217 3
-448047760 -202515943 4
-122119084 -793297205 3
634822851 -141603930 4
-875856351 -189336833 2
722312690 -973972816 2
-525814586 -659214052 2
918019499 -122314845 5
-522337682 -368546070 5
662673173 -855460049 1
450335186 -969821695 2
614232605 -589436453 5
-982285469 -979234855 2
952793900 -582972942 5
-83035513 -283547935 5
33635214 -827150618 1
421251394 -787209381 2
176026992 -277344527 3
860860262 -974553550 3
193473310 -237636784 4
306011276 -356985264 5
-467350823 -132546320 2
534800714 -805119375 4
189541704 -816545809 3
524735415 -193506988 5
561812437 -779721350 5
321046589 -919891903 4
-818515162 -540741441 4
-980940226 -486795360 5
32202764 -842008365 5
191382299 -471073725 5
648134218 -927832281 3
-587666691 -26225428 3
537263210 -764860321 2
473749719 -644297734 5
599966846 -521308291 3
-477282098 -156192388 4
-855888847 -2879155 2
-206907668 -950982960 1
843428345 -672845677 2
243593724 -209931709 5
645208497 -691395579 2
-255523994 -87450845 3
-749635679 -719384222 2
885141248 -982514124 1
-761236539 -887882206 2
360126456 -511876217 5
221677000 -607676306 5
361630071 -745225300 2
-838072404 -189618069 4
790139944 -127913403 2
585339512 -563718686 5
-747736640 -963982871 4
-808220567 -252043064 4
769241402 -939563519 3
620740297 -638747598 1
-631549619 -969784257 4
678578170 -920180396 1
-903760314 -602011983 1
-498165767 -353303580 3
68142798 -374620783 1
-258666280 -475225891 4
-967622452 -137930499 4
-353181429 -18617260 3
-576416663 -88033642 5
-864413471 -499539139 3
-961761247 -164079495 2
-167569289 -318599402 2
656461226 -878004218 3
478733110 -752451784 5
763059596 -368048238 5
534368236 -179613911 5
350632162 -517889909 2
-982804952 -950109133 3
-897749076 -450600489 3
-17630197 -725672599 3
873579165 -603665474 1
-291914183 -240291990 1
736999020 -875324329 4
605736161 -862300364 4
-486006009 -21665905 1
639410185 -222527547 1
243077600 -657953091 3
392682137 -215437450 2
959566763 -606994968 3
439374659 -509176727 3
513939830 -778874410 5
107668560 -363141577 2
-591145029 -207728710 3
-107206117 -752761423 3
-864570512 -777025192 4
-759075516 -396549652 4
-325733365 -196325204 1
8403372 -905220506 4
341629218 -756423910 2
-668592148 -765130241 5
-329060342 -172681350 5
770999332 -100952579 5
-448985364 -293471827 1
694090042 -493410003 2
-2292486 -645736063 2
330305221 -212383207 2
59491565 -733931800 4
392129348 -630819409 3
-306760434 -782369762 3
-367996061 -778790216 4
-976622047 -955240950 2
896640087 -995383423 3
-684678641 -821241338 5
466409185 -115178640 4
-698157227 -850585274 3
801899603 -654878074 4
-32157072 -985363647 4
-490343360 -512153598 2
-825247820 -894266887 4
169335926 -252838957 3
-110233828 -651591245 1
-621941650 -657519296 2
-817989425 -113449826 5
165024004 -713642655 5
-948358182 -815433860 1
979595831 -152054515 2
799281037 -624834323 5
-467734156 -873540040 2
73533553 -380703687 4
990417992 -940924627 1
-586496200 -202574107 4
785295930 -210150780 1
-39979102 -16889920 2
823691209 -82039120 3
-345603282 -562630667 4
-150254186 -330775331 2
-262473092 -535653184 3
-37434449 -386640735 4
-178007747 -275529419 1
366749345 -153925347 3
-173318546 -457838747 4
57298533 -53945860 5
666337929 -733095653 4
523774239 -380315384 4
376151941 -944447496 1
-72474204 -74178563 4
179829918 -892025658 1
-380165836 -900468883 4
-645806423 -866255501 1
-940574542 -496099698 4
69277271 -439587724 5
705367461 -923725097 1
995155036 -849522952 4
-251381469 -305023813 5
736701868 -967815194 1
-592947098 -894601656 2
592500018 -551732757 4
817169655 -746299190 1
626775260 -35520558 2
-665378902 -764609454 4
617128399 -95888749 5
197096523 -917307404 5
-875475411 -342348361 2
856838681 -609223243 4
-462155456 -797706605 2
694174687 -850256117 5
-441934079 -827588160 2
946626059 -121886891 4
-628810084 -584300282 1
96479294 -654132925 2
183855288 -825195170 5
-157801654 -332258758 3
124903801 -475621141 2
-502533026 -157669737 1
995125192 -615459274 1
581458698 -226534538 3
-523895679 -741813201 1
-954408470 -685559876 3
891294197 -919919633 2
517390571 -565522908 5
-397943387 -206707960 1
-62201398 -519038969 1
162372606 -281727587 3
217713895 -194057502 4
-414776995 -529024270 4
-341834527 -232823491 5
79801642 -317072405 2
68184415 -484790149 1
246526824 -980014073 2
-944039934 -151941439 2
-23799227 -915994873 1
-146747109 -675235320 1
494803501 -955594112 3
792724650 -996242787 2
-410614891 -252213910 5
-885626586 -996362433 5
-369749727 -865595199 2
588903337 -568404185 1
678697015 -122080894 1
226508258 -639362359 5
127230736 -691873785 2
-365521023 -645184556 3
314675564 -891011864 1
44158974 -7196009 5
-779506898 -406570224 1
-854156232 -335337530 4
943136733 -362328748 1
21974556 -922506130 3
-658569756 -702814553 3
257876650 -619551008 5
694809358 -615090878 3
-759352493 -318947849 1
-301249161 -549173020 1
289652925 -801501463 2
164898447 -655095048 3
-301328071 -240509572 2
-564724256 -630768815 4
-886860181 -489223786 4
940896719 -656903378 1
-38244635 -642062082 3
-468935523 -624697690 3
646341816 -106471102 5
-371724339 -785671040 4
-892715100 -509394133 1
-690394284 -706026750 2
-51205360 -252551845 4
-624248451 -842199362 2
-668386692 -343068120 4
963899065 -239105982 1
148153390 -960003759 5
861961373 -270153864 2
-147305022 -957364087 2
-274921677 -541991861 3
862486736 -513613412 5
561779570 -667342158 3
-81688214 -189422204 3
423874420 -989621047 3
797264138 -657304593 3
-332271471 -4161731 5
-476930854 -582060550 1
-938705561 -824080656 5
-353539946 -902582437 5
763192063 -648200198 5
-85304639 -127592618 5
-999335488 -266614526 5
136782492 -999534299 5
114291913 -91116464 3
-320393705 -248001282 5
-491547736 -253320102 4
512429063 -994831554 5
119255058 -11528221 3
-109926916 -446097556 2
-205915665 -134437575 2
-693845362 -441106194 1
52210769 -407811121 5
919696980 -760213522 3
548493933 -300901729 3
138829617 -95031457 3
861887932 -90569664 5
31052098 -88850248 5
751312059 -917445310 3
10268716 -839340124 4
287619388 -870021729 3
620556696 -525786448 1
979727495 -88331805 3
-654229869 -954430001 2
39342568 -302268647 5
785957930 -755182635 5
-389448731 -673448561 4
193632220 -741667960 2
-294009758 -216936490 2
342339456 -947924919 4
-37159188 -709088471 1
-857976142 -710742623 3
275045897 -878693800 1
-767909701 -757607152 1
789811361 -603070985 3
831577896 -438251188 1
-439804244 -815330280 2
-52059105 -977598540 4
416500891 -323653341 1
-284148251 -172858284 5
862545083 -175629734 4
-626150897 -77512386 2
-863540072 -775239656 2
863285663 -259280302 4
-266364110 -745212431 1
617900548 -673215044 1
513085339 -71754118 1
187314662 -902939876 1
-963193678 -686497035 3
-305238187 -828540363 3
-155865059 -101202307 3
-19513428 -707218975 5
-982490822 -626911952 4
-122864119 -891573047 1
-301387677 -288487321 3
-852585609 -815595257 1
-626256563 -218893288 2
-446569182 -553156118 2
347992761 -530730287 3
672618362 -663419678 2
661851774 -662999547 4
-332868058 -714921201 1
386625284 -284923031 1
-394341801 -272111471 1
293094425 -313086034 5
507912454 -146282716 3
-397539524 -230159155 5
925410526 -8066846 4
193301461 -505236253 5
389437986 -706045381 1
456159040 -184411414 4
959063729 -43092725 5
57096313 -451739434 1
704101743 -997655659 5
-170071356 -264378452 4
-632033616 -624386919 4
-190963180 -796057288 5
654868082 -520605379 5
802874230 -376107055 3
886351660 -680710819 2
-926954145 -191761867 5
257738259 -554635084 2
155524412 -24750630 5
-142149453 -125432599 4
267977874 -535481884 5
608197492 -493009255 4
-346547790 -608007175 3
-914529321 -365386363 1
437344613 -296635853 4
-245145124 -388781519 5
686608299 -499320113 5
-820729736 -163622085 2
-425619599 -675452460 3
-249588035 -409891089 2
-712325265 -221821231 4
799848269 -235884005 3
288442666 -752561631 1
669985045 -853786827 2
-149962835 -605812161 4
-612263269 -475145516 3
-731153261 -585465958 2
-872864608 -517557883 2
-404540205 -62461231 3
433641613 -525932866 3
-48034241 -877303860 1
383579145 -422880716 2
-334100244 -380479714 4
-937157556 -221076418 1
771649378 -343104657 5
-375650384 -125268064 4
835806392 -249429354 5
539757943 -179116690 3
691686808 -349273043 2
-316904477 -66944302 1
310737545 -443771877 4
490250882 -225462609 1
-635957200 -303062394 1
16401070 -39155857 5
879981398 -879004265 1
966919003 -627199231 5
789367699 -124769159 1
-236236948 -663580687 5
437172310 -955364038 2
-911150216 -519089694 2
-119587929 -687946949 4
819881435 -318832602 4
-213832981 -38101081 4
-841997853 -233212890 4
312398227 -450701641 3
978739702 -491310024 1
-248298676 -702348569 2
341268832 -724957167 4
-957930976 -624735149 4
656854791 -402851355 2
223460576 -864798255 4
-847577255 -895895349 4
-146759039 -487772695 5
-254640938 -434144312 4
-910688901 -247479355 3
356579979 -334752256 2
-576726726 -205023353 2
218995920 -420533401 3
-259748721 -260332488 5
357223085 -78965051 2
-704200355 -932905224 5
365931749 -292792530 3
-239298473 -501015922 4
997339501 -610262876 3
224056593 -433557573 2
-38718539 -133575871 1
-486366132 -991742664 1
786814663 -348447294 2
-369592082 -630692251 1
106892652 -964451086 3
624858862 -3826757 1
344955534 -40918141 3
817179588 -855369328 4
-859014087 -781045643 5
78159276 -502112603 5
957924510 -3347235 3
-442430503 -627864233 2
992519333 -688838222 4
9922562 -82429520 2
218450083 -158068790 3
145094829 -583269720 5
54848624 -592570529 4
-746410069 -360479380 3
607139451 -365720855 4
639323389 -372411669 5
-937873789 -658815480 2
388051757 -722580206 1
-963024835 -43088270 2
306529215 -690979288 4
-948123603 -157885275 5
24254733 -56131690 1
-699370261 -992093063 2
-491498105 -547095899 2
871940708 -933376179 1
-596487861 -137181754 2
612245168 -485379036 5
926820832 -398813026 5
995479938 -323745651 1
-885105399 -394007208 2
578963120 -442303554 3
514358177 -452438739 2
-393950877 -974691227 5
250084931 -797812590 4
602978292 -557647974 1
-774824473 -590294563 2
411267217 -900433270 5
-387585115 -77634865 3
962292483 -911549644 3
940996087 -46979995 1
-294388092 -913133583 2
-385004273 -381940869 4
376045011 -268622732 2
-952918548 -680772541 2
956424435 -530432961 4
315669780 -328503125 1
-401417744 -492421433 2
162057091 -470685492 3
-871022364 -660965791 1
-136991047 -861271352 5
-587708360 -762520020 2
845024726 -760836990 3
-359092368 -233926260 3
-564237614 -363698560 4
459228439 -475429605 3
894138257 -812230805 4
-578810729 -709972745 5
747531523 -264820584 5
922805116 -581838067 4
-239021782 -377604216 1
151296481 -396331240 4
328733045 -819629092 1
-813375755 -926271741 3
57379633 -431771213 5
560698951 -331926559 5
944299458 -248484465 4
-658873418 -278184471 1
415487315 -288980636 1
914064812 -348850158 5
-526633776 -252101338 5
948860431 -961508021 4
718363629 -554220642 4
-586809312 -528994519 2
-137049536 -723263011 2
-565463017 -775618246 5
-100092714 -28328873 2
-957488146 -792861235 5
-789825025 -386919450 3
726196056 -204280432 1
-652794699 -674882736 1
876337564 -421755622 3
-459889091 -419147351 1
-620355311 -859493039 4
61424816 -475725864 4
630165696 -748519016 4
175196418 -973808784 4
245283134 -162472568 1
623984879 -142492511 4
739637820 -481573592 5
527860977 -224244385 5
-666260565 -362060968 4
-788036068 -24701640 3
387615193 -427840040 2
596329335 -214879890 5
-245445508 -692336389 2
-939806202 -51096727 4
-237290188 -815964309 2
839980101 -365869526 1
-841562688 -291576333 3
-513627330 -974460935 4
-678762579 -642666529 1
965769918 -370841319 1
-86969834 -53935310 2
200984328 -548160847 3
-533155662 -920921591 2
-605246081 -201742436 1
557451007 -113509889 5
393203449 -376097323 3
-486443136 -337030149 2
-672368931 -544219093 2
-853319238 -245490013 5
-744306099 -291166022 3
970846658 -573271030 4
-325117610 -244201849 3
589985011 -236728096 3
212052742 -122313762 1
-603109457 -757647155 4
-85650260 -223451146 2
-366270786 -376579205 3
-805257446 -247978036 2
-597742323 -243028824 5
663923192 -199978288 3
-975958408 -370388282 2
-384290094 -148433914 3
73312904 -551852146 2
-434815740 -38205427 1
828606678 -288395945 1
519639064 -163177582 2
-199797868 -350390658 2
-387173602 -989993666 2
554922647 -125653464 3
520069381 -546996735 2
681944283 -876899406 1
535198293 -966807028 4
-86217079 -648394485 4
-205766435 -767032949 3
169618881 -85888230 1
-320292806 -716596617 5
223023851 -506353535 3
569730823 -246714116 4
757774022 -587323328 1
-70990090 -518375947 4
629589572 -932245001 1
885390405 -898187576 3
-897935887 -664807097 3
-444285125 -860707136 1
-893104132 -991341419 3
-306988098 -916779657 5
-976823492 -789852365 2
670683942 -880455476 1
-219625721 -399682095 1
-990854015 -325495641 5
272572854 -994571094 1
-765965746 -770646737 1
-840351411 -807190508 1
66830797 -720861694 4
768859480 -616759987 3
-706882965 -165982227 1
-611125097 -727464393 3
208828168 -957562007 4
-957018672 -384209149 5
486523413 -206795978 5
622856826 -929101548 5
-48074174 -754409750 1
-351795741 -547582469 2
46271435 -591421459 3
509805500 -605514184 4
223818522 -533441398 1
304470612 -608884465 1
705375369 -894311115 4
-719130917 -188538422 2
402904205 -594315590 3
-408639306 -647656452 4
-759651512 -917804888 2
-697199553 -448721667 4
166500764 -353589186 4
874162452 -7397095 2
59769512 -621802273 3
242691510 -456329674 5
-117981267 -139024419 2
704212835 -749840633 5
719097360 -995069306 5
519193973 -75116472 4
-552020335 -320138141 3
-348769575 -806552780 2
-262795066 -881386460 2
-465980664 -767779781 1
708492551 -924733134 1
-216080017 -144888278 5
-188410130 -373878946 5
25308836 -587213116 4
-57324729 -414078767 3
463333790 -538467270 1
215228136 -450811502 4
694154593 -500442593 2
-228542834 -607113423 2
601076574 -494423499 5
-886133505 -808366835 2
-426695365 -764403340 5
-197797902 -844023963 1
-372431367 -509160149 1
870474301 -638397211 1
-627073056 -303517785 1
711525635 -922445017 1
-455666466 -114977 4
-816506460 -248477011 2
-885342557 -261696323 1
168271741 -184494729 1
271460964 -25787898 2
741069506 -712194129 2
305594274 -41259923 5
-893068136 -793671010 1
-529161075 -722394077 5
-568117345 -994900098 3
-531554282 -876046438 3
-845714953 -970859268 5
755464746 -706395278 1
-429478132 -744555971 5
38937184 -839981097 4
371229551 -998621694 3
-468768596 -779846663 4
656717297 -39497224 1
-658076904 -957009521 2
508932667 -438773567 2
-640679600 -925479556 5
724361965 -143618555 5
243578717 -151424459 2
132896431 -491098075 2
423035189 -182997491 2
-871052074 -307819660 3
782397742 -681320717 1
70112459 -911974356 2
587216466 -784314250 4
-413662396 -771026092 1
-111971096 -478032296 4
-485370886 -778404425 3
212151412 -139898853 5
-634796895 -39853515 4
-671940430 -692994829 3
472081340 -361729460 3
167273435 -812341786 1
-312517377 -319528393 2
-190598746 -258378097 5
952374879 -695514502 1
-123074968 -144146261 3
586761119 -27353244 2
-610830679 -256829991 5
-899074566 -85018517 4
-215859136 -212543710 3
199717969 -956894179 3
571512286 -324473144 2
892569912 -571196222 4
-807706878 -373400914 3
-880016239 -739399093 3
965042104 -552592179 2
755937026 -434977207 4
944510352 -695960837 3
395208195 -613026725 1
275485669 -757325892 1
-7847196 -257435357 4
-356219176 -231753095 3
-514363555 -20279781 5
607855277 -344408193 2
-538078845 -526929338 4
885451022 -999598741 3
868940835 -663389976 2
770440747 -297457059 5
109200912 -635244354 4
607928174 -794677948 2
793702176 -186831429 2
-234717085 -458777245 4
955755347 -874890629 1
-754956833 -318379979 5
-834501728 -662967812 4
867311606 -396832682 1
720435547 -878578448 5
-769505904 -81812268 4
358857764 -567188484 4
-720176115 -688097177 4
283536785 -991234659 2
-20755878 -431375982 1
944231619 -834908228 2
-638177245 -615940359 2
788165234 -4758968 4
673163044 -249078767 5
292666644 -376479260 2
908262467 -423612458 2
654574741 -745358772 2
-539479732 -37788254 3
883137902 -206747213 4
-771770354 -613901801 3
-588988000 -578514764 2
967583819 -923139101 4
635170699 -462772094 1
-198453187 -495791680 3
-865222794 -794436252 1
-799248673 -605744138 2
134460397 -423369726 2
-169759858 -815591712 2
-941947911 -524250012 5
-492620468 -310114052 4
-964115149 -83346488 1
746791573 -40037894 5
475001169 -226628370 4
-120911218 -305709600 3
646502380 -583581197 4
-965907822 -319053810 4
-420827992 -873074375 3
-102428608 -619485652 1
368859468 -726484070 2
402651266 -998387733 4
633251879 -841810984 2
-80326642 -18717536 5
-248972564 -61114245 4
651459518 -111211298 1
229945394 -738491299 4
694235111 -525922840 4
-80416524 -117908510 4
-60433254 -501931665 2
-334948495 -165678485 3
554563661 -633657694 3
-587814991 -397393939 5
653937648 -473845814 2
-223357312 -598996933 2
204666436 -594674400 4
914560727 -431025375 2
792917996 -163867864 2
-24399685 -576848625 3
-348879257 -372388897 5
348644613 -341598838 4
-617099835 -657171756 2
705105534 -971519173 4
384495284 -573892431 5
277744631 -972111355 3
297732708 -685050289 4
-826597841 -259996366 4
-963673802 -333116879 5
-871376384 -939877450 4
688329515 -513153963 4
727469613 -597955135 3
315522458 -761187089 3
35024668 -959148027 2
105535661 -211347604 4
951507269 -658909866 3
947298147 -138347779 4
-659060196 -196407057 2
656798888 -988953204 4
405969090 -717011930 4
158160364 -927669726 1
-17518310 -313614630 2
-709919853 -210204978 2
356649323 -304715488 5
725631096 -949932029 2
507714796 -64330151 5
-961347436 -954370554 2
-632875136 -942339899 3
648978453 -462158120 2
-928269913 -934924531 2
913388416 -825342877 3
-455575179 -894829895 1
458152664 -419830808 4
-496706221 -804020576 2
19189126 -974091067 4
566913902 -963813241 5
588522529 -958471192 1
156917771 -496010218 2
-394711544 -863384211 2
275082790 -688133692 3
755473502 -870127296 5
424286655 -300943705 2
-275123163 -246819408 5
-45018240 -708038942 2
-417379041 -670999909 4
535654528 -474246265 2
-783291483 -146628134 2
-219400116 -815342238 1
-899595326 -851667644 1
885360002 -640251486 4
-779473267 -696191207 1
-774988557 -362764435 1
-656747384 -928011746 3
-921199748 -704457977 5
610501553 -372489965 2
926662822 -381590972 3
829204321 -44121484 1
278187772 -937467137 2
2103080 -728794774 1
541737024 -872330474 4
-736786292 -643744536 1
711746797 -485169120 5
-142602666 -698569497 1
-739161270 -339523046 4
156304612 -461555870 3
-720045016 -859379595 2
414976812 -838629449 1
874049779 -522957557 3
-273213961 -322125098 2
-174438465 -430830464 1
457691304 -794696228 5
-519405231 -827581293 3
-6652031 -576540533 1
-332855045 -281704598 4
-819206801 -717902140 1
-89168465 -67869537 2
516287629 -648591883 1
-577414882 -926060023 5
29454250 -642777541 1
251331785 -615420604 5
-345935498 -606690513 3
-361695256 -317536982 5
-846109795 -835521475 3
-714215914 -192016934 5
583748712 -750047879 1
-793856488 -358348788 3
529138466 -725305108 5
170843127 -874243867 2
395897211 -803026857 4
-702873456 -271274393 2
669205517 -393800307 4
420767782 -317295125 5
-982984356 -362721674 5
-477074375 -645642638 3
593213385 -286296150 2
263474062 -664741242 3
-892226839 -753879266 1
-714495127 -85709367 1
721606954 -432970951 1
813559991 -527731040 5
211987297 -419985770 4
-480721426 -939713821 5
-99581670 -285622940 4
602214801 -620986334 1
762561228 -804454704 2
-978450073 -740037696 4
-496740320 -393623276 5
-146241875 -549545290 2
-240375976 -599382214 5
797108792 -991538960 2
48335187 -692918585 2
704533624 -89878309 3
-76390014 -33706000 3
-577789699 -750611330 2
15380065 -651233133 3
-102181839 -447193928 4
-232199392 -465806166 3
-963755453 -726139405 4
304361732 -518577555 4
186126884 -760253734 1
-473168004 -73356384 3
-4009784 -950915110 2
145117309 -699483639 5
-254695694 -336542013 5
-464013070 -785144212 1
861994043 -895123360 5
-805920695 -815708777 4
-63559385 -118311412 3
-540317494 -723335282 3
-239652277 -402394289 5
483620733 -465897529 5
-95249384 -415036983 4
-745813512 -410922413 2
889637502 -131156671 5
-779128748 -75807872 2
269056917 -269407184 3
-673556143 -185792651 2
474927098 -928432715 5
-58566178 -843111327 2
-862724153 -392506334 5
949729609 -282166184 4
260169336 -38827985 1
859427382 -922237634 1
-712349838 -287270465 1
757623969 -557274457 4
242236888 -887505365 4
361704274 -880876525 1
919017958 -64348554 5
-576885710 -393414606 3
791997055 -829449315 2
510180414 -492387399 5
-959317351 -756465511 1
-760230782 -857978515 2
-97642948 -265476632 5
997337317 -656977160 2
-617835461 -504190807 2
-762864007 -57551774 2
-914376955 -435703021 4
462798995 -566638372 3
815239119 -699299363 5
-104156864 -445333326 4
596275154 -197673066 5
895323441 -716349487 5
42790920 -720216442 5
907690687 -759578896 1
643126755 -313137489 4
-640015487 -490779257 4
800547500 -914679230 5
281216317 -415411379 2
-531980791 -931564821 2
-357241185 -211748925 2
-530041363 -386655272 5
-688763047 -757644413 4
304587666 -531653990 1
344597766 -332790890 2
988048953 -296206656 1
-463212703 -979999820 3
74293309 -415407057 2
514982505 -453515597 4
545486734 -561112997 3
633582296 -221803013 5
761730227 -954299295 4
-848846153 -997264757 3
641801610 -376610718 4
560282980 -438819821 4
-580829736 -317948192 3
707297598 -951348456 3
271183543 -639105738 3
-455465463 -115377367 1
500851216 -567480872 5
-949055073 -81607770 2
496211795 -590819379 2
546862295 -386891664 1
499177608 -35665683 4
-292884192 -217117079 5
-87935857 -877578016 4
423308342 -573054353 2
-806173962 -404925887 4
-546374966 -187903672 3
-969171274 -655997437 4
935280003 -846205622 3
825864175 -8408896 3
-470397175 -651489011 2
-695688855 -423121020 5
183402941 -180252036 4
-516948289 -553016043 5
-815588290 -893297142 1
-130116070 -175291641 3
-269101769 -304927843 3
361393601 -585926113 1
552086801 -923780597 3
775497831 -697508526 4
197290717 -917594247 2
95972942 -417209599 5
292646211 -110077525 4
340632604 -544190688 2
-221857961 -216266428 5
-872263111 -815778426 1
-151459175 -4283162 1
801029166 -717820049 1
-594003436 -232309120 1
877495473 -877084652 2
787568993 -104421758 1
242356169 -294490026 2
-358576412 -77149451 1
115001768 -709083415 4
724799476 -924229968 3
-429163375 -283830881 1
995218209 -104306131 1
-49780159 -511512258 2
695614543 -110343368 3
675925257 -189572946 3
-655067493 -738626064 1
904701805 -931907110 3
-992592945 -269317093 2
315163965 -908663757 1
396361116 -232315025 1
874653716 -2042619 3
-109234718 -114725085 1
978463801 -112124677 4
350982097 -730740684 1
-219920991 -132983138 1
700361998 -750712510 1
418080100 -947326733 5
416311091 -820525376 4
850742082 -632910780 1
-629425588 -77880700 4
-863834368 -722297257 4
632230468 -831538567 4
942460701 -144553357 1
209550775 -137235845 1
-881351117 -598451273 5
810294131 -819006077 3
-612013114 -900430473 4
-234285035 -977670630 4
-655223811 -753487902 1
217943460 -729183078 4
-377103176 -219946723 4
758919 -717002764 2
-427930467 -687989124 1
415182457 -562281297 3
-336715598 -848075088 3
-656986022 -670932634 1
153824859 -444370086 5
566261743 -559979017 2
-830614388 -434402222 5
-481404344 -940321396 4
-758808700 -222216497 2
-87412616 -334985409 4
-871054465 -710839683 1
-371782671 -394690534 5
888795960 -674567324 2
-448040845 -433087522 5
850359151 -283497274 2
-769902243 -480850670 2
-496672741 -507070335 1
-714854758 -617968689 4
272499937 -963749157 4
268349202 -178896477 3
450511057 -984215349 3
131558661 -194572256 5
395129086 -976135644 5
-711009334 -159812316 3
508129971 -254364814 5
-284892884 -244979204 3
-15333514 -384169453 1
525310802 -436606550 1
82813374 -176205338 5
801915127 -289211366 3
972779186 -432783866 4
-206994963 -221221448 5
-584007716 -941895127 5
-653526851 -46420308 5
-169947872 -374664884 3
206912719 -638081155 5
-899083708 -319441155 2
-899913087 -686607435 4
80106512 -874188240 1
-989648681 -674567062 4
587524447 -971994233 5
487320524 -944603433 1
-78256173 -746703102 3
-799135114 -652836849 4
204908021 -493984611 4
-134580838 -753647696 1
-502445395 -945585280 2
-415590021 -576134743 5
724797370 -540295831 3
59538289 -471396343 2
764858359 -875049456 1
-533963510 -486003232 2
889349457 -708766683 4
-330572889 -927550091 3
146961053 -901348740 3
-217004148 -252025827 3
326400276 -933775179 4
504757060 -598735563 1
275798256 -222530902 3
-190443370 -441572903 3
639835400 -79449641 1
-847086327 -564493202 5
680430690 -910905890 1
-166810696 -890698687 2
412911469 -268821067 2
-509094500 -140090757 3
347820670 -543014318 4
457478276 -260675931 1
386331729 -337449713 4
288550580 -232354511 2
-720213214 -350268573 2
945957506 -803343421 4
160667111 -349474676 1
720267566 -498415316 2
142834447 -350885619 4
411456726 -388726512 5
133271525 -479928879 3
-133484542 -458716890 5
-308001116 -492558451 3
122836314 -174348763 3
-736403736 -47212753 4
-467237317 -767499325 1
-132435949 -200515618 1
-58049248 -316185590 3
-495079456 -666557018 2
109041595 -880854679 2
189261068 -667737904 3
711285319 -649233504 2
258859654 -179612005 1
-652698364 -985524926 5
-349681584 -559743489 5
-944423758 -987455781 3
4033627 -182066873 1
272199997 -14997592 3
-45647821 -347557821 1
40390093 -761231381 2
-909352606 -447374939 5
-577376331 -3248422 5
-74643815 -104181056 5
82378088 -570489655 3
-625300975 -953506137 4
617210901 -603064318 5
292545594 -596709515 1
5564549 -21471898 3
881665524 -578188529 4
673295334 -30005821 4
-577242705 -847236013 2
176934336 -657873636 3
763770250 -69134328 5
74647463 -730700219 5
705011432 -805743747 1
-881615975 -404608892 1
-55500544 -123783920 4
-488333136 -444678766 5
778950316 -353401928 4
260863291 -449768495 4
178952972 -100242837 5
5941611 -46120421 2
-999842673 -225630942 4
178190167 -26965673 5
-853183569 -962659602 5
-175269749 -290756095 3
505901960 -542834943 3
800437588 -852710781 1
-378765863 -994327696 2
-555216327 -790657751 5
-517941658 -705677273 4
176090342 -171925057 1
239015079 -100535933 2
-311922826 -53065298 1
362749855 -926414439 5
-541860347 -78606739 3
-495743903 -389816563 4
-7116175 -272049424 5
374908207 -997983255 4
-262032497 -964514015 5
-746670487 -187988925 3
-880330166 -659388635 4
760481861 -758669032 5
-278918097 -563288194 3
-548686663 -563119117 2
902386551 -843652180 3
531302243 -390560466 2
474707934 -444076786 4
761693413 -831768039 3
-18783218 -271497590 4
356292342 -463813113 4
551438385 -336260415 2
-215451956 -867017832 3
649772070 -947483182 5
-146671820 -87717660 4
461161228 -348721771 1
-151927178 -847462402 1
-708514496 -649920354 5
-413663967 -555840925 2
-58727192 -612531601 3
-102870276 -93648773 5
-151114125 -653663126 3
423098962 -330729539 5
104086737 -617269893 4
-976435907 -518651754 2
-657927891 -542382517 5
-593852001 -882913287 1
141530331 -611532929 2
-44653690 -792618085 5
167299761 -747826185 1
-395124191 -696778358 1
-877915821 -94517007 5
-257940210 -368471228 5
195854550 -101474025 3
-837162042 -474218545 4
-202059790 -441891429 2
827521886 -155281203 1
823232881 -830487803 3
-923469808 -474736960 1
-721072433 -413268124 4
355298067 -494026919 2
9928784 -817817470 5
359811987 -649418774 4
-322805765 -67341666 3
-554589455 -35462069 5
-613156102 -4577794 5
465802288 -444398369 5
917277569 -30355086 5
990408806 -60927250 2
-508160197 -493066840 4
540617475 -61017271 1
-596121455 -483303704 1
752475287 -31102824 1
310472919 -553421353 3
-33190093 -407903983 1
902181222 -309183457 3
857163999 -499777853 4
992432435 -525816202 5
-854322711 -593577582 4
-596194809 -108620648 2
704527234 -209413091 2
-350353485 -380116967 1
625736845 -773860222 1
-476469822 -321830005 3
-539773972 -452869396 5
645432013 -915295319 5
404486631 -699595885 4
225401864 -7229697 5
730436264 -356365019 1
-620755394 -978843494 2
-942612802 -24797248 4
-861423497 -56586346 2
400849164 -208972041 4
-820624169 -448499933 2
137303640 -54344416 1
906880022 -64779997 1
-476354163 -122493082 3
164046687 -987721780 1
733484392 -617707132 1
55794537 -93694656 3
-633937440 -764206755 5
484680089 -778050746 5
614634426 -81364000 2
77522205 -816899653 4
298892148 -255416618 2
-313189544 -164863907 2
-471863438 -642615335 1
-565226471 -28121128 3
926361494 -235462561 5
640169188 -585303520 1
238268836 -671927826 3
-905175625 -410027565 2
331787400 -808308452 2
530461646 -564567937 4
-154530756 -132105281 2
799508645 -451751384 3
-153549528 -478385105 2
542493194 -547845518 4
662305175 -436841595 3
-134376402 -631895600 2
-212728952 -839711681 4
-528823091 -583662526 5
-152701192 -641787447 5
-961964944 -769568674 2
781689880 -776122103 5
63648927 -190388979 3
563766012 -444020333 2
129575092 -110358698 5
559843248 -194335838 2
425148040 -433296819 3
433594363 -396779566 2
-17752896 -863846204 3
-637547533 -673503529 2
-130535988 -383202823 5
572539086 -414088884 3
-525152889 -889590688 4
721541777 -969743393 5
746336620 -726432735 2
-856892559 -120972573 2
-433641707 -823533987 2
317159842 -527104584 4
172902341 -840610087 5
-54710016 -522866654 1
987874677 -309742811 4
-620382759 -121688745 2
-177650036 -958155411 3
115200208 -661542836 3
-858188979 -796548398 2
660051813 -97879295 5
-751329103 -6515991 3
-510689968 -150821551 2
655149623 -843118038 5
799773800 -253285604 4
-105348090 -92106116 2
-579815419 -259452102 3
81228567 -887213629 5
-457332888 -673757940 5
423783251 -835580479 5
-342626728 -469101067 3
275829576 -91116956 5
-127799378 -899972814 4
324393340 -709356022 2
-556971106 -931499930 1
-28360508 -75951684 1
968624982 -845924060 2
944565559 -90860914 2
-753789997 -882835682 4
614646097 -129038582 4
-108052689 -174356677 4
-731293735 -237621096 1
-20128149 -132549260 1
596701220 -127713691 1
-842775112 -978397771 5
859091488 -68496577 1
311925232 -789301088 2
926784691 -103011811 3
-296963124 -504700296 2
403009486 -77834981 1
362164990 -625914676 4
347721190 -715421280 4
-892990005 -270064743 4
-732266669 -330471598 3
-510662932 -664236092 1
-414412079 -890635362 4
301694998 -568049574 5
-949607892 -81539991 5
-397925919 -167365765 4
839603889 -391616027 3
-526137159 -479808618 2
434761967 -297986285 5
-29908249 -105701582 4
-644832704 -408169148 1
-347022069 -74860487 4
480423623 -386192773 5
-322881958 -275053188 2
-579819363 -42081987 1
-767281297 -542134577 2
87908632 -110210848 2
-232860321 -63173390 4
-247704310 -949801436 3
9287221 -50813289 1
-811951808 -405956085 4
-904717143 -606509367 2
-343115108 -369590321 3
221537494 -397913287 1
815115002 -804121080 4
-685275544 -865183170 4
537406064 -871144661 3
252370806 -510526664 2
-294791837 -559790947 4
923093808 -60728927 2
-720335729 -427123588 1
832655981 -985030080 2
-741487803 -110741913 2
111747951 -977404838 3
28647976 -817379778 4
-299249319 -521405286 1
283715432 -516667546 4
-882137348 -891450025 4
-548589119 -79759752 1
-654672382 -113114709 3
142338785 -548641391 2
718578109 -937358854 4
-563714486 -392464130 1
-780491198 -91082892 1
-632349411 -511709467 4
80221461 -486715611 4
-48644448 -469429336 1
848943992 -66573563 3
577920313 -400837776 5
71611930 -654693833 2
-708664261 -638979697 1
-459768204 -261691536 5
877619921 -648043313 1
-798735692 -992575453 3
925130461 -905461153 2
-612980176 -288824347 5
526544622 -602790750 4
732178690 -692279133 4
-499831436 -73274535 3
-758972141 -195145045 1
949657941 -270881347 1
607877610 -892091909 2
-899725364 -868805661 1
273377038 -405045726 4
-448421644 -998006192 2
627751455 -210164770 4
297472128 -296143374 5
682238816 -220535648 1
-648107112 -291365071 4
-662375688 -834803878 4
-270299823 -93500462 2
-367178767 -894259796 4
-118313062 -193724760 3
524102017 -175984330 4
600346416 -480481818 5
484193607 -800446920 3
-847809396 -709026814 1
916385557 -400344398 2
144048955 -933886389 3
37009495 -512253219 3
-15027138 -435317289 5
-650037744 -780476888 5
-31643577 -382778144 3
828312470 -24891563 5
574068091 -174313594 3
351025014 -107596493 1
-443326680 -617362358 3
-278377207 -738169523 2
-967206015 -509050074 3
523713876 -937495247 2
859409923 -543470423 4
-593626544 -459100597 5
-941347944 -57382878 5
-873439444 -804300849 2
-151315223 -901562138 3
-725912547 -90056552 3
-520036353 -275610758 4
942843109 -815532334 2
-432600530 -226233050 5
-752420900 -985527167 2
-520274586 -820871162 2
-963252798 -758595152 4
609662432 -671137823 4
154776100 -406662196 3
616195616 -511958978 4
661023378 -410826346 4
-749469438 -205948258 5
-966208638 -469998999 5
-24852302 -685800647 4
-668600836 -249585416 3
-168312547 -166064730 2
886912787 -948472783 3
-870167734 -136100618 2
949282103 -202617285 1
8475561 -432584434 3
539082674 -44062979 3
78966829 -212886224 3
-433505241 -815071331 1
324397506 -515684 3
811134963 -404191086 3
-18895728 -407505462 1
-793496149 -177028910 5
340963391 -55873994 5
-850909099 -182384856 2
689854428 -180930430 5
327760879 -753849588 4
-850514487 -633499343 3
-762083204 -14128635 2
776712595 -1642527 5
658463992 -376453653 5
-840194103 -484677673 4
731744056 -727384289 5
279020268 -212331942 5
929483650 -116655265 2
-656823165 -286409178 3
737331651 -73594424 2
767902334 -999352765 2
-727653309 -95463233 3
-121913918 -343312111 3
-436185630 -885337568 3
136094830 -244147638 1
267191662 -133928414 1
-248029391 -776454838 1
253755074 -359657487 3
-121523718 -769200292 4
391952766 -641371032 2
-534898762 -614647638 2
-737558744 -24209810 2
-759166020 -765556384 4
120705603 -261607528 4
-721093586 -561746043 3
-347536970 -117395670 1
-521390553 -115391925 4
-810090532 -31059384 5
-192768663 -619773291 2
660038590 -601951708 3
275357565 -103916705 4
-113455769 -983098990 4
948920704 -890023824 5
-476681983 -64089490 3
973283095 -402155164 2
-461272456 -212989105 5
-415040289 -322786819 1
-445002319 -911873208 1
-55040116 -34949388 3
-394948899 -769874506 3
998185084 -95200253 3
-815927248 -871867305 2
806220834 -231463133 4
898632762 -419866733 3
-778636913 -949217084 3
534882852 -938373222 4
411652983 -328412346 3
43733867 -898928001 1
-362170497 -30912427 3
-836485547 -833516879 3
-678155690 -376132180 4
-792472177 -919083570 3
-887248344 -957705647 3
153971667 -457683349 4
-594576456 -255421257 2
263617706 -40664758 1
-716377336 -761232685 4
4116359 -424763575 4
-649646117 -269218131 4
942120532 -493465307 3
-437830091 -602486016 5
848861932 -288120681 5
145790360 -340343579 5
459436162 -986948867 4
656092848 -873228725 3
631305404 -504719071 3
-677146606 -749961961 5
571452643 -648898666 3
731334050 -114824862 2
522289416 -126009039 2
513143831 -807726466 3
191336241 -185380123 3
269148698 -262226022 4
-312381214 -565123837 1
309162761 -784480565 4
344219876 -227256116 4
-867327995 -14036336 5
-830400482 -387905719 5
-710200015 -403431563 5
603483775 -331802225 2
-668467329 -509023847 5
895787214 -840374747 2
-33273888 -904879501 5
-341178538 -316846805 2
820870200 -346401565 3
526362302 -523214790 4
707969503 -649005743 4
-277617053 -843013554 2
634519012 -364242764 4
-127144459 -534888645 3
131710015 -446214025 2
-329656286 -125358765 1
-568431258 -471009316 4
657220534 -148912491 5
-886529690 -457881206 3
225109866 -17094035 1
988555967 -553777429 1
269891305 -222144712 1
435227944 -519938731 1
-978087979 -279140974 4
-506810533 -967078128 4
-590982052 -969693912 4
928094561 -278960096 1
789563487 -623746274 3
456644082 -27544501 2
165546224 -390114559 5
304062207 -655393598 2
178213040 -92408057 4
154314004 -407130694 1
650701866 -739360047 4
-328167866 -192166131 2
-233188494 -667151688 4
61304861 -669926832 4
664786273 -97034925 5
-732828760 -971236772 4
-199089423 -486066821 5
-743223511 -506564762 1
-462458716 -978530460 1
-892581899 -388690785 1
-898412210 -804666584 2
-988025751 -795705939 3
-308537373 -915874049 3
611270201 -795643784 4
-542844829 -313999825 3
-236010224 -260400475 3
-884596963 -435119664 2
-458198815 -234369957 3
662679374 -261228019 5
-92432625 -898234980 1
118163451 -568158009 1
-3484472 -918102056 2
77065384 -479768604 3
384722252 -190417339 3
23933901 -968913013 4
-994661028 -650860384 3
-842901685 -325250604 1
714542348 -774138191 1
-410809794 -147794710 2
65124559 -317926659 5
263498985 -41450407 4
972501380 -452252644 4
23718092 -940217943 3
-598902773 -143151031 3
801431117 -450917000 4
603304780 -961150063 5
460347227 -433707714 1
-67048972 -834224275 3
-201042160 -287473481 1
780907768 -786220213 1
-721903824 -585520492 1
434902143 -499872381 3
-896884464 -997907864 5
863999613 -209193721 2
799940474 -731702575 3
-918321370 -404210230 5
6334362 -20378378 1
95950398 -160965435 2
286518395 -247002266 1
-538627175 -487173240 1
-96842348 -664697111 5
-330549187 -22891687 5
-413097787 -765679075 3
932253753 -554915158 1
468077266 -457666030 3
-554822702 -484250544 4
-950794949 -847078217 2
-739323030 -380864568 1
874760605 -701242732 4
100356506 -78945221 1
-757514087 -116183212 2
-404847300 -211075073 1
91318704 -436743500 1
-653360339 -997648683 4
-190336235 -684305063 5
-848909218 -505416110 5
811917508 -674942000 5
520081884 -184415788 4
92614894 -869203296 1
530515187 -654064996 2
-844889856 -807685880 3
-144195765 -757351277 1
-12141436 -118931391 4
-805397749 -165805957 2
184762151 -989832504 3
-881905530 -120099899 3
-163886142 -211232674 4
193548319 -394185805 3
377957080 -759341613 2
203819444 -14352723 2
942743306 -488735675 1
452628337 -619708800 5
474369648 -574449379 1
-574569059 -674035929 3
-256704078 -137361538 1
778769056 -986031194 5
-361768905 -325087118 2
727805228 -294834760 4
-353790653 -726045676 2
-377163588 -456281098 4
46098649 -957823446 3
-219525671 -588045767 3
290104366 -135090329 4
925647020 -785946816 4
702181370 -107231941 4
491361960 -840078936 2
533246607 -648513115 5
140059892 -806710122 4
-532403162 -154637965 3
-894938679 -105338913 1
-636273532 -70836258 3
-416753634 -732887924 1
-741224812 -550469117 3
-358913726 -886711106 4
-286526181 -167530094 1
932665902 -594563140 2
-566091178 -285753697 5
376104305 -925091666 5
-926936488 -551418991 5
917693577 -278848866 1
290949775 -674895859 5
778656762 -847174606 4
259703240 -822533142 4
484651920 -980497684 1
-669996064 -270505576 2
-786625913 -843857670 5
-893294887 -445351801 3
436431124 -51100176 1
944541395 -281132240 5
-260039877 -714844224 5
-855060230 -737651264 3
-207445444 -794622636 4
-869312865 -601722902 3
-44984073 -101060306 2
-35605995 -28349836 2
-35488582 -705482132 2
-512978933 -237366116 1
-195651132 -99735788 3
159117537 -622897179 5
332597173 -738876634 1
-911901221 -153798771 2
483656083 -846739381 5
-137772293 -361865390 4
747693276 -283184462 4
182736953 -982521481 2
772332927 -85453382 5
549317840 -24396976 4
-728595746 -696095982 1
808898008 -976446056 1
-242227384 -303654697 5
-633454584 -77598899 3
613869400 -209358765 3
381793868 -809276898 3
952464243 -579946834 2
-372194920 -142474775 3
-872674743 -68151659 4
392030307 -540076421 5
-47002040 -744695773 2
-215006577 -25730427 2
-807057118 -263991508 4
584215605 -948329749 2
605114456 -300441447 1
298069335 -891168062 5
-327256574 -221964835 3
-228834693 -321888924 5
-628175258 -645710165 1
-267388381 -35038582 1
-654118528 -118469271 4
-826482797 -351886051 2
588409031 -240777702 2
-952609656 -708548159 2
-336985525 -873852225 3
-551468502 -275347175 5
-145085174 -394013720 2
-281796489 -661605037 4
826061392 -65302923 4
-300559141 -485238215 1
785299368 -139731103 2
-209103838 -34528970 1
-368256375 -349611681 5
776351228 -939328536 5
928561818 -624818623 4
-33288673 -162612345 3
-459525100 -158872432 3
593713662 -552731832 5
-73273755 -51033168 4
208781278 -98122853 5
876581994 -52610451 2
585681995 -843567165 3
817409766 -47844246 3
-866463776 -792640699 4
338464727 -657231158 1
48106482 -853926418 3
823506732 -629399884 5
63810452 -668412176 1
-526643455 -315944392 2
381340953 -670178081 5
532066405 -220439469 1
-167667838 -966465660 4
-720172306 -126409191 4
-755590030 -69608663 3
822025061 -600857662 2
903193184 -692688365 1
187623856 -642591468 3
440023325 -727288089 2
698446910 -386157880 4
779081726 -626297820 5
703039690 -35680158 4
-614505095 -328625112 5
-143985574 -697968951 4
643829749 -865792958 1
545639085 -751917322 1
-549574210 -647295600 3
138502249 -902844727 4
-393637073 -620206307 4
-116111953 -422084176 1
772541298 -639617329 1
40263356 -321400117 1
-166326820 -986047560 3
-704889040 -811869765 5
-319431316 -185703123 5
-558710511 -646827725 1
543911756 -964907283 1
604042732 -133214169 1
248385881 -947552837 1
115044682 -634661832 1
210740767 -68500981 2
-876805399 -878928544 3
598060263 -654929986 1
848340275 -176964447 5
-55194366 -196044749 4
-712489671 -366968718 5
56012234 -720905484 5
-664078964 -120707935 1
-287338054 -396212827 5
-400889478 -294521071 1
141577256 -31659687 3
-354617193 -504820208 1
-462639918 -503388741 4
-664492003 -183112753 3
-770988506 -155836817 2
273227461 -544528608 4
-758901292 -797270481 4
17444110 -386979359 4
-373250523 -398829615 5
843493173 -665537765 1
480194518 -668759686 3
108292892 -775790229 1
-841545393 -309178154 5
-700596089 -445215331 5
-227483666 -176713770 5
-91859010 -717533833 1
-937775404 -651796916 3
834793337 -357727102 2
905714508 -47144359 1
88761255 -475203100 2
319526147 -14014460 5
-631968958 -408771782 4
489705528 -249711880 4
-89025564 -228764912 3
-147926420 -949831797 5
178970107 -698860513 1
892901506 -419578221 1
207674038 -359429554 4
875992571 -103402339 1
-56970380 -15999812 2
924702138 -619638162 3
924401268 -814968811 2
50020225 -769939885 3
252445466 -450917018 5
736099704 -652456670 4
556655119 -406629144 2
997972448 -482502336 3
771693832 -272720301 3
246680759 -164419121 2
608417275 -552615382 5
900225898 -343794894 4
-738572050 -848250349 5
590641370 -287832819 1
589411850 -870164540 4
752075096 -344482061 3
837717101 -791031094 2
503139588 -734846398 2
-453472250 -452276113 1
-763342199 -899619200 2
-2066689 -126663648 1
-440134952 -75204096 3
-410691243 -361036588 5
98664685 -157971795 4
-658693028 -42760255 5
272698712 -97648094 2
641516521 -643811745 2
-909204441 -28167108 5
60257979 -677353981 2
108527099 -269647912 5
-920890028 -447962633 2
-693556868 -443026628 4
-791561199 -298182509 3
754095312 -648337018 1
973898031 -502537385 5
644988031 -377111418 5
345204324 -25588726 1
-499364139 -678737188 4
-543449753 -203414625 3
451463807 -418301726 5
-825137676 -725240097 1
-624753999 -621185262 1
395567853 -831004668 3
372434479 -233309063 1
151111308 -920470561 3
993707272 -87225298 3
-291999814 -775057216 2
73286965 -653638189 2
-76225717 -504175497 1
-236168429 -249831853 3
438495143 -920516411 2
-938485368 -563170122 2
103200390 -752649991 3
-215360822 -632962821 2
-57611005 -17213436 4
733919744 -965783419 1
-910418292 -575098309 2
155078663 -550003033 2
969983377 -425092536 2
-715230845 -49533736 4
885825488 -815704429 4
730142683 -151619050 1
769949136 -986786511 2
447316698 -189828242 3
-52051099 -954607857 4
-599115010 -39323993 3
-440092175 -238276217 1
954820262 -919549892 4
396868561 -80128376 5
256000012 -706180332 3
587425870 -903511408 2
-352404612 -274738280 4
-281258125 -495961521 1
-298963708 -952957719 5
520113398 -521284545 4
258741534 -377429875 2
-131671260 -232370366 4
531727340 -623437782 5
-402578445 -269323219 3
338734348 -117636783 4
257187587 -412576096 1
-172538504 -112862681 3
-919077881 -168492114 4
-330215480 -579584187 3
878441887 -474151037 1
264662720 -864903720 3
758242994 -293891359 3
-845178120 -854550025 3
838196990 -27721100 4
-674390017 -989663313 4
-643105881 -544541776 5
-945749349 -604900600 1
-434703064 -243126499 3
193079305 -841070232 3
67287863 -667859053 4
-911828454 -263860007 2
-773970591 -8269106 5
-606029899 -460407345 2
-264436114 -747769756 1
293760239 -893828553 3
99598175 -435961524 2
-932551866 -558388908 2
-997094048 -739343020 3
-227011362 -904217557 2
50661983 -548017589 2
-649773903 -709796145 4
-546520547 -429392092 2
844218871 -604893776 2
-190266268 -818330058 2
-153979821 -186764988 4
504424847 -825361395 3
-40117633 -757043997 1
-975231268 -261700783 5
-150031913 -847705259 1
-822739001 -603435249 5
479406177 -519534603 3
-994729459 -407528210 4
-894529751 -978533712 2
199440167 -34633301 1
-36363862 -690994934 3
-97935422 -159412852 2
-651487328 -332188500 2
-454931083 -456924959 1
37923631 -949853144 3
172383928 -700414405 5
-200876818 -691200710 3
731866454 -932738687 2
836043586 -265685882 3
753570125 -118136749 1
276829938 -528738090 1
699431767 -824308353 3
-163789956 -620523606 3
986891628 -888638655 4
-241088506 -980942742 2
274156976 -452725437 3
-154792713 -666432334 3
316344309 -151418822 1
166098021 -691997875 5
395235847 -157635538 4
248425410 -249399241 5
-125173153 -779357150 2
-536922547 -252789717 2
76233622 -890902418 1
-89994149 -728320460 4
-921675317 -342791049 2
-399674447 -728259561 4
-935325120 -218514327 3
-963926982 -972415399 3
-589045884 -383339740 1
789734069 -959717636 1
-559326631 -961082493 3
515022267 -701973815 2
706016388 -611073847 3
90242863 -536696753 4
-841140948 -672104016 5
77793500 -153857749 1
-949730963 -161227143 1
365286014 -144289350 2
810291887 -591382421 4
-738707394 -102588076 3
-386179586 -559841142 1
-455965952 -299357579 2
-533607698 -429681287 4
760999476 -304587284 2
41077398 -708229473 3
865348341 -757868684 3
-73703982 -347781966 3
-900010498 -709616806 5
185343063 -800797369 2
872586510 -496128159 3
-54462713 -185057157 3
-578853328 -915296797 2
835449365 -498854616 3
-219090466 -981200235 5
499651015 -65158185 4
-634060517 -595124695 2
-767635249 -739591225 1
120686818 -480382120 5
-500419254 -282098903 1
-441560794 -998751539 1
50836819 -764550722 5
-343403786 -339955614 4
-297914951 -791724700 2
179859686 -707902557 2
-348039096 -616841948 4
-547998565 -825771807 5
-502475906 -190550384 2
-991244012 -910783435 4
192078456 -242982476 4
-976743667 -869527207 2
-478890626 -585911610 4
335508604 -448783517 2
