3
500 50000
844 4581 0

33 1163 0

0 2512 1
0
1807 4818 2
2 1
4008 16 2
1 0
297 17 2
2 3
170 504 1
1
754 15 3
0 4 3
2 886 2
5 0
9262 3 3
5 1 8
197 42 0

57 326 0

72 1 1
3
0 59 2
9 0
8314 55 0

49 9283 1
8
291 3 0

1 4 2
14 3
22 165 1
17
2287 168 0

2836 39 2
8 7
2 15 3
18 5 1
4527 65 0

602 0 0

3 175 3
23 12 8
449 2385 1
16
4 857 3
2 4 3
9806 9 1
9
5824 0 3
17 13 22
8 2969 3
17 9 25
64 7529 1
17
314 594 0

62 63 1
16
2391 0 3
0 10 24
19 1 3
24 11 27
44 2763 0

263 570 0

23 1 2
23 36
1283 8114 0

0 14 1
30
0 27 2
4 27
9273 2263 1
17
4017 19 3
1 39 23
2 1 0

3846 497 3
38 8 24
4904 1 1
4
0 630 3
40 8 20
306 99 3
26 8 7
1 176 0

650 628 2
48 26
3239 1403 0

1689 7794 2
11 16
1 157 2
14 35
1373 423 0

5 2966 1
6
6739 17 2
12 25
0 180 3
18 36 9
1144 8 3
52 6 38
8085 14 3
11 2 37
115 6089 1
2
985 304 1
39
22 4 2
31 19
4 4046 3
23 58 13
8 974 0

12 1179 0

59 21 3
38 51 19
1593 3384 0

882 9540 3
55 25 58
1041 55 0

6861 1 1
14
1739 0 1
65
0 22 3
19 70 43
563 2326 2
19 51
36 3 2
63 30
2606 3204 2
45 60
2232 220 2
14 12
4290 9563 1
63
0 5766 1
46
402 0 3
20 32 57
0 1 2
43 27
221 9 2
26 20
633 6 2
49 24
367 6 2
60 45
21 7 3
70 76 1
2138 0 3
69 0 62
753 1 3
53 70 22
4541 597 2
63 78
37 12 3
40 66 22
20 4817 2
7 38
69 2 0

0 238 2
57 60
150 250 1
67
0 0 3
32 13 83
0 411 0

9 2303 2
31 2
3404 482 3
11 9 91
292 40 1
60
5 7268 2
71 37
14 7731 1
70
1228 0 2
52 64
0 0 0

9 1740 1
53
4 27 0

2 0 2
75 92
0 70 1
10
2201 13 3
38 95 66
234 854 3
64 31 93
0 89 2
51 48
175 8 2
105 37
35 1266 1
107
4483 277 3
5 23 0
3828 343 2
36 50
6 3185 3
28 89 47
0 0 0

64 27 0

0 12 3
28 103 108
6 10 2
86 87
48 17 0

3373 2925 1
99
4000 0 0

10 3148 3
37 44 15
5 0 3
40 70 27
2325 340 2
47 89
2 3281 0

291 2 1
21
139 2 1
116
1214 5906 3
114 82 0
2 1 1
42
4820 15 2
125 102
9318 2060 1
5
2213 12 3
127 6 112
7 713 2
55 81
8 8 0

2 260 2
22 76
2 22 2
108 74
140 1526 3
14 114 95
6205 15 2
112 65
1876 1 1
52
0 2 2
26 120
0 8 1
13
8985 511 2
115 103
0 1677 3
32 119 49
86 5987 1
38
281 3971 2
61 44
598 7270 1
99
21 4 3
62 64 11
0 4 1
135
3155 64 1
133
0 2518 1
43
7 156 3
121 148 18
4507 47 1
36
191 66 2
138 88
763 151 2
141 118
4 5972 3
114 62 18
197 0 3
89 119 138
15 19 1
139
22 3563 1
141
32 7 3
131 98 104
38 2404 3
45 155 19
959 1132 1
96
39 2980 1
60
1481 6173 3
70 46 102
1621 1634 1
76
4158 0 0

7 1466 0

0 4 3
70 117 6
653 4607 2
133 154
133 14 1
32
7975 1664 3
118 111 116
686 7533 0

165 14 1
10
25 988 0

57 1469 2
96 25
0 7 2
58 121
171 7367 0

6464 5612 2
8 2
0 0 2
65 45
58 120 2
6 141
0 204 0

1379 14 1
6
0 2247 1
104
3435 5386 0

13 1855 0

4537 44 1
156
39 2546 0

0 8008 1
108
120 2 0

7035 195 0

3597 204 2
164 129
22 0 3
24 119 129
60 1 1
83
762 1 2
152 120
168 2722 2
5 67
1311 197 2
47 35
148 148 3
64 90 160
0 1099 0

7322 2 0

2138 0 0

180 0 3
144 86 92
1 6856 0

3196 342 1
174
0 2 1
42
4958 142 2
69 173
20 37 2
1 50
127 1921 3
67 109 5
503 770 1
17
0 37 0

4 708 3
42 187 173
106 6343 1
57
433 7719 1
127
2366 752 1
54
212 7 1
42
742 3 2
180 93
51 56 1
32
1 15 0

133 4154 3
148 23 1
2469 2192 2
84 35
4959 0 0

0 1 0

55 31 2
46 81
214 9 0

0 201 3
0 10 185
42 7937 2
26 35
1548 444 2
20 149
4034 3467 3
203 58 223
3362 1776 3
149 163 179
0 2709 3
105 127 155
3030 1975 0

8387 73 0

0 79 1
193
21 63 0

32 1762 3
180 39 122
6509 2986 3
101 131 136
90 0 0

1202 0 1
128
3417 2505 3
65 219 38
0 153 0

1593 146 0

59 498 1
156
3389 0 0

81 409 3
156 209 154
1684 274 0

10 2166 1
25
4759 2 0

1191 3 1
241
1620 4 2
96 69
488 2080 3
204 71 155
0 54 1
218
2 9561 1
19
899 1054 3
126 183 35
0 234 2
9 119
114 6 3
44 42 177
0 27 3
0 74 163
2426 1 2
144 119
140 2171 3
208 102 161
0 6446 2
244 101
0 1593 1
173
165 722 2
100 250
1140 2122 3
216 140 170
0 2 0

612 8 2
225 119
100 295 0

736 5379 0

11 0 0

6556 0 1
205
6010 3013 2
212 61
2125 122 2
106 145
557 2444 3
200 0 41
0 4718 0

19 1 0

844 1309 1
240
999 91 1
244
4823 6 2
81 133
0 3139 0

0 4645 0

3 1224 0

3691 501 0

8488 2 3
197 181 226
0 0 0

259 3831 3
203 78 82
7976 0 3
234 157 97
141 9472 1
134
11 373 2
35 119
0 568 3
49 240 13
0 1446 0

4058 156 3
258 103 49
57 66 3
145 8 188
0 3747 3
262 62 171
199 136 0

501 4854 3
8 91 282
38 662 2
231 3
173 915 3
16 232 138
22 48 1
204
1994 5909 2
124 212
5198 5309 1
150
0 7422 0

0 2743 0

3668 75 3
207 157 200
289 386 3
78 285 86
402 0 3
281 30 74
0 177 3
72 175 42
3887 36 0

24 0 0

4969 3 3
174 76 225
1974 147 2
12 202
452 19 1
23
9 64 2
134 189
0 1210 1
304
2360 1488 3
205 58 179
6 8 3
122 293 42
1346 140 0

8657 2124 2
301 80
4 2715 1
60
55 2 2
134 249
4179 1 1
268
8534 8225 0

38 45 2
205 232
1 1724 1
159
217 276 3
38 172 171
895 8 0

0 7 3
173 187 230
4143 2841 0

3 15 0

4632 7902 2
228 89
1481 555 3
60 85 51
1131 6259 3
38 146 98
1344 3710 2
208 196
20 694 1
178
1486 2471 1
117
9 17 3
203 234 110
520 92 2
70 144
11 43 1
81
0 11 0

0 325 3
264 61 132
39 88 0

9305 5 2
311 112
0 0 3
150 138 32
0 7087 2
203 325
7874 54 2
336 269
1 33 1
146
4221 19 2
107 123
976 4033 2
257 61
105 1573 3
187 198 125
1 0 0

3036 0 0

2658 425 3
151 319 157
0 485 0

6 6657 1
222
2 971 1
181
57 149 2
232 293
48 6733 3
257 118 225
1 156 1
21
3 1838 0

4 17 3
51 284 224
1435 2 2
250 11
8311 422 3
160 164 260
517 31 2
198 165
1 2385 2
337 120
895 3122 2
301 137
1839 3 3
344 66 39
2 1158 2
185 305
17 5508 0

35 6159 3
126 69 235
224 7508 1
215
515 4197 0

89 0 3
250 14 66
267 0 2
213 72
17 1000 3
356 143 363
5 5304 2
142 26
2234 2652 3
356 33 231
137 1461 0

8986 3 2
318 244
824 33 3
1 160 226
3463 84 1
242
0 6 3
1 124 360
278 101 1
22
90 1380 0

1 4563 3
109 4 209
3 251 2
94 359
0 67 2
93 9
7 921 1
297
89 2008 0

2397 1500 1
38
3 4 0

73 13 2
374 127
4634 1164 1
176
168 0 0

1788 2896 0

226 507 3
23 207 123
0 1644 0

2013 997 3
22 242 98
1169 1146 2
300 285
0 357 3
43 352 5
1 0 0

10 684 3
331 68 61
151 0 2
79 54
1 16 1
69
603 71 1
41
3475 34 0

6983 6433 3
335 144 295
185 0 1
53
1926 1427 1
312
5 12 1
298
7 481 1
287
6715 2 2
397 150
8031 117 0

53 191 0

3 65 0

9224 3129 2
178 203
6331 3 3
163 70 68
255 0 3
346 106 232
409 5313 3
378 361 81
1 6 1
73
0 2 2
242 226
0 301 1
22
90 0 3
281 103 229
72 1553 0

40 4 0

7465 13 1
38
59 511 2
306 310
4592 8 0

0 9 1
185
0 1 3
391 334 208
8553 2 0

11 728 1
419
8698 326 0

867 615 3
359 403 156
5591 1 0

1 0 1
315
1794 0 1
15
3683 1 3
371 202 25
481 4954 0

135 1 2
289 113
3494 9 3
196 383 418
549 0 2
48 302
2505 238 2
306 153
1652 112 3
372 99 320
0 1179 2
37 25
0 296 3
8 211 6
6 548 0

3237 55 2
369 137
0 4 0

2927 136 2
116 95
1638 2462 3
339 67 329
217 4969 2
225 403
4 2146 0

78 9585 3
75 144 251
1329 214 0

267 0 0

1 21 1
183
38 315 3
165 356 247
8291 19 1
197
85 367 2
42 153
1053 1 1
292
274 1434 3
175 404 423
55 126 2
253 94
296 4635 0

14 534 3
340 259 275
33 0 1
427
18 9703 3
2 439 179
1073 3 2
8 329
1 153 0

0 41 1
378
29 0 3
213 316 434
8 2503 2
25 346
414 127 3
449 23 395
38 124 3
32 372 209
31 0 3
424 30 66
1836 8 2
214 407
4 3221 1
267
4 224 0

8881 0 2
266 120
22 0 2
294 401
3 172 1
367
51 177 1
192
249 1608 2
461 28
0 83 1
291
4282 7534 1
409
7 94 3
383 433 81
11 1419 2
365 91
286 0 0

8 4800 1
395
46 1 2
61 348
1020 1 2
462 446
776 17 3
38 86 459
116 4411 0

6521 29 2
81 413
57 2727 3
190 8 32
6563 357 1
61
12 234 0

91 1 0

1554 5774 0

2946 0 0

85 6 0

0 35 3
164 437 211
64 72 1
494
3465 70 3
340 140 277
739 751 3
336 66 200
3737 370 0

8149 743 3
215 419 372
