400 300 1000
130 131
110 111
776 777
603 604
8 9
74 75
684 684
653 654
598 599
305 306
291 292
618 619
642 643
587 588
869 870
788 789
741 741
446 447
264 265
905 906
858 859
666 667
539 540
902 903
221 222
524 525
79 80
622 623
496 497
385 386
348 349
91 92
147 148
223 223
734 735
860 860
98 99
712 713
800 801
81 82
759 760
917 918
35 36
836 837
336 337
596 597
153 154
273 274
548 548
794 795
754 755
909 909
458 459
158 159
465 466
730 731
269 270
842 843
717 718
832 833
715 716
31 32
770 770
927 928
629 630
590 591
575 576
898 899
255 256
454 455
395 396
438 439
83 84
380 381
448 449
583 584
572 573
506 507
528 529
463 464
797 798
38 39
41 41
878 879
966 967
723 724
21 22
664 665
934 935
503 504
874 876
392 393
522 523
5 6
399 400
748 749
259 260
632 633
884 885
205 206
377 378
28 29
388 389
85 88
782 783
581 582
512 514
55 58
173 174
660 661
113 114
476 476
0 1
372 373
219 220
959 960
544 544
401 402
638 639
813 814
983 984
328 329
773 774
104 105
435 436
816 817
195 196
938 939
351 352
891 891
634 636
882 883
559 560
89 90
202 203
413 414
278 279
442 443
271 272
838 839
180 181
805 805
370 371
625 626
417 418
778 779
607 608
342 343
356 357
302 303
855 856
534 535
785 786
494 495
362 366
484 485
677 678
840 841
992 993
922 923
215 216
2 3
541 542
207 208
564 565
613 614
550 551
186 187
829 830
253 254
107 108
818 819
433 434
956 957
332 333
250 251
750 751
757 758
943 944
808 809
452 453
404 405
675 676
470 472
570 571
182 183
415 416
128 129
456 457
701 702
189 190
780 781
708 709
647 648
995 995
791 792
192 193
672 673
913 914
426 427
985 986
738 738
307 310
865 866
556 557
294 295
145 146
989 990
486 487
482 483
593 594
880 881
862 863
887 888
997 998
732 733
552 553
239 240
615 616
562 563
261 262
844 845
929 930
499 500
288 290
137 138
50 51
946 947
872 873
96 97
444 445
693 696
468 469
651 652
60 61
46 47
655 656
566 567
217 218
160 161
18 19
536 537
736 737
117 117
689 690
213 214
324 325
33 34
950 950
200 201
247 248
163 164
768 769
600 601
281 282
134 135
429 430
12 13
920 921
139 140
411 412
359 360
834 835
339 340
972 973
94 95
77 78
24 25
508 509
979 980
479 480
227 228
461 462
680 681
155 156
275 276
316 317
745 746
851 852
345 346
15 16
151 152
954 955
517 518
963 964
177 178
848 849
531 532
165 166
234 235
68 69
125 126
230 231
961 962
706 707
285 286
170 171
911 912
211 212
142 143
