400 300 1000
678 680
721 722
497 498
349 350
121 122
159 160
303 304
479 480
992 993
515 516
857 858
327 328
899 900
765 766
215 216
316 317
145 146
852 853
208 209
871 872
957 958
681 683
902 903
263 264
799 800
232 233
61 62
830 831
236 237
368 369
129 130
936 937
493 494
335 335
56 57
847 848
464 467
14 15
522 523
99 100
225 226
267 268
46 46
38 39
862 864
280 281
138 139
403 404
21 22
629 630
574 575
427 427
261 262
289 289
769 772
819 820
372 373
415 416
788 788
1 2
894 895
507 508
781 781
265 266
6 6
554 555
311 312
127 128
586 587
596 596
332 333
633 633
637 638
363 365
606 607
970 971
906 907
832 833
449 450
309 310
684 685
42 43
877 878
865 866
486 487
11 11
409 410
704 705
837 837
152 153
385 388
496 496
648 649
668 668
687 688
807 807
245 246
812 812
706 707
560 561
537 537
150 151
344 345
995 995
306 306
223 223
4 5
714 715
171 172
40 41
757 758
717 718
981 982
132 136
379 380
767 768
908 909
582 582
984 985
67 68
854 855
16 18
617 618
539 540
353 357
314 315
942 943
59 60
609 610
700 703
803 804
70 74
293 295
19 20
826 827
569 570
189 189
816 817
206 207
342 343
179 180
556 558
484 485
154 155
199 200
654 655
917 918
565 565
964 964
228 229
528 529
735 736
318 319
167 168
340 340
181 182
584 584
201 202
723 724
904 905
437 438
31 31
595 595
95 96
431 432
398 398
720 720
742 742
269 277
601 603
696 697
462 463
429 430
801 802
35 35
789 791
746 747
249 250
990 990
795 795
490 491
940 941
123 124
238 239
351 352
381 381
148 149
860 861
383 383
76 77
974 975
546 547
173 174
30 30
783 784
23 24
760 762
102 106
358 360
690 691
919 919
80 81
517 518
419 419
659 659
423 424
474 475
301 302
650 650
867 868
620 622
92 93
611 611
843 844
592 593
822 823
401 402
140 144
792 793
471 472
979 979
548 549
434 434
850 850
33 34
165 166
336 337
323 324
882 882
824 825
186 186
184 185
996 997
503 504
82 83
394 395
947 947
588 589
749 750
158 158
967 968
948 949
253 254
440 441
50 52
891 893
111 112
298 299
389 390
534 534
599 600
662 664
125 126
576 577
505 506
284 284
828 829
809 810
670 672
914 916
950 953
634 635
370 371
329 330
86 86
644 645
930 930
727 728
230 231
840 840
740 741
117 119
426 426
911 911
374 378
443 446
476 476
571 573
361 362
972 973
675 676
527 527
405 406
639 641
874 874
88 90
176 176
541 543
987 988
460 461
511 512
455 456
754 755
282 282
738 738
210 214
921 921
579 580
218 220
660 660
