15 500 1900
1023 1023
1862 1862
307 308
1031 1031
1632 1632
1076 1080
1538 1540
144 145
1211 1212
290 290
911 915
1544 1545
1215 1215
370 373
718 719
360 361
42 45
1482 1482
537 538
1396 1397
678 678
1883 1885
673 677
1297 1297
1435 1436
1122 1126
357 359
230 230
17 17
868 869
1670 1671
1608 1611
397 397
1559 1560
1235 1236
1468 1468
838 838
902 903
114 115
889 891
96 101
430 431
23 26
771 771
901 901
1521 1521
696 696
773 776
1571 1572
1096 1099
1843 1843
439 443
1584 1586
1582 1583
1209 1209
1846 1846
451 451
990 990
1100 1100
1773 1774
1248 1248
184 186
791 791
547 549
927 929
856 857
1638 1639
221 221
508 509
1824 1824
1344 1345
1723 1725
1456 1457
1463 1465
1018 1018
243 244
1290 1291
287 287
937 937
227 228
1591 1592
932 933
1448 1450
657 657
252 258
832 833
215 215
1838 1838
367 367
457 457
598 601
1186 1187
744 745
1300 1301
1821 1821
1180 1183
1377 1377
1886 1887
1796 1796
1737 1738
1057 1060
87 88
1674 1674
1378 1378
432 433
713 714
1662 1662
1792 1793
768 768
1328 1328
131 131
499 501
1034 1035
1282 1282
858 858
1330 1331
55 57
893 896
796 797
1401 1407
330 330
615 616
1761 1761
704 704
959 959
1816 1818
1276 1276
619 621
689 689
997 997
1503 1507
1872 1873
1169 1172
590 595
1633 1634
74 74
316 319
1826 1830
1087 1087
162 162
665 666
123 128
326 326
207 208
462 462
1054 1056
1451 1454
482 484
3 3
63 63
825 825
514 515
540 541
1341 1343
401 401
1489 1490
805 805
13 14
106 108
1389 1389
611 613
1201 1201
259 260
383 383
1223 1224
1720 1720
817 819
1073 1073
1599 1599
974 974
1805 1806
412 414
1543 1543
66 69
1244 1244
1696 1697
642 642
1516 1518
1625 1625
417 418
339 341
1890 1894
512 513
1721 1722
1726 1726
1419 1421
332 334
1160 1160
572 573
1428 1432
816 816
1355 1355
1134 1134
393 393
92 93
1065 1067
363 363
1870 1871
1010 1011
757 758
77 82
135 135
721 723
1596 1597
938 943
558 558
1156 1156
343 344
203 204
1566 1566
1257 1262
1153 1153
141 141
1007 1008
875 875
171 171
36 36
498 498
1684 1685
406 408
1412 1413
1682 1683
646 647
1444 1446
966 966
1 2
109 109
192 192
1069 1070
1105 1105
728 729
473 475
1561 1562
1287 1287
1302 1302
1741 1741
690 691
1574 1578
636 636
1425 1425
427 427
963 964
1470 1470
349 350
1555 1555
1284 1285
273 275
1398 1400
510 510
211 211
1263 1265
86 86
1240 1241
1550 1551
304 304
754 754
1127 1129
262 263
112 113
377 377
885 885
335 335
89 91
1811 1814
1851 1853
1569 1569
1728 1729
1701 1704
1839 1840
715 717
1758 1758
465 467
1268 1270
1190 1190
1799 1800
1655 1655
584 584
1750 1752
241 241
267 267
701 703
132 133
1175 1176
1339 1339
1641 1642
437 437
10 11
1616 1616
1462 1462
652 655
368 369
1782 1783
31 33
1526 1532
385 387
862 863
177 177
445 446
623 623
1485 1485
435 436
158 158
454 454
741 743
1166 1166
1745 1749
1487 1488
1433 1434
530 531
1050 1050
882 882
787 789
121 122
1762 1764
978 978
249 251
270 270
1184 1185
1563 1563
1499 1502
1831 1831
1232 1233
1040 1040
992 993
644 644
1513 1513
1692 1692
1779 1781
998 1004
684 685
1735 1736
52 53
312 312
930 930
152 153
829 829
917 920
218 219
423 424
981 982
1710 1712
1776 1777
731 733
1092 1093
921 922
533 535
1612 1613
1675 1676
1384 1386
747 749
1141 1141
119 119
503 503
777 778
793 795
761 761
30 30
1787 1787
1667 1667
765 765
648 649
200 200
293 300
1713 1717
6 7
866 867
246 247
554 554
925 926
1876 1879
871 872
1681 1681
60 60
562 564
1357 1359
811 814
1106 1108
239 239
477 479
420 422
213 213
1422 1423
1391 1395
945 946
1474 1476
708 710
1707 1707
487 487
291 292
37 38
314 315
1046 1048
1875 1875
1833 1836
489 489
175 176
197 199
606 607
194 196
1360 1364
233 235
1204 1207
189 191
711 712
1808 1808
923 924
1138 1138
1312 1313
394 396
1771 1772
309 310
117 118
1136 1137
355 355
1847 1847
1084 1084
75 76
968 969
1472 1473
780 781
1238 1238
1061 1063
1027 1029
1116 1118
1113 1115
1897 1899
669 671
1533 1535
851 852
1347 1351
1647 1647
835 835
604 605
1251 1253
1217 1217
752 752
1254 1255
351 351
1854 1858
908 908
19 21
519 525
574 575
1546 1548
950 950
627 627
320 322
459 461
1636 1637
154 155
301 302
324 324
841 842
782 783
1278 1279
1322 1324
1442 1443
738 738
156 157
205 206
1601 1605
182 182
802 803
544 544
345 348
1867 1868
1090 1091
845 845
569 570
1162 1163
1314 1317
1788 1790
1082 1083
1686 1688
693 693
1308 1311
1652 1652
629 632
148 151
146 147
552 552
1145 1151
164 167
328 329
1492 1492
1657 1659
1014 1015
48 50
527 527
390 390
1221 1222
1689 1690
565 566
1041 1041
1766 1770
586 587
277 278
1440 1441
403 403
806 808
