15 500 1900
1713 1713
1717 1719
1464 1466
408 409
456 456
1688 1688
1748 1748
559 560
1724 1727
1538 1539
890 890
1080 1084
483 484
880 880
1402 1402
931 931
942 945
901 902
1120 1120
812 813
1436 1438
1755 1755
822 823
1870 1871
705 708
791 791
1229 1229
234 235
251 251
669 670
82 82
1016 1023
1606 1607
1829 1829
1744 1745
608 609
1031 1037
548 554
1176 1176
1014 1015
1637 1639
111 111
1482 1482
692 695
1093 1093
912 912
131 133
225 226
612 612
320 321
1161 1162
676 677
471 473
256 256
927 928
1709 1710
940 941
1276 1277
1072 1073
847 847
814 815
1061 1063
1834 1835
768 768
741 744
1400 1401
458 458
1442 1444
1491 1491
1208 1208
616 616
956 957
929 930
437 437
802 803
417 417
453 454
144 145
34 36
141 142
1046 1049
236 236
1562 1563
1843 1845
1555 1557
1324 1325
1304 1304
1114 1115
1597 1597
354 355
1344 1346
172 174
1191 1193
211 212
1343 1343
582 583
192 193
640 640
869 871
1523 1526
135 136
1863 1868
420 422
1347 1347
47 47
41 41
727 727
1028 1028
1274 1274
678 678
1433 1435
738 740
530 532
1173 1173
794 795
166 168
672 672
1231 1233
750 750
113 117
1493 1493
971 971
1013 1013
1327 1327
785 789
947 947
469 470
1572 1572
1666 1668
26 26
1201 1202
966 969
1006 1008
1299 1300
1758 1764
643 644
1483 1484
1427 1428
1078 1079
1429 1430
1669 1669
1335 1335
487 492
185 185
1107 1107
1840 1842
1041 1043
831 835
650 651
924 925
824 825
1503 1504
358 363
1055 1055
1367 1369
190 190
749 749
1810 1812
730 731
1460 1462
1455 1456
696 696
570 571
1786 1787
1458 1459
1647 1653
1185 1185
1475 1477
1659 1659
535 536
1422 1424
99 99
1407 1411
1795 1797
1574 1575
1702 1704
887 887
243 243
545 546
287 287
438 439
1010 1010
1358 1358
597 597
381 383
1198 1198
1412 1413
127 128
1468 1468
1222 1224
580 581
1242 1245
274 275
1898 1899
589 590
1388 1388
1881 1886
909 911
1516 1516
1182 1183
1312 1313
1125 1125
208 208
1677 1682
933 934
248 248
1152 1153
1065 1068
849 849
1676 1676
266 266
1750 1752
1255 1255
1450 1454
374 376
1156 1157
1212 1212
1486 1487
268 269
600 601
1069 1071
533 534
891 892
1824 1824
291 294
1615 1616
1564 1566
1417 1418
1831 1833
876 877
1026 1026
1654 1655
231 231
1269 1270
873 873
1509 1509
1319 1322
882 882
1806 1807
502 502
1533 1533
1879 1879
990 992
30 31
1517 1518
446 450
1194 1194
760 760
986 987
771 771
493 495
1373 1382
1632 1636
653 658
1350 1350
1291 1292
1714 1716
1501 1502
1767 1767
9 11
1591 1596
343 343
555 557
1577 1577
1359 1361
974 981
214 216
1138 1139
1550 1553
1740 1741
160 160
666 667
1351 1354
334 334
1672 1674
170 170
1294 1297
390 392
444 445
1420 1420
1315 1316
661 661
1774 1774
1567 1568
783 783
1527 1528
1695 1699
562 563
328 328
1470 1470
1769 1771
633 638
1612 1613
964 965
798 799
1086 1087
1448 1449
1239 1239
522 524
1872 1873
1665 1665
254 254
1610 1611
405 405
1279 1280
1225 1227
989 989
308 312
1050 1053
1541 1543
1813 1814
602 603
805 807
1722 1722
227 230
1365 1366
809 809
753 754
1808 1809
836 836
829 829
464 464
1782 1782
54 55
1111 1113
962 962
341 341
371 373
120 121
396 398
1059 1059
622 623
52 53
936 937
197 198
281 283
108 110
326 326
959 960
76 80
859 859
175 176
506 507
1095 1099
1264 1264
1855 1855
1746 1747
57 62
1622 1622
1512 1513
89 90
474 475
514 516
204 205
996 997
519 519
894 894
351 351
818 819
897 898
96 96
1259 1259
1642 1642
1329 1332
194 195
1134 1137
1142 1144
1128 1128
240 240
1398 1398
289 290
426 428
336 338
92 95
512 512
1500 1500
148 148
1800 1802
982 982
606 607
1618 1619
1685 1685
1836 1837
503 505
1038 1040
295 296
478 478
412 413
895 896
756 756
28 28
713 713
100 101
796 797
780 781
574 579
1371 1371
1608 1609
180 181
323 324
1392 1392
1893 1896
680 681
618 618
718 720
1546 1546
827 827
21 21
1289 1290
630 630
156 157
733 733
300 302
386 389
1130 1131
1089 1090
1150 1150
1601 1601
352 353
0 2
922 922
365 366
1510 1511
838 843
626 626
1281 1283
66 67
1849 1851
585 585
1123 1123
591 593
1776 1780
761 762
684 684
217 219
700 701
688 689
199 201
424 424
1145 1145
1728 1729
903 904
123 125
1734 1738
221 224
368 368
1170 1170
1108 1110
916 917
745 745
316 316
393 395
429 430
1216 1216
1057 1057
433 433
1234 1235
1178 1181
1788 1793
1818 1821
864 864
508 509
1159 1159
908 908
1074 1076
572 572
1798 1799
162 162
49 49
44 44
1705 1706
734 734
37 39
1116 1117
63 63
258 258
384 385
1339 1339
722 725
402 404
461 461
1888 1890
1582 1582
1383 1383
1547 1549
1003 1004
1529 1530
104 105
418 419
541 543
702 704
1284 1284
765 765
953 955
1627 1630
564 565
305 305
1104 1104
1472 1472
645 647
