20 500 2000
651 654
296 298
1962 1962
871 872
848 850
127 130
592 593
1132 1134
1036 1036
598 599
1551 1551
1719 1723
1540 1540
1613 1615
1789 1790
1825 1827
475 477
531 533
1964 1965
1402 1404
1156 1164
1675 1676
692 694
1045 1047
1214 1214
1639 1640
1916 1918
1581 1581
1023 1030
1895 1897
572 577
1465 1468
1512 1514
33 34
655 657
1067 1070
1033 1035
1445 1446
1956 1956
190 190
888 890
785 786
211 213
829 831
293 293
1627 1628
538 539
1568 1569
49 54
242 244
952 954
1441 1442
455 456
1774 1774
1385 1386
1518 1524
1340 1341
1910 1912
1200 1202
1772 1773
1883 1889
321 323
1112 1113
927 929
1225 1226
769 770
1729 1731
1259 1260
854 854
629 629
314 315
930 933
1493 1498
153 153
891 892
1327 1329
605 606
661 663
1246 1246
326 326
964 965
938 938
1976 1977
1758 1760
915 915
793 794
1389 1394
1746 1747
198 202
726 727
1579 1580
374 376
728 729
543 545
357 358
1040 1040
60 66
1431 1431
909 911
1420 1421
465 466
981 981
1796 1796
549 550
731 732
1215 1218
765 766
984 988
1477 1477
379 380
1937 1940
1455 1460
485 486
557 558
139 140
842 843
1958 1958
1182 1183
1322 1322
976 979
1176 1177
1981 1984
1829 1830
1048 1050
472 473
1563 1567
916 917
1335 1337
746 749
1042 1043
1031 1031
1736 1736
261 268
239 241
1979 1980
1669 1669
1865 1866
844 846
1086 1088
1654 1661
453 453
760 761
88 89
1673 1674
1231 1231
800 801
193 194
1296 1296
1473 1473
798 799
1840 1840
717 717
837 838
631 631
561 562
1651 1653
330 331
145 146
956 958
1469 1470
1484 1485
424 425
1073 1074
1064 1066
366 367
1126 1128
595 597
819 819
115 116
1184 1185
1634 1634
959 963
790 792
286 286
1170 1173
934 935
256 256
405 406
546 547
231 232
967 968
1967 1969
1252 1256
1020 1021
733 735
1348 1351
41 41
433 435
1400 1401
804 805
1924 1924
1279 1279
1928 1928
23 24
994 994
1286 1286
275 276
157 158
20 22
1972 1974
168 168
339 342
1703 1704
1733 1735
478 479
1096 1100
1262 1262
1750 1751
309 309
223 223
335 338
1525 1528
566 566
377 378
1094 1095
1837 1838
428 430
67 69
1988 1988
1461 1464
1233 1234
1944 1947
1195 1199
1684 1684
414 415
1739 1740
96 97
143 144
381 384
1374 1375
649 650
526 526
615 620
1270 1271
132 133
1949 1949
1243 1243
258 259
1425 1425
436 442
1629 1633
1411 1411
635 636
752 755
1120 1124
332 334
1265 1268
1754 1755
1724 1727
527 528
279 281
1300 1300
1573 1576
1290 1290
410 413
857 858
184 185
284 284
1610 1612
1408 1410
500 504
745 745
159 159
1813 1815
186 187
224 226
1793 1795
1834 1836
669 671
12 16
678 680
1376 1380
1926 1927
1014 1017
1439 1440
237 238
1601 1602
1105 1107
506 511
467 471
169 171
1804 1804
514 515
161 164
408 409
1608 1609
461 461
349 350
1330 1331
1842 1849
101 103
642 646
807 809
491 493
416 419
585 586
1935 1936
1145 1146
1203 1205
1872 1877
43 44
1677 1677
1985 1986
207 209
1486 1487
78 78
997 998
812 813
246 247
1584 1584
1617 1619
983 983
878 884
767 767
195 197
1853 1856
1240 1240
483 484
188 189
118 119
176 177
149 151
1907 1909
354 355
448 449
1592 1593
714 714
351 353
1305 1305
1089 1091
325 325
233 234
1822 1824
1604 1607
136 136
897 900
1687 1689
1991 1992
1816 1821
495 497
710 711
1690 1690
1006 1007
1776 1782
463 464
37 39
1057 1061
1621 1622
121 121
1288 1289
590 591
1103 1103
1078 1080
580 583
702 704
1293 1294
1707 1714
1999 1999
1165 1169
864 868
667 668
1368 1369
218 219
228 229
587 588
1187 1188
1970 1971
1930 1931
1766 1767
901 901
1529 1535
1343 1344
1571 1571
288 289
1503 1505
1258 1258
1902 1905
626 626
1114 1116
1118 1118
1516 1516
722 722
1662 1667
1890 1894
559 560
736 736
1561 1562
1084 1084
1063 1063
1942 1943
1370 1373
681 683
91 91
1914 1914
111 111
1715 1717
1314 1315
1179 1181
343 348
1600 1600
1900 1901
1557 1557
775 775
1508 1508
25 27
17 17
1174 1174
612 612
1807 1809
1108 1111
1395 1399
1320 1320
1219 1224
181 181
923 926
1 4
1008 1013
1154 1154
318 318
554 556
1081 1082
1382 1383
690 690
750 751
290 291
1414 1417
1333 1334
399 401
569 571
665 665
1228 1228
816 816
551 552
1450 1453
1235 1235
1192 1193
1323 1326
1763 1764
762 762
203 205
946 950
1365 1365
828 828
1636 1637
1542 1548
1345 1347
443 446
894 896
919 921
740 742
35 36
310 311
673 674
861 863
783 784
390 391
7 9
834 834
999 1000
1353 1359
970 974
1701 1702
1596 1598
903 904
699 701
1642 1643
1489 1491
487 490
457 457
1151 1152
480 482
214 216
1644 1649
1741 1742
1281 1284
512 512
270 272
396 398
821 822
1786 1787
1308 1311
638 640
869 870
1768 1769
301 306
420 421
1303 1303
810 811
708 709
83 83
517 517
839 841
70 73
1879 1881
1623 1624
1435 1435
1001 1002
853 853
1273 1273
388 389
