20 500 2000
1727 1733
705 705
775 777
1426 1426
957 957
1635 1635
144 148
782 783
604 604
1540 1540
1109 1110
1037 1037
151 151
1309 1309
92 94
1681 1681
1655 1655
1651 1653
1095 1096
881 881
1530 1530
750 750
422 422
1284 1286
1377 1378
1747 1750
649 649
736 736
810 811
1819 1820
1092 1094
181 183
383 383
341 342
369 372
1596 1596
1197 1199
1956 1956
921 924
532 536
1339 1340
60 61
43 46
1200 1202
980 980
1967 1970
1189 1189
1112 1112
1604 1606
838 839
1700 1700
1687 1687
945 949
593 596
271 273
121 123
1565 1567
1073 1073
1568 1573
926 926
1175 1176
1662 1662
1225 1226
112 112
107 107
1144 1152
735 735
1508 1509
1252 1254
722 723
774 774
1918 1919
1722 1722
498 500
1830 1831
1177 1177
385 388
916 917
1630 1632
1195 1196
1173 1174
572 573
1735 1735
592 592
1461 1461
1121 1121
1994 1997
1291 1292
1805 1808
1945 1947
1863 1866
876 877
575 575
625 630
282 283
911 912
1040 1041
661 662
1590 1590
1937 1939
1880 1880
1223 1223
1676 1678
657 659
1810 1813
1458 1459
1527 1528
1181 1182
156 156
1543 1547
1214 1216
1885 1887
1889 1890
49 50
1117 1117
1165 1165
1379 1382
237 237
768 770
1261 1261
513 520
192 195
652 654
998 1000
1127 1127
1943 1944
1697 1697
1984 1985
478 479
697 697
1301 1303
1374 1376
1287 1289
1153 1154
33 36
1248 1249
117 118
1640 1640
1466 1467
939 939
1104 1104
612 614
1613 1616
1122 1123
1477 1477
318 319
202 204
323 325
1503 1507
460 463
351 352
392 393
105 106
1552 1553
1416 1416
173 174
709 714
832 834
1444 1446
633 633
1704 1705
772 772
1338 1338
699 699
137 137
455 457
1660 1661
1056 1057
1115 1116
1607 1608
57 57
1421 1423
542 542
1743 1744
1765 1766
348 350
1411 1412
964 964
1737 1740
618 624
567 568
1469 1471
353 355
1106 1107
730 731
1670 1674
1263 1266
1076 1076
1601 1601
1398 1398
1068 1070
185 186
871 873
62 64
161 161
950 955
1336 1336
1557 1557
1949 1950
72 73
1373 1373
582 583
805 806
1745 1746
285 285
867 870
1360 1370
65 66
1931 1932
824 826
82 83
1012 1014
1751 1755
313 315
14 22
419 420
1647 1647
850 852
1139 1139
738 739
702 702
1952 1952
1278 1279
51 51
1351 1358
1988 1992
298 300
853 854
899 899
476 476
793 793
765 765
552 553
563 565
199 200
1981 1983
584 585
1971 1972
301 302
655 655
238 239
1083 1083
86 87
752 755
39 39
306 309
223 223
1129 1131
707 708
848 849
1342 1343
995 997
1827 1829
1432 1432
1403 1403
274 278
1789 1789
1707 1708
865 866
1935 1936
2 4
1894 1894
1498 1499
1857 1857
1561 1562
471 475
441 442
1535 1535
356 356
377 377
1058 1061
506 507
1389 1389
1579 1579
1098 1098
395 398
610 610
646 648
1611 1612
1800 1800
391 391
539 540
241 243
969 969
1882 1883
495 495
1326 1327
1453 1455
1906 1908
989 990
1761 1761
80 80
1015 1016
76 76
959 960
88 89
1910 1912
597 599
973 973
569 570
1212 1213
27 29
326 327
487 487
1690 1690
1158 1159
1577 1578
1877 1878
1255 1256
1979 1979
1314 1314
1160 1161
321 322
1702 1703
1832 1837
1183 1186
1559 1559
154 155
893 893
1409 1409
1797 1799
547 548
287 288
508 512
1582 1582
209 213
379 379
464 469
304 305
252 253
727 729
5 6
1101 1101
177 179
491 491
664 667
1516 1518
447 448
1193 1194
1419 1420
188 189
1240 1241
1575 1576
676 677
452 453
1428 1428
1791 1792
224 226
1974 1974
436 436
1321 1322
1793 1796
601 601
1641 1644
890 890
1768 1775
337 338
1780 1781
1268 1271
331 335
503 504
229 229
366 366
909 909
1850 1852
289 290
1296 1297
1510 1515
1959 1960
1164 1164
928 928
942 944
1035 1035
1714 1719
1007 1009
1204 1206
1986 1987
1838 1838
807 807
1802 1804
102 102
175 176
294 295
1554 1556
1500 1502
410 411
205 205
1489 1495
129 132
1872 1872
1156 1157
1776 1779
693 693
1964 1964
679 681
24 24
359 363
1345 1346
1051 1051
1846 1849
931 932
586 590
406 406
1520 1522
1787 1788
933 936
1692 1696
1925 1929
896 896
443 446
1029 1030
640 644
857 858
1280 1281
605 605
99 99
426 428
1464 1464
1018 1020
1179 1180
1217 1218
1892 1892
1875 1876
1229 1231
821 821
1487 1487
1843 1843
9 9
759 759
310 311
71 71
1586 1589
216 218
1384 1385
1089 1091
1472 1472
1207 1211
720 720
1921 1922
1033 1033
196 196
12 13
724 726
1170 1171
1709 1712
100 101
882 883
1840 1842
152 153
90 91
1011 1011
1900 1905
1449 1449
1873 1874
579 581
671 675
545 546
555 559
525 526
1868 1868
715 716
529 529
688 690
1669 1669
830 831
1246 1246
1623 1623
381 381
1276 1276
1062 1063
1137 1137
813 816
263 263
875 875
1079 1081
1725 1726
1854 1855
171 171
84 84
756 756
784 787
822 822
259 259
741 743
862 864
1998 1999
778 781
842 845
268 268
414 415
901 905
1027 1027
373 374
835 837
1414 1414
1563 1564
1439 1440
431 435
801 802
1315 1319
