50 800 2000
883 884
1799 1800
1221 1222
428 428
721 722
638 640
215 216
1053 1054
563 565
171 171
457 458
31 32
553 554
119 120
980 981
1580 1580
965 967
4 5
1857 1858
1569 1570
1202 1204
261 262
523 525
1471 1471
461 462
1010 1011
1702 1703
633 634
24 24
1085 1087
594 596
1051 1052
1995 1996
1841 1841
9 11
1096 1098
1731 1734
247 248
1563 1563
196 197
1956 1956
841 841
1661 1663
355 356
445 448
502 504
629 630
1230 1231
451 452
377 378
1100 1104
1368 1371
764 764
515 517
578 578
613 614
345 345
416 419
727 727
1008 1009
1681 1682
1667 1668
982 983
1440 1440
1279 1280
1069 1070
1177 1178
1551 1552
1938 1938
1611 1612
242 243
1379 1380
1360 1361
1021 1022
1754 1754
1338 1339
1486 1487
759 759
202 204
1116 1117
1105 1106
583 583
1541 1542
318 319
1331 1332
440 441
1761 1763
124 124
184 186
1769 1770
1566 1568
860 861
1919 1920
1821 1822
1990 1991
769 769
1673 1674
1168 1171
280 281
15 16
1466 1467
1741 1742
1773 1774
413 414
926 928
1615 1616
310 311
1571 1572
160 161
1107 1108
1175 1176
230 231
336 338
251 252
1408 1409
1873 1873
597 598
602 602
1677 1678
166 167
912 913
1964 1965
1714 1715
1210 1211
528 529
998 999
1358 1359
903 904
1929 1930
1166 1167
1834 1835
1757 1758
47 48
1227 1228
111 115
1216 1217
1275 1276
1735 1735
711 713
298 300
1984 1985
914 915
1443 1444
346 347
130 132
257 257
1282 1282
146 147
477 478
13 13
545 546
547 548
1594 1595
141 141
1838 1839
178 179
288 289
138 139
77 79
17 19
1111 1112
879 880
1475 1476
1252 1253
1909 1910
781 782
888 889
1500 1501
1130 1130
943 944
1911 1912
810 811
1869 1870
671 672
1286 1287
648 649
952 953
1927 1928
1336 1337
820 821
1631 1632
1238 1238
420 421
234 234
1345 1346
654 655
684 685
1619 1620
307 308
455 456
520 521
1483 1483
974 975
57 58
1973 1973
1724 1726
150 151
556 556
1528 1529
397 400
96 97
1329 1330
1172 1173
718 718
687 688
1388 1388
1254 1255
916 917
1378 1378
1644 1645
1362 1363
641 642
615 616
941 941
1896 1896
1484 1485
1974 1977
954 955
1002 1004
1005 1007
831 832
779 779
586 587
408 409
923 923
1695 1696
1301 1302
1410 1412
1574 1575
1690 1692
806 807
217 218
71 72
765 768
761 762
854 854
1669 1669
1313 1315
1164 1165
135 135
808 809
881 882
1747 1747
81 82
1970 1971
148 149
749 749
1524 1525
437 438
1749 1750
1549 1550
20 22
249 250
658 660
241 241
1399 1403
842 844
1576 1576
607 607
1962 1963
176 177
1179 1180
372 373
379 379
900 901
255 256
41 41
264 265
695 696
652 653
643 644
1788 1788
827 827
1775 1777
1646 1647
754 755
403 404
1951 1952
126 127
876 877
65 65
1156 1157
1490 1491
220 222
209 210
1145 1146
1343 1344
829 830
54 54
395 396
1307 1307
1057 1058
701 702
1055 1056
1960 1961
1123 1124
1642 1643
1518 1519
68 68
349 350
364 365
872 873
777 778
1247 1251
279 279
589 589
785 786
1743 1746
933 936
1596 1597
1449 1449
507 508
467 468
272 273
746 746
190 191
301 301
206 208
1437 1437
1372 1373
1441 1442
1120 1121
1737 1738
1877 1879
870 871
532 532
956 958
1143 1144
1196 1198
1088 1089
774 776
693 694
697 700
1851 1854
475 476
200 201
6 7
551 552
1024 1025
1986 1987
1830 1830
1886 1888
1059 1062
1240 1241
858 859
689 690
747 748
677 678
366 367
1651 1652
986 987
742 742
738 739
1223 1226
1795 1798
116 118
1793 1793
1892 1893
510 511
443 444
1697 1698
1445 1447
1080 1081
665 666
737 737
339 342
76 76
837 839
463 465
948 948
1543 1544
291 292
326 327
797 798
542 544
1764 1765
1256 1256
714 715
1396 1397
1261 1262
1350 1351
1605 1607
1931 1932
253 254
1933 1934
411 412
330 331
1456 1456
422 423
533 534
874 875
294 295
1354 1355
730 731
1883 1885
1127 1128
894 895
1553 1554
1520 1521
1263 1264
822 822
1855 1855
270 271
0 1
1284 1285
1656 1656
158 159
1813 1814
650 651
1391 1391
1653 1653
1874 1875
1982 1983
512 514
849 851
1545 1547
852 853
431 432
1922 1923
1759 1760
1233 1233
405 407
370 371
453 454
1082 1084
758 758
1949 1949
1953 1953
144 145
635 636
1978 1979
142 143
1431 1432
498 499
972 973
282 283
1016 1017
599 599
1751 1752
1356 1357
1890 1891
1047 1048
1065 1066
1114 1115
1585 1586
868 869
949 950
305 306
1271 1273
918 921
1404 1405
33 34
85 87
620 621
1236 1237
833 834
645 647
1427 1429
1917 1918
905 905
1589 1590
1186 1188
487 490
128 129
296 297
1628 1629
1462 1463
1321 1323
549 550
1381 1382
1578 1579
1675 1676
1151 1152
1706 1707
1905 1906
424 425
1153 1155
631 632
482 482
1310 1310
1460 1461
1913 1914
1966 1966
328 329
1665 1666
1723 1723
505 506
1535 1536
814 816
1258 1260
274 275
1063 1064
1189 1192
969 969
1712 1713
244 245
1150 1150
1158 1159
1277 1278
1311 1312
38 39
334 335
804 805
924 925
1488 1489
681 682
49 50
1324 1325
896 897
1582 1583
656 657
1326 1327
1000 1001
401 402
162 164
1334 1335
1844 1845
266 267
732 733
1530 1531
91 92
893 893
1771 1772
592 593
491 492
526 527
1699 1701
1624 1625
1496 1498
988 989
1340 1341
133 134
496 497
1538 1539
939 940
93 94
1508 1509
1452 1452
27 28
46 46
1685 1687
226 226
1067 1067
1072 1074
312 313
1395 1395
1621 1621
1801 1804
156 156
1234 1235
1132 1133
1014 1015
1415 1416
772 772
358 359
374 374
473 474
787 788
540 541
1945 1946
1090 1091
1092 1093
435 436
783 784
1755 1755
802 803
846 847
1039 1041
1935 1936
1413 1414
1880 1881
1633 1634
538 539
1305 1306
590 591
1042 1043
931 932
1842 1843
1805 1806
1269 1270
622 623
1603 1604
1947 1948
1366 1367
1502 1503
172 173
1688 1689
1386 1387
1218 1219
314 315
235 236
469 470
1212 1213
1492 1492
1992 1994
1810 1812
89 89
856 857
223 224
1036 1037
471 472
1637 1638
890 891
1767 1767
98 99
1704 1705
1532 1534
152 154
716 717
479 480
1894 1895
566 568
1781 1785
449 449
929 930
1601 1601
1136 1136
707 708
1480 1480
536 536
1289 1291
1565 1565
959 960
996 997
1200 1201
709 710
1817 1820
494 495
1453 1454
182 183
286 287
1126 1126
984 985
1417 1418
103 105
1298 1299
1030 1032
898 899
1598 1599
1968 1969
1477 1478
992 994
353 354
865 867
1385 1385
885 887
1924 1926
211 212
604 604
910 910
1522 1523
1094 1095
227 228
1142 1142
1683 1684
1494 1495
667 669
1375 1376
1407 1407
1468 1469
2 3
1352 1353
384 385
979 979
1609 1610
1815 1816
1293 1297
180 181
691 692
1364 1365
1901 1901
60 61
1679 1680
1658 1660
573 573
1848 1848
608 609
1026 1027
429 430
1939 1941
193 195
1997 1999
1464 1465
1160 1161
1555 1556
1718 1719
1864 1864
1823 1824
387 388
1980 1981
937 937
617 619
1319 1319
36 36
584 584
1958 1959
1899 1899
1242 1246
1194 1195
1267 1268
1049 1050
368 369
1434 1434
791 792
259 260
661 662
624 625
558 559
321 323
1419 1423
611 612
1316 1317
121 122
1779 1780
390 392
324 325
393 394
1512 1512
332 333
1807 1809
626 626
1473 1474
83 84
560 561
316 317
1592 1593
268 269
1671 1672
500 501
1786 1787
362 363
43 44
62 63
743 744
51 52
1903 1904
569 570
1867 1868
1214 1215
1648 1649
962 962
1162 1163
1988 1989
1138 1140
1303 1304
794 795
351 352
1613 1614
1028 1028
705 706
1134 1135
1617 1618
1860 1862
1459 1459
519 519
433 434
964 964
1791 1792
817 818
1526 1527
663 664
168 169
1109 1110
101 102
812 813
1710 1711
1019 1020
723 725
1181 1185
1205 1207
303 304
1076 1079
69 70
835 836
360 361
1640 1641
1716 1717
1836 1837
862 863
1147 1147
1708 1709
174 175
674 676
1942 1944
381 382
1558 1559
945 946
187 188
238 239
106 107
1505 1506
1044 1046
1727 1730
1626 1627
1739 1740
1828 1828
1826 1827
484 485
1012 1013
1907 1908
