50 800 2000
1538 1539
460 461
36 37
1231 1232
1933 1934
644 645
1972 1973
347 349
372 373
1421 1422
700 702
1609 1610
573 574
48 50
742 743
744 745
796 797
1300 1301
434 435
790 791
566 567
992 994
1072 1072
949 951
491 493
250 251
1370 1371
1274 1275
393 394
945 946
613 614
1566 1567
539 540
82 83
962 963
1121 1123
319 319
1030 1032
326 327
16 19
1822 1823
237 237
1444 1446
1319 1320
507 509
1673 1673
601 602
1643 1644
760 763
1899 1899
867 869
860 861
641 642
53 54
740 740
274 275
585 586
1750 1752
222 222
903 905
780 782
189 190
488 489
1628 1629
843 844
70 71
1260 1261
1186 1187
243 244
1985 1986
1759 1760
814 815
369 370
1325 1326
450 451
1255 1256
748 749
1200 1202
997 997
1203 1204
570 572
198 199
832 833
1676 1677
1482 1483
1992 1993
811 813
1708 1710
947 948
985 986
1773 1774
1267 1268
987 988
32 33
662 663
1631 1632
1098 1099
1974 1975
8 9
1129 1130
956 957
499 499
4 4
1856 1856
723 724
576 579
1499 1501
893 893
624 625
1101 1101
366 368
1696 1696
1652 1653
1399 1400
1962 1963
1713 1714
885 886
457 459
564 565
308 309
899 900
1321 1322
1362 1363
838 839
322 324
1469 1471
462 463
1829 1830
1588 1589
1433 1434
858 859
665 666
473 475
187 188
102 104
549 550
1368 1369
1467 1468
1403 1405
1461 1462
61 62
1137 1138
88 89
952 953
26 27
1419 1420
330 331
207 207
1954 1958
1330 1330
405 406
836 837
1438 1439
420 421
1298 1299
1307 1310
928 929
870 871
6 7
1881 1881
816 817
1342 1343
941 942
631 631
864 865
1044 1046
1627 1627
680 681
511 512
553 554
140 144
209 210
191 192
654 656
355 356
651 651
1378 1378
1723 1724
1547 1548
626 627
196 197
1789 1790
224 225
343 343
751 752
59 60
1435 1437
419 419
28 29
335 336
1417 1418
1338 1339
1395 1396
879 880
502 503
732 733
806 808
966 967
1149 1149
1711 1712
246 247
84 85
711 712
58 58
535 536
1092 1093
266 270
617 618
660 661
1802 1805
924 925
1286 1287
1553 1555
974 974
1624 1625
130 131
1249 1251
276 278
1358 1359
1846 1847
1305 1306
107 108
123 124
595 596
1118 1118
0 1
1303 1304
786 787
233 234
1558 1559
283 283
66 67
481 482
746 747
521 522
980 981
1769 1769
1484 1485
912 912
1715 1716
254 255
436 437
11 12
1948 1950
1816 1817
1564 1565
824 826
545 548
1067 1068
1408 1411
328 329
1531 1532
1793 1794
1694 1694
1920 1921
1964 1966
1618 1619
872 873
1691 1692
1398 1398
226 227
1094 1095
1783 1786
1108 1109
285 287
1544 1545
1078 1079
1497 1498
179 180
1382 1383
1284 1285
1252 1254
1726 1726
1861 1863
1270 1270
1090 1091
1015 1016
758 759
1282 1283
1119 1120
1036 1038
1475 1477
788 789
648 650
841 842
271 273
305 307
1827 1828
1009 1012
1487 1488
34 35
1606 1607
1983 1984
1952 1953
1458 1460
1753 1754
1110 1111
162 163
543 544
294 295
1818 1819
1423 1424
954 955
705 706
44 45
639 640
1451 1452
1290 1291
1771 1772
1718 1719
1115 1116
1808 1809
999 1000
1926 1927
1848 1849
1153 1154
1523 1526
1940 1941
1311 1313
1864 1865
63 65
1611 1613
513 514
1182 1183
1639 1640
1064 1066
1746 1747
465 466
1393 1394
1441 1443
532 532
455 456
1053 1056
970 972
716 717
1700 1701
204 206
1533 1534
1645 1647
1176 1178
1220 1220
1520 1520
1669 1670
1990 1991
693 694
486 487
337 338
1514 1515
248 249
150 151
516 516
1907 1908
561 561
862 863
896 898
619 620
1296 1297
1842 1843
918 920
1502 1503
1040 1041
90 92
72 72
658 659
1493 1494
1541 1543
1571 1572
1740 1741
729 730
1946 1947
1006 1008
609 610
1188 1189
1169 1171
134 135
1385 1388
382 383
1873 1874
1730 1732
1133 1134
964 965
1581 1582
1936 1937
1678 1679
504 505
416 417
118 118
1549 1550
819 820
1080 1082
1923 1924
407 408
1096 1097
431 432
1667 1668
669 670
1698 1699
754 755
849 852
1229 1230
1180 1180
1340 1341
1909 1912
1213 1216
932 934
583 584
1597 1598
194 194
412 413
977 979
378 379
68 69
764 765
427 428
529 530
1599 1600
1573 1574
1742 1742
447 449
1595 1596
1456 1457
1814 1815
846 848
442 443
440 441
721 722
425 425
42 43
121 122
264 265
734 737
1913 1914
792 793
362 362
169 169
533 534
1512 1513
1852 1853
145 146
1648 1649
901 902
1918 1919
1401 1402
453 454
1685 1686
345 346
778 779
353 353
1562 1563
476 477
1262 1263
95 96
219 220
1241 1242
960 961
228 229
674 675
438 439
1192 1193
930 931
1800 1801
1425 1426
110 114
1323 1324
1820 1821
1427 1428
1131 1132
982 984
1614 1615
1806 1807
914 915
1535 1536
687 688
926 927
695 696
943 944
1047 1048
1689 1690
292 292
1366 1367
469 470
690 692
704 704
1380 1381
1314 1316
557 558
1328 1329
1464 1464
290 291
1576 1577
1190 1191
22 23
1876 1877
589 590
171 172
138 138
1976 1979
834 835
1604 1605
115 116
1654 1657
1833 1834
494 495
936 936
725 726
874 875
937 940
202 202
1002 1003
1850 1851
1659 1660
776 777
351 352
99 101
1895 1895
989 990
125 127
303 304
727 728
1931 1932
1650 1650
1489 1490
628 629
1289 1289
212 213
597 598
1507 1510
358 359
1781 1782
756 757
30 31
1004 1005
51 52
1336 1337
555 556
794 794
1521 1522
1516 1517
218 218
1161 1161
1017 1018
1239 1240
1481 1481
1735 1736
1798 1799
1210 1211
1156 1157
1601 1602
1058 1059
537 538
1372 1374
1944 1945
802 802
1942 1943
1776 1778
238 239
1184 1185
1070 1071
1206 1207
55 56
288 288
20 21
1140 1141
524 525
1375 1377
975 976
672 673
1590 1591
591 592
401 402
360 361
526 527
611 612
258 262
1791 1792
1763 1764
1728 1729
74 78
1086 1087
86 87
1144 1146
341 342
1495 1496
1454 1455
1560 1561
313 314
773 775
1125 1126
79 80
517 518
1243 1244
403 404
339 340
738 739
1825 1826
1888 1893
384 389
1112 1113
1088 1089
1102 1103
1280 1281
1994 1995
916 917
1766 1767
214 216
894 895
1051 1052
1831 1832
876 878
132 133
1835 1837
1104 1105
1901 1902
1258 1259
46 46
821 822
165 166
1720 1722
1061 1062
1967 1969
766 767
173 174
1938 1939
632 633
1128 1128
1871 1872
1844 1845
1164 1165
568 569
1196 1197
1779 1780
697 698
1869 1870
1151 1152
1106 1107
380 381
105 106
1142 1143
230 232
803 805
299 300
1272 1273
310 311
1391 1392
1857 1858
1929 1929
119 120
1292 1293
1472 1474
301 302
1959 1960
1237 1238
615 616
587 588
581 582
158 160
296 297
906 907
375 376
496 498
97 98
1406 1407
541 542
155 157
364 365
280 282
1579 1580
40 41
1859 1860
1634 1636
1027 1029
1988 1989
1664 1665
181 183
1049 1050
1552 1552
1586 1587
1245 1246
1866 1867
2 3
809 809
1147 1148
1704 1706
1661 1663
1075 1077
771 772
184 186
1389 1390
175 177
1042 1043
607 607
768 770
241 242
1166 1168
1353 1353
1084 1085
1013 1014
332 334
1158 1159
1447 1448
1294 1295
1795 1796
1883 1885
429 430
409 411
621 622
881 883
444 446
1916 1917
827 828
1620 1621
1616 1617
1360 1361
799 799
1194 1195
1344 1350
148 149
1755 1757
685 686
13 15
1641 1642
1221 1223
1702 1703
1431 1432
1227 1228
1019 1023
1247 1248
152 153
908 909
467 468
1217 1217
1593 1594
1687 1688
1414 1415
604 606
1839 1840
1637 1638
395 400
519 520
1748 1749
1903 1906
1810 1811
1681 1683
1429 1430
1465 1466
634 635
390 391
676 677
1569 1570
316 317
1998 1999
678 679
713 713
1277 1279
128 129
637 638
1264 1265
551 552
252 253
256 257
719 720
1172 1173
38 39
1208 1209
968 969
1761 1761
1739 1739
958 959
1233 1236
1886 1887
667 668
593 594
1364 1365
921 922
783 784
684 684
887 891
414 415
1034 1035
1556 1556
1024 1025
471 472
1317 1318
136 137
1174 1175
707 709
1996 1997
1162 1163
1879 1880
829 831
1491 1492
1812 1812
1528 1529
854 856
1744 1745
1505 1506
484 485
479 480
1980 1981
1412 1413
