100 800 2000
1724 1725
1541 1541
239 240
535 535
446 447
1835 1836
1246 1246
1856 1857
1606 1607
893 895
820 821
394 394
379 380
676 677
1020 1021
35 37
1745 1746
1860 1861
1351 1351
1558 1559
1758 1759
974 974
885 885
32 34
1881 1882
1424 1424
1201 1202
1256 1257
1847 1848
1464 1464
1885 1886
1293 1293
505 505
349 350
743 743
1931 1931
129 131
126 127
1883 1883
1868 1869
1323 1325
332 334
1665 1666
1984 1985
1679 1680
355 356
420 421
1149 1150
392 392
1398 1399
1384 1385
1472 1472
1538 1538
1184 1185
1209 1209
1483 1484
322 323
1496 1496
433 434
1268 1269
1195 1196
2 3
118 118
137 137
1621 1622
831 832
1382 1383
1294 1294
104 106
8 10
172 174
1272 1273
213 216
1525 1526
734 736
1089 1089
81 82
1752 1753
1975 1976
1474 1475
931 932
1505 1506
1795 1796
1580 1581
1821 1822
1353 1357
689 691
1071 1071
112 113
678 679
910 910
1134 1136
237 238
1705 1705
865 866
1069 1069
1662 1664
1742 1744
1124 1125
1814 1815
38 39
805 805
154 155
1659 1660
664 664
1270 1271
1283 1283
1213 1214
1904 1905
109 110
1152 1153
386 386
1979 1980
242 243
1643 1644
222 223
723 724
1531 1532
773 774
1058 1058
1479 1480
1963 1964
655 656
1587 1588
969 972
1130 1131
1388 1389
1728 1729
1706 1707
1300 1301
271 274
360 361
1718 1719
1807 1807
425 426
1833 1833
395 396
429 430
1469 1469
1766 1769
1602 1603
461 461
1004 1006
377 378
1039 1040
1948 1949
40 41
440 440
1290 1291
458 459
896 897
365 365
388 388
381 381
79 80
993 994
299 300
1499 1500
23 24
1523 1524
1667 1669
1392 1393
98 98
44 45
1939 1940
1026 1028
11 13
506 507
710 711
1497 1497
1613 1614
151 152
74 74
1192 1192
1653 1655
181 182
303 305
1313 1314
1684 1684
5 5
397 398
828 829
1717 1717
1417 1418
156 157
1546 1547
1966 1967
687 688
645 646
1205 1206
553 553
263 264
48 49
769 770
185 186
1264 1264
1254 1254
756 756
833 834
960 960
462 463
454 455
1207 1208
1781 1782
1175 1177
200 200
1726 1726
1639 1639
1871 1871
1535 1535
472 474
1709 1710
1563 1564
353 353
1760 1761
1934 1935
1045 1045
1211 1212
1487 1487
1863 1863
217 218
1052 1053
1839 1841
614 615
873 874
1738 1739
269 269
1250 1250
295 296
778 779
1165 1165
244 245
840 840
797 797
53 54
1401 1401
1459 1459
1102 1103
848 850
1259 1259
208 208
1340 1340
1552 1552
648 648
979 980
1186 1191
1800 1800
452 453
1711 1713
1932 1932
140 141
1697 1698
375 376
1274 1275
1447 1449
1898 1898
100 101
1770 1771
704 705
630 630
1371 1372
1169 1169
1986 1986
903 903
1694 1694
700 701
1925 1925
949 949
526 527
1266 1267
1118 1118
533 534
232 232
306 307
1409 1411
592 592
1789 1789
1263 1263
1286 1287
1434 1437
1957 1957
495 497
708 708
1616 1616
1576 1577
102 103
1809 1811
1854 1854
189 190
557 558
410 410
1889 1890
108 108
1223 1223
498 498
1947 1947
1120 1121
862 863
1997 1998
702 703
1578 1579
1086 1087
253 253
491 492
1278 1279
564 565
1533 1534
1902 1903
197 199
50 51
1049 1049
760 761
401 402
312 313
685 685
1950 1952
954 956
1916 1916
1078 1081
1812 1813
1831 1832
580 581
1778 1778
1502 1504
1491 1493
680 681
604 606
1228 1230
570 571
412 413
94 94
976 977
275 276
1671 1671
594 595
16 18
767 768
279 280
1100 1101
226 229
1234 1235
1816 1817
374 374
990 992
362 364
717 717
1803 1804
741 741
220 221
1010 1011
1024 1024
1953 1954
1115 1117
811 812
1453 1453
1328 1328
1682 1682
1981 1982
1731 1732
1226 1226
1556 1556
771 772
539 541
427 428
1308 1309
1019 1019
1142 1142
46 47
1699 1700
659 659
282 283
942 944
318 319
1178 1181
1126 1127
667 667
1876 1877
1432 1433
517 518
68 68
1104 1105
1054 1056
436 437
1013 1015
1673 1674
467 470
1891 1892
1158 1159
250 250
879 879
1689 1691
358 358
906 907
1443 1444
610 611
1801 1802
783 783
1379 1379
886 887
572 573
341 341
660 661
335 336
1582 1583
670 670
1221 1222
1093 1093
175 176
1362 1363
1909 1909
371 372
1544 1544
75 76
1008 1008
1887 1888
801 801
1625 1626
522 523
1140 1141
406 407
301 302
842 843
1597 1599
1107 1107
578 579
87 89
1405 1405
1510 1512
1248 1249
918 919
1485 1486
921 922
1167 1168
1146 1148
1695 1696
1522 1522
1197 1197
479 481
1440 1441
63 63
1686 1686
1864 1865
1648 1650
1412 1413
1330 1331
1858 1859
1780 1780
1091 1091
653 654
551 552
1217 1217
719 720
784 785
822 825
30 31
1022 1023
134 134
1875 1875
448 449
602 602
431 432
1162 1163
787 787
939 939
728 729
167 168
515 515
1926 1927
1992 1993
559 560
1513 1514
1051 1051
1063 1063
1611 1611
1429 1431
55 56
1762 1763
809 809
77 78
748 751
1830 1830
818 819
1386 1387
1775 1776
14 15
347 348
511 511
70 72
1456 1457
1132 1132
1977 1978
224 224
1627 1628
205 206
25 27
1772 1774
1968 1969
166 166
1219 1219
1937 1938
475 477
314 317
871 872
1528 1528
1144 1145
416 416
1476 1477
860 861
211 211
520 520
404 405
1311 1312
683 683
915 915
158 159
714 714
608 609
598 599
584 586
1407 1407
1555 1555
1828 1828
846 847
1656 1657
1065 1066
96 97
145 146
1035 1035
1156 1156
266 266
730 730
868 869
1114 1114
1750 1751
555 556
493 494
308 309
1941 1942
90 90
1394 1397
612 613
1805 1806
1032 1032
561 563
1539 1539
898 898
934 935
1973 1974
1321 1322
1390 1390
443 445
1842 1843
1734 1735
288 288
1906 1908
247 248
1764 1765
1450 1452
1783 1785
1358 1359
1849 1850
195 195
1893 1894
983 984
1565 1567
502 502
369 370
587 588
698 699
1620 1620
1852 1853
803 804
1288 1289
1912 1913
632 632
639 640
1632 1634
414 415
940 941
1560 1561
1895 1896
1033 1034
1343 1344
1754 1757
1276 1277
995 995
900 900
1787 1787
19 19
423 424
1736 1737
576 577
204 204
57 59
929 930
957 958
1872 1873
888 888
1990 1991
1239 1240
732 733
293 294
1303 1303
1676 1678
961 961
255 255
367 368
1403 1404
324 326
1570 1571
1928 1928
327 330
1332 1333
1793 1794
1233 1233
1346 1346
1243 1245
1375 1377
619 619
1109 1110
880 881
1914 1914
596 597
1298 1299
794 795
626 627
1608 1609
320 321
674 675
530 531
1199 1200
790 790
835 836
1460 1462
1687 1687
0 1
758 758
116 117
777 777
706 707
908 909
114 115
450 451
1296 1297
1879 1879
1572 1573
1364 1365
124 125
62 62
574 575
1489 1490
1171 1172
1818 1820
904 905
1059 1061
1041 1042
177 178
169 171
28 29
1618 1618
721 722
183 184
858 859
1370 1370
456 457
1623 1623
1373 1373
1445 1445
1901 1901
1438 1438
813 817
1584 1585
408 409
725 726
1918 1919
1790 1791
1844 1845
490 490
851 852
537 538
624 625
1096 1096
121 123
1334 1335
148 148
1360 1360
529 529
964 965
142 143
85 86
1367 1368
1076 1077
1740 1741
389 390
83 83
1600 1600
890 890
6 6
482 483
488 488
855 856
1139 1139
1629 1629
837 838
1636 1636
945 946
351 351
1507 1507
923 926
998 1003
1425 1426
1515 1516
1747 1749
765 766
1336 1336
1466 1468
583 583
671 673
1866 1867
780 781
650 651
311 311
1348 1348
261 261
179 180
694 695
22 22
291 292
1073 1075
1595 1596
1183 1183
1339 1339
1280 1281
798 800
967 968
981 982
1215 1216
1646 1646
210 210
1568 1569
927 928
465 466
399 400
1922 1923
285 286
634 635
1989 1989
1083 1083
1237 1238
566 568
278 278
950 953
1084 1084
542 545
1591 1592
1971 1972
1960 1962
792 793
160 164
345 345
1122 1123
636 637
1414 1416
1098 1099
1604 1604
1702 1703
508 508
525 525
642 642
1318 1320
1549 1549
1574 1575
548 549
692 693
138 139
1174 1174
985 989
343 344
1593 1594
616 618
258 259
1427 1428
1203 1204
1721 1722
752 753
191 193
1481 1481
93 93
621 622
1260 1260
1046 1047
234 234
1517 1519
912 913
1920 1921
762 763
1315 1316
1714 1715
590 591
916 917
