193
15
44
50
27
-2
-31
46
66
57
28
-1
-30
91
120
147
145
116
87
58
29
0
-29
24
53
56
30
1
-28
9
38
49
31
2
-27
56
73
61
32
3
-26
62
33
4
-25
47
55
34
5
-24
12
38
35
6
-23
90
65
36
7
-22
144
163
153
124
95
66
37
8
-21
38
9
-20
134
159
155
126
97
68
39
10
-19
70
84
69
40
11
-18
109
138
162
157
128
99
70
41
12
-17
74
87
71
42
13
-16
148
168
159
130
101
72
43
14
-15
193
189
160
131
102
73
44
15
-14
30
52
45
16
-13
152
181
186
162
133
104
75
46
17
-12
80
76
47
18
-11
52
79
77
48
19
-10
129
158
176
165
136
107
78
49
20
-9
53
66
50
21
-8
115
144
170
167
138
109
80
51
22
-7
55
68
52
23
-6
71
91
82
53
24
-5
40
69
76
54
25
-4
99
84
55
26
-3
