7
300 30000
144 8489 0

9582 0 1
0
148 577 1
1
152 0 1
2
3307 681 1
3
6936 861 1
0
0 1 1
3
1752 1891 1
0
2889 268 1
0
1763 2 1
7
2215 0 1
1
0 1 1
0
813 0 1
8
18 269 1
1
1214 135 1
4
5 349 1
4
2055 228 1
0
9807 0 1
7
922 26 1
2
20 8 1
13
120 4 1
3
0 2413 1
8
6684 5346 1
1
1899 81 1
10
0 1 1
12
6983 4166 1
14
1 4641 1
15
0 1776 1
0
123 3152 1
5
1652 17 1
19
2444 1 1
3
8 309 1
2
549 4843 1
22
7460 27 1
14
72 345 1
6
4806 25 1
0
3743 3 1
13
1 1769 1
15
36 8798 1
1
2913 302 1
21
6443 0 1
13
3 715 1
21
3553 1167 1
0
241 22 1
20
6974 28 1
2
8738 5 1
26
4363 253 1
23
1799 126 1
27
0 1 1
0
863 211 1
40
18 2907 1
3
1470 105 1
49
3 0 1
37
16 482 1
45
0 1667 1
5
15 418 1
9
2150 0 1
40
4 5 1
2
150 38 1
26
61 373 1
7
0 71 1
18
13 0 1
2
8 14 1
13
1 0 1
5
106 0 1
11
118 5305 1
36
0 30 1
7
3796 16 1
0
1539 0 1
61
48 3 1
20
1634 0 1
22
5 6283 1
70
18 5072 1
38
0 49 1
37
0 5556 1
23
4 56 1
31
181 88 1
66
3011 1 1
13
8 27 1
31
2197 1314 1
25
762 31 1
69
2735 858 1
76
1029 258 1
36
8 2452 1
59
372 1018 1
42
22 2471 1
5
0 3662 1
57
27 94 1
0
1 3767 1
1
3 9568 1
9
27 0 1
0
5424 53 1
0
1963 0 1
46
864 4654 1
76
34 86 1
16
0 26 1
40
4453 2125 1
50
6615 0 1
17
1068 0 1
6
22 6860 1
64
1 12 1
37
304 918 1
72
100 3545 1
91
1458 8456 1
21
3 18 1
0
6400 13 1
43
1 0 1
19
2749 55 1
45
0 88 1
25
59 3124 1
12
4485 191 1
29
1 2 1
0
7 2 1
36
12 26 1
44
2396 232 1
6
1021 5931 1
10
1 141 1
92
1079 3 1
31
619 22 1
39
17 328 1
2
792 7983 1
7
2 9229 1
48
909 226 1
111
407 4308 1
2
150 1 1
23
1911 0 1
102
30 5996 1
1
66 780 1
119
9 2166 1
98
0 148 1
9
4 1260 1
0
48 149 1
57
9361 0 1
59
3 7 1
61
6 48 1
9
977 1 1
93
9909 6 1
16
12 45 1
122
771 29 1
106
7653 5006 1
131
1237 55 1
97
644 30 1
26
69 28 1
54
7 6594 1
66
1104 137 1
120
0 450 1
69
0 10 1
0
0 0 1
25
17 957 1
32
6061 0 1
15
15 11 1
14
1841 0 1
54
26 0 1
142
0 569 1
47
2100 2506 1
31
205 5 1
0
2261 11 1
115
6 424 1
119
1449 1597 1
20
3 0 1
51
15 2 1
2
346 55 1
17
1 0 1
120
825 6 1
140
49 404 1
153
3078 0 1
103
976 48 1
45
99 0 1
41
1 4543 1
7
37 74 1
15
1478 28 1
143
13 124 1
166
0 0 1
38
0 1326 1
2
0 1218 1
139
0 766 1
1
5340 2802 1
50
0 256 1
33
70 88 1
107
609 4737 1
0
159 0 1
92
2 6 1
75
0 744 1
44
0 41 1
93
2762 7010 1
136
3197 249 1
11
418 0 1
13
3243 0 1
97
0 1598 1
38
7321 1 1
1
58 18 1
156
155 2927 1
33
782 0 1
101
2 4743 1
3
80 40 1
1
26 13 1
93
1053 128 1
2
1 9 1
110
82 5 1
135
206 13 1
169
9385 0 1
168
999 53 1
73
169 1739 1
87
3 727 1
8
1100 114 1
41
575 6734 1
18
544 1465 1
45
1524 374 1
155
0 434 1
106
1139 505 1
18
17 1 1
43
1 0 1
3
1894 0 1
49
1 228 1
160
98 1 1
25
4223 497 1
66
15 283 1
69
5981 0 1
185
1514 645 1
210
0 7747 1
17
1016 3842 1
64
1985 0 1
103
2965 3 1
178
101 3 1
43
9882 435 1
141
54 550 1
76
1823 375 1
107
33 1293 1
17
23 2482 1
28
4729 353 1
87
513 58 1
31
247 462 1
22
0 2798 1
20
1 1574 1
11
72 0 1
18
1352 2300 1
110
1396 7315 1
50
1399 0 1
79
695 0 1
0
594 0 1
198
0 0 1
51
2515 0 1
84
0 154 1
45
9341 619 1
19
1 2 1
213
33 1427 1
19
1 90 1
15
2 3618 1
112
0 0 1
45
9 3 1
40
65 1 1
46
261 4 1
161
4 3288 1
72
0 593 1
54
7 154 1
9
22 141 1
118
65 293 1
39
213 0 1
184
0 1 1
0
6623 3614 1
135
157 691 1
2
3065 0 1
10
1264 778 1
166
249 2 1
215
101 266 1
153
6373 18 1
250
22 969 1
64
0 21 1
0
7430 1 1
0
358 1 1
254
32 734 1
0
205 1870 1
2
0 24 1
43
15 0 1
170
0 1199 1
214
8381 458 1
144
7 3400 1
196
0 1000 1
123
0 4291 1
138
0 1469 1
163
232 8893 1
81
5350 5013 1
23
374 9692 1
145
9458 0 1
48
0 9 1
115
212 86 1
7
9281 631 1
202
274 117 1
273
0 71 1
237
77 2 1
89
0 6294 1
18
6017 0 1
15
1582 15 1
254
12 449 1
177
1548 0 1
5
1545 449 1
164
1323 0 1
108
47 413 1
203
322 1694 1
103
21 9 1
188
