999 500000
940 373
940 729
240 754
240 558
863 539
863 523
863 816
507 724
507 749
804 307
804 187
804 214
949 499
949 470
291 576
329 612
467 233
634 454
494 944
182 267
941 943
941 190
358 775
358 107
14 956
14 504
694 32
694 851
694 978
402 210
402 527
342 230
342 622
381 449
381 624
143 543
117 799
843 633
872 44
872 431
319 247
965 991
965 96
965 566
965 994
488 996
617 72
617 682
128 613
718 526
721 512
721 913
721 543
532 430
532 213
642 26
642 784
945 575
861 295
296 792
296 108
387 526
387 604
387 701
293 276
530 304
635 657
635 610
679 684
679 139
679 436
260 933
260 279
144 647
144 546
144 237
144 326
141 80
141 780
141 787
885 592
885 67
885 782
796 514
962 374
962 687
318 985
678 80
678 677
16 445
16 462
409 437
424 528
424 895
424 527
424 244
600 416
600 823
600 502
824 412
98 253
449 136
991 924
720 643
720 463
720 46
571 777
571 911
571 581
571 626
975 243
931 370
931 498
416 776
58 312
368 280
423 217
423 650
364 377
222 746
151 76
25 262
206 833
206 996
249 258
249 964
740 209
435 173
435 749
765 686
765 212
564 207
745 239
737 947
572 15
572 224
482 859
113 919
673 731
673 563
64 363
64 846
64 451
264 580
309 820
309 921
539 345
539 51
85 429
85 269
731 438
731 235
324 593
193 3
193 690
193 468
193 966
101 447
980 752
693 210
693 825
238 723
133 110
65 974
611 469
777 444
777 505
475 298
312 813
312 396
59 483
418 88
23 933
23 588
150 755
150 40
150 827
150 757
938 739
938 734
711 855
716 82
716 802
929 632
251 310
251 266
181 936
181 445
181 918
5 985
835 57
835 582
899 365
899 797
924 963
194 616
194 742
194 628
415 548
755 303
995 608
211 4
356 602
767 827
330 72
330 44
288 54
288 514
288 709
210 354
830 993
217 484
217 353
790 83
790 754
7 764
7 63
7 794
7 303
50 294
50 393
992 274
992 170
612 660
893 592
893 944
893 833
893 540
926 671
926 569
926 510
926 332
323 508
323 955
438 983
438 335
914 505
914 497
736 340
535 632
535 910
535 74
406 797
537 124
421 747
421 560
524 734
524 480
72 971
915 662
915 652
501 328
501 978
862 983
862 479
683 386
683 996
807 672
807 163
807 414
982 490
2 990
428 66
359 615
359 328
608 845
268 855
268 259
840 273
840 20
840 480
813 379
374 316
374 860
146 32
32 28
32 37
32 601
281 597
583 836
583 420
583 214
637 397
668 704
512 459
148 303
148 613
148 129
15 160
592 814
235 708
346 376
906 254
906 968
386 209
935 669
935 334
724 124
294 591
294 457
690 232
690 164
684 756
425 256
465 192
774 933
907 986
573 363
573 559
473 521
267 772
976 809
753 437
753 858
748 645
748 730
250 506
250 286
250 229
366 781
562 407
746 983
57 348
57 224
639 998
289 500
289 131
355 215
593 758
593 357
593 831
593 847
500 898
91 112
91 511
91 442
422 433
422 347
304 77
927 744
897 414
215 752
215 233
215 792
215 905
147 789
147 999
147 283
717 670
717 169
717 447
717 901
717 666
273 317
367 781
367 11
708 952
708 48
708 320
71 981
71 407
71 109
71 622
339 761
399 305
399 167
770 793
770 838
253 127
253 937
172 550
408 162
877 493
877 814
603 734
603 156
21 643
21 189
466 184
466 582
466 29
265 848
946 297
946 269
891 173
891 939
848 989
848 27
848 613
656 483
137 369
879 619
879 841
879 99
691 493
691 631
248 403
616 350
382 275
983 322
826 371
826 82
826 369
638 756
154 486
875 120
875 519
49 820
49 866
865 388
865 751
405 923
405 445
405 696
392 681
392 202
892 710
226 284
226 882
226 729
226 803
513 461
513 122
632 440
370 702
370 970
695 567
317 486
314 810
161 809
161 95
73 432
798 783
798 845
623 88
857 681
857 733
672 51
431 782
67 336
657 633
702 321
426 961
54 444
54 255
54 106
47 878
124 703
124 204
124 987
124 631
521 42
191 232
191 247
191 967
282 87
80 331
276 131
276 696
942 295
942 351
38 439
948 881
948 208
357 836
357 340
120 116
950 923
448 220
448 663
68 587
256 379
256 919
768 76
321 132
321 344
266 971
266 157
437 782
867 479
454 546
454 728
979 700
979 122
162 754
162 627
162 443
207 4
207 164
220 667
220 55
220 455
343 198
621 255
621 130
536 989
836 432
836 896
836 602
529 492
999 372
999 550
704 78
165 301
165 135
520 525
476 472
971 738
96 153
764 855
764 655
629 588
299 586
299 925
299 805
299 149
241 825
797 541
797 55
797 968
808 461
103 734
959 730
492 82
429 166
429 954
185 671
375 257
375 108
252 123
839 801
839 99
839 53
427 483
427 236
427 781
551 205
225 140
508 912
759 110
933 164
417 352
417 175
913 156
498 810
618 468
618 659
869 518
869 271
715 112
743 218
743 504
743 549
743 229
641 216
13 597
13 19
105 538
105 511
105 578
557 41
557 972
557 76
557 74
526 619
526 479
350 275
705 568
887 725
155 713
155 542
468 509
468 122
909 257
625 97
625 180
625 212
625 45
577 630
389 290
871 682
871 200
4 597
4 795
410 904
396 653
615 19
988 131
772 919
760 413
760 606
619 439
580 384
855 998
761 315
761 769
761 773
525 306
10 196
10 700
874 819
444 812
444 395
762 6
599 464
599 646
599 838
870 203
870 636
272 372
272 487
780 812
300 127
153 636
710 440
876 646
554 654
554 604
31 675
31 671
31 216
522 727
254 43
104 545
104 579
403 123
30 63
570 27
17 11
239 546
239 829
598 853
598 110
598 338
119 262
37 499
680 706
680 82
680 697
801 928
801 188
812 398
812 12
588 197
604 221
908 686
908 123
908 658
908 714
908 832
127 994
127 589
868 685
686 491
302 676
213 756
213 484
62 308
62 993
352 997
407 534
407 685
928 516
928 205
928 663
650 947
998 84
998 606
228 115
228 170
42 234
42 472
688 122
688 36
856 470
856 544
895 850
895 308
895 77
138 957
195 95
195 726
400 279
400 515
594 644
594 640
594 457
469 922
83 958
201 828
201 112
201 372
201 542
828 149
340 90
340 34
464 479
990 432
27 336
681 307
681 822
446 509
793 649
378 883
123 944
134 837
112 87
112 636
514 360
930 486
543 553
786 518
786 477
882 262
590 900
590 303
665 567
295 157
460 338
86 951
445 394
445 816
298 286
142 56
142 270
509 854
78 624
653 649
922 614
630 231
630 533
630 890
630 79
630 229
39 219
39 735
39 784
974 972
411 696
411 361
411 889
806 814
806 66
202 815
202 313
788 171
186 412
186 561
669 242
669 560
178 373
595 328
236 771
1 441
41 985
41 419
566 517
566 785
139 24
139 766
744 649
791 114
791 43
523 675
523 152
231 742
412 775
412 171
545 174
545 901
817 937
894 802
461 453
547 735
518 485
727 212
727 575
970 489
280 326
932 912
534 337
821 414
232 969
463 70
463 208
463 660
961 841
584 754
584 918
984 568
771 221
517 778
175 769
175 277
175 964
35 373
35 160
377 847
842 351
842 622
52 413
52 74
174 493
944 651
904 457
904 951
56 180
362 555
864 649
864 452
576 822
576 246
977 805
977 775
977 574
385 957
385 76
849 481
849 725
799 271
459 481
610 163
667 822
667 203
973 327
413 809
823 640
279 818
279 548
166 674
166 234
794 844
565 575
187 934
158 925
380 176
380 486
263 390
391 624
811 552
878 918
878 81
676 313
921 179
921 216
531 278
873 729
223 994
84 960
533 937
779 209
779 802
652 489
652 585
440 327
440 376
644 996
614 354
844 316
844 484
487 156
487 177
487 888
555 292
555 884
515 953
495 955
822 384
886 271
886 274
886 311
954 556
605 782
661 726
292 993
115 829
125 783
118 776
388 778
183 245
441 939
441 478
88 237
920 645
883 747
883 332
689 224
24 567
569 116
277 285
277 168
741 171
493 587
561 723
553 18
70 773
511 607
697 880
136 45
33 766
290 471
450 234
916 401
77 474
121 827
953 60
620 278
278 631
75 707
754 6
754 660
376 190
376 325
504 341
301 496
585 456
145 723
783 819
852 827
549 763
719 712
337 234
214 568
214 390
140 698
8 937
692 349
219 757
199 320
901 773
61 832
596 677
947 699
333 664
333 472
6 859
6 800
750 69
722 556
499 633
503 325
818 707
581 955
732 92
456 168
456 349
53 552
939 698
714 69
626 170
106 167
92 792
92 74
262 192
126 245
918 102
917 233
664 110
834 477
243 311
242 730
164 819
227 224
434 550
496 22
135 960
606 347
809 100
40 306
451 45
110 111
275 986
373 550
729 837
955 800
205 471
609 699
29 244
477 404
45 397
45 94
45 458
490 129
884 902
261 66
648 845
903 810
785 93
785 369
287 888
951 712
792 198
326 159
383 170
829 401
89 351
245 332
556 9
