999 500000
370 630
370 358
370 101
370 166
370 757
370 46
370 313
370 28
370 237
630 107
630 205
630 973
630 13
630 240
630 712
630 814
630 158
107 890
107 527
107 911
107 923
107 842
358 5
358 600
358 562
358 808
358 211
358 302
358 226
205 292
205 414
205 118
101 34
101 97
101 251
101 59
166 970
166 906
166 178
166 596
34 578
34 47
34 126
34 461
5 691
5 297
5 481
5 688
5 29
691 936
691 825
691 676
691 824
691 877
691 35
600 446
600 670
600 14
600 174
562 254
562 41
562 624
562 992
562 503
254 705
254 588
254 707
254 85
254 345
254 544
890 838
890 100
890 175
890 418
890 989
890 961
890 368
936 491
936 87
936 112
936 888
936 398
936 231
936 67
578 882
578 547
838 623
838 700
838 421
838 228
47 866
47 497
47 915
47 378
623 608
623 752
623 442
623 704
623 423
126 818
126 123
126 455
126 616
808 614
808 612
808 869
705 556
705 449
705 164
556 854
556 222
556 379
556 590
556 684
556 502
100 295
100 836
100 631
527 340
527 30
527 307
527 127
527 857
527 508
527 271
818 981
818 982
818 156
818 672
854 4
854 89
854 529
854 862
608 134
608 409
700 892
700 796
825 950
825 169
825 26
491 696
491 385
491 103
491 550
491 115
491 741
866 468
866 910
866 504
866 875
866 680
973 341
973 673
973 225
973 403
973 327
973 381
973 196
13 136
13 790
13 724
882 56
882 184
882 10
950 717
950 998
950 277
950 841
950 552
950 119
4 692
4 43
588 951
588 489
588 593
588 592
588 971
588 599
421 16
421 876
421 393
421 930
421 968
340 197
340 17
446 8
446 157
446 104
717 318
717 781
8 627
8 170
8 794
8 764
8 464
211 603
211 181
911 77
911 339
89 659
89 287
175 290
175 912
175 620
175 867
175 929
175 846
418 788
418 382
418 889
757 365
757 485
757 582
757 827
757 701
970 703
970 96
970 561
970 480
341 793
341 706
56 669
56 907
56 260
981 122
981 744
981 496
981 367
240 747
240 346
752 209
752 783
752 416
752 946
468 432
468 849
468 656
468 940
184 111
184 437
209 782
77 373
77 541
77 759
169 548
169 33
169 591
169 760
432 844
432 155
432 447
432 99
41 427
41 520
197 301
197 66
136 95
673 719
673 926
339 132
339 636
339 27
906 829
906 252
906 559
906 151
910 570
998 18
998 499
998 718
998 230
829 920
829 947
829 815
703 492
703 125
703 597
703 291
30 148
30 711
30 219
30 400
157 404
157 720
920 870
920 180
920 247
920 784
16 772
870 804
870 667
148 810
148 895
148 530
148 954
461 988
461 978
461 456
97 803
614 797
659 220
659 397
670 734
670 232
670 677
96 81
676 344
676 131
676 832
676 303
365 190
624 353
624 203
624 52
844 848
844 200
992 678
992 569
992 280
804 546
804 80
804 976
678 651
678 725
989 143
989 789
297 428
297 117
353 241
353 766
696 124
696 63
696 482
696 412
876 528
876 900
876 406
947 611
947 3
947 195
947 519
318 61
318 235
318 507
222 905
222 347
301 771
951 258
951 439
951 806
143 19
111 45
849 567
849 420
923 48
923 831
923 171
923 628
923 78
988 121
61 515
61 388
87 204
87 380
87 584
87 604
87 516
546 754
546 613
546 479
546 647
546 843
546 513
180 183
180 206
180 128
46 974
46 949
747 405
747 511
974 110
974 377
627 918
567 261
788 896
788 224
547 431
547 811
547 817
203 574
203 336
203 821
574 105
574 579
574 756
574 314
225 410
225 272
95 776
95 999
134 387
134 861
134 458
81 953
81 500
81 657
204 985
190 207
503 375
503 6
375 729
375 690
375 275
385 641
385 426
385 984
385 898
385 512
414 411
414 980
641 948
409 473
409 294
409 343
6 141
6 710
6 939
105 139
105 311
261 76
261 965
790 768
790 144
651 853
651 283
473 333
473 208
985 563
449 165
449 478
449 319
178 332
178 732
420 539
420 215
66 322
719 493
719 179
127 746
127 856
252 830
252 394
252 185
528 7
528 113
528 234
85 320
853 731
853 374
853 329
110 417
772 531
772 114
772 822
772 625
302 223
277 12
277 415
277 273
426 913
426 738
426 443
669 960
669 587
379 60
379 648
379 92
379 312
379 621
382 193
382 682
768 490
403 506
431 638
754 372
754 792
793 543
793 98
344 749
579 75
579 536
183 472
183 324
638 979
638 58
155 150
155 50
155 194
18 521
60 664
499 161
489 269
489 256
749 384
749 850
656 460
731 840
731 146
472 634
472 450
472 265
472 2
504 845
504 108
504 445
504 909
848 886
848 927
497 833
497 24
810 361
810 188
170 9
170 699
842 477
842 665
515 1
515 708
746 39
374 687
7 801
831 407
831 526
831 495
485 57
52 83
52 70
118 242
75 851
845 233
226 422
14 605
559 399
103 847
103 668
165 645
165 11
493 662
493 310
496 15
794 726
794 990
794 820
125 338
531 44
206 642
961 916
961 996
961 335
283 36
634 610
131 54
729 819
729 263
380 300
377 454
824 245
824 282
734 598
734 558
832 501
832 852
596 259
290 229
900 904
900 934
900 779
889 823
889 69
889 522
539 199
539 919
539 751
539 71
539 236
539 880
960 573
960 425
960 72
460 305
460 839
460 129
33 457
896 835
811 736
811 575
223 218
776 798
776 655
776 977
830 565
830 901
332 32
543 149
543 607
726 37
193 572
193 619
161 983
199 356
690 938
690 972
450 214
450 463
450 721
645 23
823 554
128 921
128 551
128 928
642 942
642 328
642 769
718 663
953 140
156 330
44 713
44 714
570 770
387 309
912 871
368 154
368 975
368 640
83 872
672 440
672 635
672 469
672 357
672 524
913 102
913 91
112 326
229 246
573 859
573 162
573 542
926 868
926 470
926 86
29 753
356 914
356 391
36 31
36 93
36 650
36 585
117 685
117 761
117 702
613 633
938 637
751 173
751 935
751 486
751 474
706 306
407 389
833 321
154 807
440 274
440 354
314 535
314 837
904 733
990 698
990 762
71 957
71 167
71 860
71 216
770 419
875 666
384 626
389 571
587 828
447 991
888 436
888 816
888 917
114 887
114 362
584 401
295 993
295 952
113 780
245 955
373 883
373 49
373 629
373 858
224 308
179 217
991 646
664 727
664 750
565 79
565 392
92 809
92 755
31 317
667 145
265 210
563 881
303 660
646 826
442 924
442 958
861 369
861 476
820 589
592 523
592 160
592 802
732 213
241 549
246 325
132 555
132 191
132 689
132 560
132 606
132 879
416 138
541 163
541 429
104 433
104 255
232 441
983 296
2 855
2 580
50 135
948 540
948 293
437 813
437 658
535 722
535 20
333 21
333 153
425 686
312 351
851 488
851 64
819 517
552 186
552 903
552 785
877 615
877 390
305 716
69 568
517 863
517 774
10 564
124 94
124 786
124 133
124 899
124 743
549 675
807 106
807 897
880 653
880 268
924 963
501 168
855 505
855 202
173 586
682 594
684 944
784 693
455 212
591 709
167 402
792 176
792 997
813 281
813 289
620 941
620 773
895 187
119 395
274 74
274 249
274 894
540 25
727 865
727 267
727 728
727 466
506 152
94 933
94 765
521 435
281 652
883 142
604 239
15 22
15 483
15 730
436 452
436 363
766 465
433 68
91 742
91 109
867 266
918 943
711 969
115 537
598 116
445 805
445 360
11 444
685 262
39 878
63 581
63 893
863 649
415 787
464 348
464 884
933 159
933 864
933 53
933 767
138 438
463 278
868 386
868 270
568 350
348 286
348 533
35 192
713 352
327 62
710 288
710 498
192 147
192 745
633 484
633 799
508 434
508 683
536 525
443 812
840 661
309 695
309 316
930 201
57 632
80 644
1 383
275 459
275 514
275 740
336 253
336 424
725 298
725 40
871 337
753 800
944 618
662 334
329 227
329 462
859 451
765 902
765 510
273 276
942 681
837 795
660 874
163 885
288 172
459 364
459 366
785 487
398 471
839 244
76 758
37 775
37 945
865 545
865 937
498 509
514 777
191 90
159 697
388 715
509 84
147 987
969 737
451 304
516 248
663 349
796 467
796 284
286 355
313 602
272 475
775 177
786 532
980 376
483 557
737 448
322 534
478 891
897 735
864 778
864 576
572 925
72 931
151 723
151 285
484 873
873 408
276 622
551 189
519 371
519 42
164 654
996 82
993 279
86 198
777 359
931 962
334 908
168 413
520 566
730 430
201 583
201 995
610 791
872 553
381 674
525 679
581 617
816 932
19 342
965 55
965 739
735 120
371 994
722 38
279 331
629 238
213 601
43 88
618 922
586 518
554 315
583 748
359 986
438 643
234 221
962 130
237 73
413 671
413 264
802 494
560 763
21 609
518 323
665 299
940 65
940 967
940 538
632 257
814 694
708 639
331 453
26 959
82 577
308 966
937 964
937 182
602 396
955 243
577 834
885 595
885 250
335 51
595 956
544 137
