999 500000
536 991
536 344
344 721
721 647
721 610
647 121
121 15
610 386
15 372
15 871
372 638
871 277
871 274
871 894
638 56
638 567
56 873
56 574
567 642
274 533
274 306
574 388
574 715
574 937
642 310
642 821
642 806
642 53
642 402
821 52
821 614
533 436
533 498
386 201
386 82
386 929
201 269
52 690
52 634
52 378
690 708
82 539
82 464
269 523
929 596
929 439
929 538
614 64
306 759
634 117
634 576
634 116
634 14
53 521
117 287
117 559
436 755
436 613
596 305
378 69
69 562
69 73
402 626
402 833
576 246
439 745
439 202
287 951
755 209
539 212
498 524
498 239
305 74
305 615
305 545
562 143
562 90
143 368
613 793
613 21
613 471
613 283
538 959
538 730
538 220
715 703
715 467
715 607
524 720
524 979
524 747
74 820
759 132
720 448
464 431
464 658
959 393
959 208
959 787
209 532
209 265
431 338
431 320
448 906
658 560
615 650
471 534
471 404
951 358
951 782
650 973
650 170
650 222
338 985
338 66
820 760
820 323
820 282
820 465
532 644
320 556
745 346
708 847
626 248
560 381
381 848
381 99
381 315
730 517
730 695
760 587
906 514
985 887
985 86
559 342
559 672
559 20
973 772
556 493
66 548
66 625
239 495
358 452
358 781
358 316
772 453
772 713
323 285
90 362
90 758
848 795
848 823
848 725
514 194
132 675
99 483
99 251
452 978
452 779
483 350
483 868
483 666
342 801
342 218
675 260
675 185
703 137
703 445
703 153
795 932
781 723
212 883
137 450
137 87
833 674
208 912
208 605
208 263
787 250
787 810
787 93
450 485
315 770
534 694
534 235
534 28
694 920
694 527
316 692
495 40
495 365
350 96
350 954
692 786
692 585
453 280
453 997
453 577
40 254
40 329
40 184
695 424
723 520
548 264
920 895
978 943
978 706
747 952
747 908
672 279
810 983
810 680
220 241
285 712
285 179
202 480
202 608
87 529
87 670
937 81
937 734
235 88
170 61
170 164
712 743
264 147
954 687
954 39
895 901
280 325
260 811
260 783
997 588
782 356
61 42
194 175
362 986
362 397
362 955
254 413
687 697
279 359
279 443
279 309
14 860
14 83
14 938
175 881
901 48
901 816
881 803
881 417
881 57
881 657
786 992
786 707
607 1
607 822
607 468
607 140
356 481
356 619
986 98
625 919
625 317
912 754
912 502
912 669
1 156
1 10
359 298
359 155
359 767
359 23
860 474
860 683
860 35
481 681
83 110
938 135
758 827
585 817
585 109
754 551
754 905
754 668
801 76
801 990
605 809
811 700
811 776
502 604
502 661
502 51
743 12
743 141
241 421
822 341
822 489
604 851
329 461
329 253
770 845
770 94
404 427
734 909
734 879
851 643
803 856
803 890
803 844
88 44
88 219
179 888
179 19
179 665
661 916
42 5
474 240
527 930
527 186
480 291
480 580
156 852
156 324
529 903
577 573
577 148
952 984
421 204
417 300
417 889
417 546
417 396
983 47
845 934
669 564
990 446
990 161
341 518
44 373
551 238
573 296
817 13
817 499
817 968
817 515
888 337
218 275
909 492
700 741
700 231
700 796
847 834
847 572
19 29
19 904
19 497
868 512
619 472
619 841
461 594
446 653
446 540
468 815
468 366
13 308
28 192
28 535
28 544
674 907
674 736
908 401
908 456
499 746
499 106
397 302
325 835
905 278
905 598
905 804
905 667
905 785
192 488
670 728
746 225
148 390
365 686
365 216
365 84
365 691
955 724
518 870
815 935
665 840
251 648
251 473
251 221
251 38
666 925
666 944
666 892
219 145
834 948
870 933
587 939
572 385
572 660
572 215
697 923
697 603
253 964
10 579
935 418
935 828
935 49
992 321
512 763
512 360
512 217
512 349
890 928
890 555
890 748
890 617
278 176
278 442
278 915
984 271
984 953
984 59
492 367
492 550
492 142
492 236
161 272
686 469
763 389
763 25
763 961
763 947
135 971
176 408
240 92
296 33
296 384
296 32
296 370
648 880
271 419
271 24
419 838
919 268
919 252
919 3
919 328
216 412
427 636
427 790
367 27
268 37
389 735
953 789
109 738
109 125
838 475
838 581
489 114
783 41
783 664
360 616
968 197
968 750
473 872
473 160
473 885
473 45
29 714
465 261
465 676
465 292
804 420
261 72
485 814
943 330
943 995
469 383
469 722
469 205
550 43
550 181
142 237
667 859
667 126
309 398
309 679
317 348
140 458
889 407
785 558
398 343
398 927
225 403
225 55
925 267
879 111
706 167
706 353
676 711
676 531
676 832
676 60
155 945
155 491
714 203
714 753
714 133
711 696
33 118
25 437
904 869
904 326
923 946
153 825
153 334
809 792
39 213
859 380
343 831
872 645
872 244
872 601
872 900
408 406
408 294
197 633
401 255
401 631
401 449
401 818
337 171
337 931
964 17
964 826
114 506
171 105
171 630
105 357
105 128
84 347
84 78
167 798
167 432
167 606
167 108
59 940
292 778
292 554
385 364
385 682
944 982
944 46
657 405
907 188
907 654
603 525
456 318
456 958
456 716
679 718
679 762
186 77
645 462
645 857
645 969
540 522
814 85
814 553
546 637
203 976
555 152
462 256
106 293
418 609
384 127
384 478
857 771
939 800
939 757
98 794
98 307
244 519
3 837
771 22
771 565
969 791
531 345
160 6
800 487
841 812
828 163
828 166
852 717
852 530
267 101
664 729
488 620
736 824
736 663
357 434
348 7
348 830
681 327
380 395
946 423
946 855
601 159
601 727
601 967
133 428
767 144
213 621
434 996
125 583
125 189
927 67
111 158
128 977
128 902
24 322
24 740
982 751
982 768
945 974
92 129
92 112
776 701
776 454
728 361
77 704
77 198
750 884
750 26
47 392
47 79
885 174
275 513
275 299
275 877
779 566
43 151
903 490
903 765
718 863
718 391
974 234
974 168
791 913
961 444
961 351
322 340
322 640
322 195
701 988
701 511
72 232
159 624
442 369
442 956
564 247
757 891
757 319
757 739
757 470
796 376
796 415
654 569
654 839
654 36
403 865
403 410
51 262
51 874
51 549
147 570
147 242
152 58
880 354
880 230
383 910
383 756
910 104
910 685
234 726
234 68
234 433
637 807
637 699
22 799
22 957
101 16
831 649
831 684
204 503
726 75
726 482
334 70
826 172
826 30
129 479
129 211
217 4
869 190
869 528
46 377
46 394
181 595
454 494
454 949
23 629
620 486
491 819
522 584
366 850
366 911
884 622
884 586
595 600
595 673
595 764
608 805
608 623
608 304
660 963
798 557
792 651
792 867
824 875
4 737
4 733
4 575
651 150
519 249
319 313
319 182
319 425
16 509
293 149
432 994
432 165
948 641
318 228
751 379
735 788
994 898
490 846
145 122
729 207
756 612
756 784
405 542
405 878
405 802
900 749
569 886
313 441
313 501
182 199
158 95
376 659
740 597
740 677
636 571
724 652
377 466
377 245
566 363
566 843
727 426
913 214
612 797
612 590
762 138
762 301
762 662
195 568
475 332
475 8
394 918
189 656
479 124
328 178
236 399
819 355
819 210
819 962
819 775
138 311
659 107
659 476
659 89
515 829
107 157
778 936
778 858
600 438
663 120
663 710
93 312
829 698
699 463
641 136
641 333
641 639
641 154
641 942
211 547
863 270
118 276
118 655
127 183
812 227
579 589
579 233
765 180
542 646
426 71
426 435
426 243
327 732
122 100
122 375
656 146
656 504
656 981
168 226
168 63
958 761
958 11
351 273
630 507
584 552
163 693
163 635
554 430
146 286
146 459
75 561
226 508
789 922
789 671
789 335
415 972
120 975
922 281
922 516
737 578
433 18
136 102
136 769
438 339
144 921
144 917
547 882
739 899
739 780
71 774
71 224
882 139
892 177
972 752
972 422
561 50
561 849
561 371
487 382
487 387
55 678
30 853
597 119
565 813
565 593
102 510
733 115
733 97
124 999
506 187
839 103
832 862
832 416
210 484
382 440
623 223
232 592
223 543
223 113
214 169
752 689
680 808
339 80
339 65
339 777
956 970
956 941
304 965
304 400
89 411
837 173
543 989
391 980
373 628
425 303
962 773
962 950
330 864
853 477
27 295
420 289
420 314
165 537
165 709
230 460
230 200
119 284
119 505
460 259
70 451
50 134
379 731
537 31
830 297
864 34
544 766
544 193
544 131
428 893
749 414
422 62
422 914
410 258
349 866
333 611
855 541
855 331
321 627
198 926
198 206
541 924
541 457
655 618
849 496
113 599
113 591
113 526
609 742
709 374
709 9
818 563
671 897
957 196
311 500
134 842
178 123
563 702
563 455
371 998
200 987
635 688
635 896
207 229
707 290
258 854
877 352
773 288
684 876
187 632
31 960
31 429
975 602
294 409
290 966
639 257
632 719
980 266
966 130
843 582
593 54
112 836
112 744
842 2
266 861
967 993
967 705
130 91
496 162
808 336
617 447
861 191
