999 500000
986 249
986 953
986 436
986 992
986 663
986 33
986 876
986 476
986 353
986 631
986 530
986 138
986 713
249 298
249 262
249 837
249 501
249 802
249 104
249 922
249 460
249 272
249 269
249 236
249 760
249 649
249 20
249 762
953 807
953 637
953 700
953 323
953 508
953 255
953 988
953 290
953 365
953 542
953 847
953 527
953 242
298 980
298 209
298 149
298 794
298 307
298 4
298 592
298 787
298 743
298 434
298 2
298 232
298 51
298 494
298 409
298 602
298 75
298 605
298 864
262 9
262 682
262 759
262 893
262 109
262 956
262 715
262 562
262 822
262 154
262 456
262 551
436 789
436 838
436 388
436 389
436 955
436 666
436 819
436 15
436 525
436 839
436 400
436 694
436 750
436 569
436 228
436 13
992 178
992 968
992 319
992 223
992 613
992 431
807 8
807 701
807 534
807 954
807 823
807 982
807 830
807 127
807 894
807 584
637 817
637 213
637 590
637 514
637 423
637 541
637 626
637 363
637 776
637 454
637 947
637 92
637 445
637 710
637 730
837 473
837 308
837 134
837 691
837 180
837 219
837 83
837 653
837 234
837 281
837 544
789 94
789 756
789 661
789 268
838 237
838 683
838 801
838 705
838 481
838 914
838 684
838 880
838 245
838 59
838 25
838 646
663 512
663 938
663 763
663 403
663 218
663 543
663 616
663 484
980 95
980 671
980 596
980 994
980 401
980 758
980 665
209 934
209 906
209 625
209 650
209 728
501 511
501 841
501 771
501 62
501 220
501 350
501 975
501 482
501 360
501 74
501 998
501 257
817 47
817 267
817 651
817 995
817 183
817 204
817 903
817 485
149 84
149 642
149 783
149 410
149 902
149 606
149 668
149 5
149 529
149 969
149 3
149 886
94 961
94 415
94 174
94 833
94 717
94 507
794 890
794 490
794 566
794 749
794 89
794 680
794 962
307 540
307 558
307 408
307 32
307 883
307 918
307 131
213 181
213 578
213 399
213 435
213 108
213 150
213 917
4 926
4 65
4 275
4 678
4 820
512 506
512 855
512 979
512 247
512 93
512 424
512 313
512 505
512 296
512 438
512 459
592 226
592 310
592 547
802 54
802 184
802 293
802 834
802 773
802 480
802 942
802 316
802 433
802 643
802 548
8 264
8 182
8 439
8 136
8 667
8 644
8 978
8 125
104 321
104 99
104 189
104 357
104 64
104 636
104 366
473 332
473 565
473 554
473 659
473 336
473 716
473 881
473 383
473 858
473 702
511 55
511 175
511 304
511 102
511 115
511 846
511 784
33 314
33 504
33 259
33 870
33 320
9 836
9 342
9 67
922 618
922 791
922 300
922 568
922 68
922 217
922 583
590 806
590 757
590 39
590 795
590 767
590 835
590 752
590 907
237 899
237 214
237 857
237 582
237 440
237 295
237 112
938 387
938 984
938 575
938 479
938 933
938 778
938 322
938 106
938 654
938 289
95 88
95 129
95 196
95 148
618 813
618 90
618 186
618 868
618 520
618 660
618 58
618 976
388 277
388 238
388 572
388 12
388 537
388 241
506 315
506 497
506 10
701 869
701 895
701 432
701 736
682 382
682 991
682 185
682 197
534 972
534 86
534 345
534 391
534 355
855 614
855 738
855 521
855 563
855 721
855 698
514 1
514 121
514 82
514 538
514 799
514 70
514 227
178 532
178 611
178 81
178 831
876 414
876 191
876 206
876 593
876 463
876 468
876 187
759 943
759 461
759 63
759 279
759 444
759 334
763 878
763 202
763 118
763 170
476 853
476 740
476 688
476 76
476 754
476 777
423 913
423 283
423 348
423 965
423 949
893 376
893 632
893 488
893 472
893 792
893 325
893 587
389 152
389 291
389 330
308 851
308 598
332 827
332 639
332 98
332 201
332 393
54 928
54 814
54 114
841 349
841 900
841 294
841 192
841 718
841 829
841 153
84 171
134 889
134 248
134 912
134 696
134 627
972 19
972 528
972 874
972 591
403 647
403 176
756 329
756 500
756 437
756 243
756 266
671 195
671 471
414 971
414 50
414 285
414 909
414 80
171 155
171 478
171 662
171 292
171 280
184 369
184 172
184 640
293 377
293 411
293 333
293 737
691 735
691 462
691 166
691 884
691 429
47 658
47 610
47 498
47 875
47 299
47 524
47 132
47 774
47 863
661 634
661 422
661 122
661 960
700 871
926 932
926 449
926 619
353 985
353 990
353 359
353 526
353 951
353 617
353 328
836 79
836 496
836 879
596 800
596 553
596 66
180 722
180 144
180 405
180 117
787 265
787 145
787 373
565 164
565 486
565 412
181 370
181 358
321 981
578 119
578 904
578 510
578 71
743 77
743 126
743 739
65 645
968 559
968 669
968 810
827 840
827 45
806 755
813 495
813 212
899 628
899 31
899 179
961 416
961 531
961 140
961 727
961 392
961 160
382 919
382 21
382 921
382 577
382 156
382 271
382 545
319 552
319 35
319 586
319 162
319 28
319 920
319 550
878 29
614 224
614 386
614 811
349 905
349 555
323 815
541 600
541 916
541 911
109 697
109 11
109 844
979 983
979 753
979 492
979 564
889 828
889 239
889 599
889 731
994 769
994 327
994 426
994 474
277 689
277 908
738 860
869 887
869 78
869 793
869 725
869 356
954 620
954 944
954 41
954 809
642 256
642 967
642 974
642 347
642 340
377 726
913 686
913 103
913 533
913 690
823 346
823 747
666 443
666 655
226 936
226 604
226 418
715 925
771 455
771 948
771 385
434 677
434 958
434 573
434 101
434 420
434 805
434 215
434 142
683 22
683 888
683 18
801 708
801 130
801 709
626 199
626 601
626 210
626 693
626 692
223 211
223 517
223 159
223 133
982 648
982 44
613 557
613 957
238 352
834 96
2 877
2 198
895 351
90 630
214 685
214 303
1 489
1 233
1 581
1 398
1 745
99 123
99 465
99 999
99 937
329 222
329 221
329 306
232 785
232 723
232 993
314 487
314 580
62 825
62 69
62 161
88 158
186 952
186 850
186 679
186 466
631 341
631 848
631 49
631 664
432 676
726 318
726 910
264 719
264 963
264 513
532 711
265 989
265 469
265 37
530 929
530 151
530 274
769 301
769 775
572 110
572 973
791 797
791 470
791 205
51 73
191 561
191 453
191 729
634 964
634 338
634 681
401 515
401 518
415 866
500 732
267 354
437 882
437 812
819 509
327 397
15 413
15 253
248 546
525 714
521 597
521 263
521 190
155 141
155 781
936 326
936 808
853 231
868 675
868 229
868 297
387 803
387 406
740 252
563 451
563 638
563 959
800 502
487 746
487 447
487 14
708 337
247 588
247 402
247 116
984 843
984 419
984 43
984 751
376 250
890 699
757 536
757 579
300 703
182 873
651 367
651 6
651 570
611 284
39 38
189 935
222 87
658 230
658 574
773 446
773 24
773 780
121 188
830 608
93 270
93 854
520 362
520 260
554 997
575 523
995 856
995 143
985 203
985 324
255 930
255 457
255 276
795 576
342 892
620 849
620 641
620 832
688 200
688 503
688 779
439 91
439 396
697 852
455 872
455 865
866 622
494 417
747 286
747 896
747 216
877 624
877 790
479 404
839 343
964 450
141 427
141 374
900 695
481 52
610 428
78 499
78 107
78 167
78 302
754 30
754 475
561 941
777 859
777 674
777 379
777 261
777 225
988 560
988 539
206 113
632 331
632 246
934 772
460 712
983 821
983 491
983 317
38 748
38 615
446 950
446 235
96 629
562 987
119 940
183 621
183 254
218 395
803 687
803 425
803 927
767 796
453 635
453 407
357 169
199 378
199 867
971 394
971 516
130 724
55 368
498 742
568 924
174 85
602 36
602 464
721 786
721 34
721 673
932 111
932 344
202 26
220 594
127 804
75 147
75 744
64 915
231 770
696 842
696 549
696 288
509 157
19 607
528 448
871 845
859 251
547 458
290 522
424 137
424 765
424 898
424 278
318 891
463 311
463 208
559 120
559 40
835 97
835 372
35 244
933 493
709 48
729 207
729 720
729 193
669 977
669 766
669 706
669 177
136 946
648 585
760 483
89 27
849 312
910 124
557 931
647 57
674 380
958 901
958 452
958 818
944 168
944 371
944 135
684 287
875 945
875 966
586 467
793 623
359 657
22 173
22 567
152 897
152 72
660 335
850 442
472 60
164 305
735 381
410 788
981 240
981 704
981 609
981 923
981 633
196 384
919 656
336 361
365 61
411 17
363 194
588 100
123 824
716 595
542 970
542 16
888 798
989 421
485 128
81 441
81 519
480 652
118 672
906 53
233 273
881 782
20 996
20 939
717 23
965 862
5 707
644 46
847 589
499 826
256 761
138 670
417 861
797 734
874 7
420 733
635 165
68 309
68 390
68 56
755 282
103 364
604 163
195 105
195 42
228 146
228 603
97 768
491 816
549 571
549 139
974 258
102 535
240 612
533 477
345 375
665 339
378 885
260 556
371 430
969 764
153 741
