999 500000
667 533
257 171
787 712
86 240
337 191
278 285
161 477
138 128
561 42
430 617
941 630
140 744
803 998
909 217
781 381
86 870
881 524
108 744
377 170
455 615
36 334
839 514
353 48
474 393
94 88
971 644
855 46
713 85
987 265
584 370
345 761
856 584
19 780
285 855
776 980
801 536
41 858
905 282
246 892
924 679
182 861
980 965
967 637
824 367
130 231
266 20
536 803
218 170
124 36
70 899
512 489
91 287
131 431
309 416
47 88
64 268
970 914
356 934
189 700
562 749
867 406
473 191
713 993
756 694
922 576
233 452
762 913
312 694
761 7
54 566
213 438
232 485
859 959
686 610
572 958
513 813
770 353
548 205
214 968
333 864
620 694
341 163
550 641
634 229
747 906
293 561
478 507
503 287
935 610
365 620
966 509
490 138
937 614
196 559
702 839
461 829
414 183
189 582
330 527
769 245
812 614
785 312
359 576
660 120
500 898
137 414
788 61
785 531
726 562
697 905
230 288
77 238
705 964
238 255
232 642
273 486
91 442
991 357
342 768
591 224
362 661
476 396
531 218
841 89
994 638
881 62
567 326
369 413
613 863
492 703
782 384
21 134
932 33
943 87
698 685
356 306
815 288
260 320
824 660
563 600
644 453
341 387
357 659
244 781
708 346
982 744
644 641
387 583
953 332
188 76
365 630
743 2
624 902
237 756
625 469
937 52
308 638
512 755
872 17
807 470
98 193
722 44
937 201
687 402
880 835
686 929
336 898
462 777
625 199
413 848
921 509
879 838
879 38
675 644
480 515
289 998
320 6
129 596
998 593
588 1
906 736
910 364
716 725
187 677
118 668
95 725
542 399
831 974
239 775
81 439
95 559
750 440
208 135
827 919
52 696
929 460
716 395
719 973
781 834
827 981
510 327
300 28
559 8
681 859
371 958
793 745
377 245
432 524
893 341
165 757
465 854
668 410
334 349
518 587
5 851
771 333
365 761
378 669
756 72
534 292
218 704
509 210
131 389
689 437
520 3
432 155
356 487
377 52
867 826
199 227
860 282
192 66
159 868
928 680
829 49
84 252
199 415
41 450
705 24
53 752
802 498
607 218
329 932
492 155
874 987
746 845
79 949
999 250
212 934
494 920
241 373
94 666
10 953
831 722
720 822
29 437
440 651
564 977
350 617
484 41
582 106
950 602
734 93
506 262
428 704
468 657
472 603
840 682
803 275
991 593
89 139
179 568
381 302
770 794
439 808
708 549
159 956
583 465
643 849
141 308
412 999
942 520
138 923
426 25
59 281
657 412
578 738
193 281
306 280
598 888
943 814
656 136
760 592
401 893
602 871
563 559
627 482
952 830
883 735
800 227
860 342
298 688
649 185
664 596
932 614
293 470
658 523
519 962
207 250
119 407
451 315
624 663
802 830
509 254
512 193
433 446
770 928
867 127
290 472
985 267
540 297
589 523
414 245
694 635
755 244
408 612
722 801
408 231
296 932
25 306
119 197
83 436
19 182
700 475
38 805
60 893
635 91
324 900
903 240
326 215
168 343
861 231
702 619
46 64
654 949
81 876
840 531
385 924
445 284
438 115
764 793
674 644
994 408
648 507
95 854
658 977
424 887
448 825
652 697
25 833
496 575
766 344
332 307
220 794
934 369
548 666
473 754
350 56
604 750
26 387
338 75
101 949
431 308
315 915
368 50
879 15
577 904
95 260
633 97
768 251
908 150
558 826
409 459
875 68
453 916
773 454
73 849
387 796
499 671
881 287
664 100
947 697
235 713
713 941
769 437
189 289
65 733
851 470
472 94
133 145
997 171
573 685
90 929
645 401
72 333
409 38
810 632
842 141
9 856
982 337
868 910
198 633
512 792
810 601
129 442
788 564
100 380
204 621
734 637
658 677
925 266
223 249
538 663
225 364
407 755
472 249
373 716
378 436
894 957
972 260
242 584
248 55
863 363
114 195
632 459
577 676
360 689
370 491
727 667
367 636
463 281
590 71
34 416
968 342
832 889
530 585
803 707
496 314
10 696
355 224
136 960
66 676
913 265
340 459
747 427
78 55
504 371
862 907
432 216
957 411
100 281
300 656
54 693
972 859
17 365
608 336
770 231
827 301
224 906
349 660
267 725
385 625
326 587
253 893
369 76
273 618
615 833
588 825
901 534
939 651
264 956
136 340
466 725
572 891
55 275
632 602
894 317
25 868
333 668
203 4
978 835
722 326
179 286
828 263
866 581
10 639
623 307
152 581
987 303
800 214
255 677
426 344
713 918
620 187
889 717
313 46
973 457
748 600
3 353
656 718
484 359
408 684
658 15
270 301
540 304
783 398
220 332
30 593
763 410
583 437
35 408
926 376
323 436
163 192
988 401
431 263
293 166
891 213
802 838
559 731
155 699
767 405
8 698
199 467
722 264
934 819
740 612
957 140
398 933
74 204
830 867
922 612
534 878
465 482
652 754
351 745
317 770
803 840
422 274
288 879
683 591
724 74
781 675
456 723
32 4
105 602
659 316
931 708
966 49
839 858
724 171
985 662
449 725
233 328
143 213
490 164
8 909
737 621
629 267
719 28
549 547
992 516
147 938
967 848
898 603
60 425
464 766
807 331
502 844
282 948
159 422
71 326
225 117
11 117
743 755
550 965
706 403
345 655
41 138
359 845
995 760
628 14
808 293
623 919
14 520
900 607
648 521
809 339
268 839
830 295
531 580
340 210
37 972
51 833
92 439
115 634
692 962
890 846
75 914
70 741
12 462
338 47
778 350
233 528
331 10
611 414
622 252
855 125
439 528
110 537
624 406
731 276
367 616
621 792
877 207
112 727
456 810
889 282
110 3
224 538
463 73
220 158
395 958
686 741
256 153
616 69
899 83
94 352
565 991
10 291
167 210
138 665
195 586
491 567
562 241
636 342
171 549
511 106
685 279
556 529
847 303
501 112
102 929
352 655
855 772
778 533
91 148
286 790
760 320
79 247
274 400
899 188
375 751
490 172
54 351
846 738
185 781
634 940
437 939
784 699
919 892
140 798
351 525
176 29
21 583
386 17
802 557
505 892
950 775
717 691
964 415
91 89
895 776
642 805
56 305
330 848
874 291
880 864
933 521
568 868
485 823
633 22
791 965
610 945
663 354
870 404
689 322
530 319
268 510
714 432
508 75
119 180
305 763
4 933
661 385
713 361
475 499
733 13
312 488
540 513
445 10
824 885
151 849
247 908
564 852
502 829
434 834
468 407
122 264
81 903
586 612
545 572
374 443
359 786
664 111
782 176
563 319
309 701
76 149
946 997
840 27
211 935
296 653
292 165
896 287
917 509
507 227
522 144
773 682
22 53
621 405
219 198
946 383
262 978
360 165
526 799
610 39
204 392
965 234
540 287
163 13
847 926
291 399
14 161
383 18
180 517
471 249
907 446
247 447
53 283
809 155
168 716
198 549
147 557
553 609
997 821
775 184
900 87
994 418
442 347
586 416
259 862
760 866
999 209
818 48
183 96
206 843
490 688
137 243
578 45
955 411
572 1
647 111
795 433
482 311
914 799
976 112
772 710
394 353
555 719
132 203
560 480
372 438
524 43
579 431
772 695
221 761
634 626
700 116
15 758
402 618
768 552
242 543
820 625
421 535
173 312
138 742
403 178
554 683
720 798
342 553
231 525
16 24
88 45
790 82
920 501
235 299
732 513
945 729
912 309
53 208
969 367
150 546
12 391
388 912
612 483
226 363
157 840
462 123
794 925
74 202
46 774
611 989
865 869
444 601
449 569
424 551
804 640
117 424
374 692
154 691
68 442
427 853
419 864
203 709
529 520
724 739
37 984
402 18
507 712
961 261
806 201
992 955
595 922
700 869
146 490
244 277
83 447
907 323
435 590
792 597
46 476
236 875
194 556
181 502
126 361
104 338
668 31
896 374
255 393
323 789
265 777
209 67
421 318
940 348
826 479
571 641
261 604
244 884
560 368
739 837
954 803
532 495
114 200
916 983
765 893
975 129
804 343
226 16
423 637
198 574
673 850
963 838
77 222
759 438
64 886
670 822
631 442
451 240
882 161
282 751
520 420
224 190
536 672
480 55
911 697
811 287
167 497
715 933
441 55
883 846
92 843
279 57
496 525
944 821
258 416
322 857
2 544
30 836
272 822
458 960
611 178
888 543
446 730
169 135
703 979
804 63
121 13
909 153
337 429
850 104
397 281
59 481
723 271
417 226
186 690
493 13
685 156
383 325
785 160
943 321
186 298
113 603
365 174
532 505
678 64
99 666
758 84
335 434
535 100
897 845
557 80
689 986
779 921
274 133
14 522
866 990
910 930
67 728
74 650
294 97
753 824
85 103
175 68
351 797
299 817
529 109
261 599
650 606
175 936
646 88
711 254
996 712
522 162
806 228
382 999
721 406
227 927
202 873
107 622
733 40
366 288
390 715
83 310
269 996
816 342
570 577
951 472
465 142
302 23
400 58
872 379
346 539
702 358
594 133
188 541
565 177
605 252
