999 500000
992 103
992 653
992 76
992 258
992 70
992 936
992 270
992 727
992 576
992 494
992 579
992 516
992 953
992 886
992 280
992 531
992 322
992 665
992 931
992 805
992 958
992 188
992 849
992 548
992 856
992 670
992 261
992 914
992 80
992 356
992 14
992 779
992 973
992 809
992 372
992 947
992 905
992 692
992 72
992 315
992 468
992 11
992 773
992 839
992 389
992 271
992 532
992 587
992 313
992 830
992 510
992 491
992 553
992 761
992 871
992 711
992 845
992 97
992 107
992 746
992 580
992 69
992 195
992 386
992 883
992 826
992 131
992 951
992 456
992 988
992 309
992 693
992 948
992 171
992 753
992 236
992 724
992 243
992 955
992 140
992 121
992 799
992 857
992 436
992 169
992 643
992 699
992 781
992 214
992 808
992 771
992 652
992 226
992 894
992 481
992 797
992 837
992 252
992 802
992 48
992 213
992 789
992 521
992 733
992 161
992 318
992 56
992 881
992 160
992 24
992 205
992 829
992 181
992 101
992 463
992 745
992 624
992 715
992 237
992 394
992 167
992 741
992 365
992 123
992 30
992 662
992 872
992 784
992 96
992 297
992 454
992 685
992 155
992 562
992 683
992 557
992 6
992 418
992 249
992 862
992 430
992 221
992 874
992 338
992 627
992 410
992 333
992 747
992 66
992 182
992 757
992 293
992 317
992 597
992 210
992 906
992 569
992 227
992 991
992 546
992 371
992 138
992 279
992 623
992 910
992 572
992 411
992 764
992 266
992 7
992 415
992 142
992 950
992 12
992 331
992 937
992 900
992 558
992 68
992 884
992 399
992 427
992 337
992 818
992 777
992 5
992 725
992 209
992 429
992 606
992 556
992 144
992 154
992 59
992 90
992 486
992 474
992 362
992 535
992 654
992 480
992 433
992 488
992 368
992 23
992 499
992 469
992 899
992 694
992 922
992 518
992 146
992 637
992 424
992 63
992 983
992 630
992 730
992 695
992 613
992 668
992 216
992 158
992 533
992 413
992 321
992 843
992 722
992 704
992 151
992 603
992 256
992 956
992 33
992 812
992 625
992 793
992 485
992 855
992 15
992 660
992 17
992 594
992 259
992 984
992 112
992 177
992 113
992 996
992 844
992 444
992 551
992 128
992 697
992 701
992 721
992 967
992 633
992 500
992 498
992 783
992 975
992 819
992 604
992 31
992 437
992 119
992 220
992 300
992 612
992 921
992 64
992 907
992 459
992 262
992 700
992 310
992 329
992 564
992 9
992 414
992 173
992 136
992 729
992 577
992 475
992 448
992 889
992 400
992 3
992 27
992 170
992 609
992 731
992 806
992 651
992 509
992 455
992 870
992 174
992 549
992 686
992 515
992 147
992 125
992 348
992 492
992 388
992 307
992 620
992 22
992 208
992 672
992 949
992 740
992 471
992 859
992 997
992 684
992 95
992 186
992 968
992 614
992 825
992 986
992 998
992 642
992 735
992 573
992 490
992 751
992 667
992 284
992 976
992 367
992 828
992 972
992 902
992 183
992 98
992 703
992 568
992 963
992 811
992 298
992 82
992 434
992 626
992 732
992 525
992 254
992 363
992 918
992 290
992 462
992 618
992 233
992 228
992 306
992 952
992 247
992 345
992 104
992 689
992 224
992 752
992 253
992 646
992 369
992 528
992 215
992 118
992 303
992 20
992 586
992 204
992 919
992 941
992 305
992 990
992 970
992 754
992 460
992 81
992 191
992 831
992 89
992 287
992 217
992 581
992 517
992 591
992 384
992 589
992 795
992 479
992 815
992 960
992 635
992 617
992 873
992 391
992 644
992 332
992 157
992 435
992 911
992 370
992 470
992 149
992 408
992 230
992 376
992 277
992 137
992 152
992 10
992 314
992 945
992 379
992 622
992 938
992 487
992 342
992 858
992 133
992 175
992 671
992 878
992 728
992 868
992 888
992 744
992 897
992 607
992 775
992 37
992 187
992 106
992 539
992 688
992 493
992 497
992 461
992 34
992 834
992 611
992 312
992 440
992 537
992 927
992 244
992 575
992 139
992 636
992 542
992 32
992 776
992 543
992 634
992 710
992 720
992 74
992 398
992 409
992 380
992 83
992 422
992 383
992 552
992 853
992 396
992 163
992 406
992 801
992 895
992 212
992 250
992 993
992 199
992 473
992 876
992 513
992 832
992 203
992 443
992 366
992 649
992 445
992 605
992 917
992 120
992 565
992 619
992 981
992 814
992 850
992 296
992 330
992 354
992 446
992 929
992 45
992 49
992 482
992 346
992 328
992 425
992 563
992 994
992 928
992 129
992 852
992 179
992 961
992 698
992 836
992 93
992 598
992 117
992 50
992 979
992 912
992 743
992 126
992 489
992 65
992 135
992 807
992 583
992 449
992 55
992 124
992 737
992 465
992 718
992 185
992 276
992 18
992 848
992 817
992 638
992 349
992 766
992 582
992 550
992 679
992 219
992 311
992 770
992 54
992 854
992 913
992 716
992 712
992 926
992 496
992 1
992 132
992 885
992 381
992 792
992 527
992 47
992 944
992 240
992 407
992 798
992 959
992 334
992 165
992 962
992 42
992 800
992 251
992 946
992 523
992 4
992 265
992 769
992 477
992 787
992 168
992 514
992 402
992 288
992 202
992 655
992 658
992 405
992 2
992 987
992 706
992 21
992 538
992 19
992 673
992 756
992 225
992 184
992 127
992 957
992 530
992 682
992 540
992 141
992 666
992 512
992 879
992 242
992 458
992 778
992 786
992 570
992 506
992 351
992 838
992 343
992 502
992 403
992 375
992 60
992 588
992 110
992 289
992 599
992 520
992 659
992 898
992 180
992 821
992 804
992 166
992 903
992 255
992 86
992 324
992 555
992 621
992 835
992 401
992 541
992 40
992 610
992 504
992 478
992 677
992 833
992 39
992 319
992 211
992 439
992 295
992 57
992 891
992 823
992 574
992 268
992 452
992 58
992 723
992 875
992 840
992 939
992 590
992 52
992 708
992 748
992 768
992 302
992 663
992 150
992 495
992 749
992 985
992 681
992 759
992 421
992 923
992 320
992 954
992 608
992 794
992 347
992 416
992 615
992 352
992 269
992 920
992 88
992 561
992 13
992 810
992 867
992 742
992 350
992 641
992 964
992 102
992 631
992 765
992 705
992 115
992 678
992 46
992 803
992 355
992 336
992 292
992 223
992 272
992 111
992 51
992 935
992 545
992 43
992 726
992 378
992 772
992 198
992 234
992 453
992 847
992 503
992 29
992 417
992 35
992 882
992 866
992 426
992 335
992 640
992 578
992 392
992 374
992 841
992 109
992 53
992 281
992 299
992 925
992 99
992 674
992 442
992 304
992 428
992 519
992 864
992 657
992 67
992 353
992 791
992 755
992 785
992 916
992 507
992 275
992 267
992 286
992 560
992 820
992 861
992 41
992 616
992 707
992 860
992 358
992 739
992 78
992 36
992 893
992 246
992 344
992 529
992 16
992 308
992 511
992 669
992 61
992 130
992 239
992 450
992 467
992 420
992 969
992 880
992 457
992 438
992 116
992 522
992 143
992 851
992 977
992 501
992 248
992 890
992 762
992 229
992 397
992 359
992 197
992 645
992 865
992 690
992 404
992 134
992 393
992 824
992 602
992 241
992 238
992 687
992 145
992 505
992 419
992 285
992 816
992 8
992 822
992 357
992 790
992 782
992 675
992 162
992 122
992 629
992 423
992 648
992 373
992 877
992 934
992 980
992 206
992 73
992 940
992 846
992 584
992 813
992 971
992 593
992 978
992 360
992 190
992 464
992 325
992 108
992 85
992 114
992 567
992 774
992 264
992 534
992 734
992 294
992 91
992 432
992 483
992 235
992 340
992 736
992 676
992 274
992 796
992 714
992 148
992 412
992 159
992 339
992 178
992 26
992 680
992 999
992 156
992 788
992 218
992 466
992 377
992 189
992 385
992 192
992 924
992 326
992 887
992 193
992 909
992 260
992 559
992 105
992 702
992 71
992 896
992 75
992 341
992 164
992 194
992 763
992 933
992 395
992 441
992 44
992 544
992 390
992 77
992 327
992 263
992 904
992 738
992 232
992 207
992 596
992 231
992 908
992 176
992 656
992 100
992 536
992 661
992 592
992 447
992 647
992 526
992 566
992 869
992 717
992 863
992 316
992 595
992 87
992 758
992 709
992 222
992 901
992 974
992 472
992 760
992 943
992 172
992 585
992 25
992 273
992 92
992 995
992 476
992 982
992 291
992 691
992 200
992 628
992 153
992 932
992 364
992 713
992 915
992 780
992 842
992 696
992 750
992 664
992 282
992 484
992 966
992 524
992 79
992 84
992 601
992 387
992 554
992 827
992 600
992 301
992 965
992 767
992 632
992 278
992 323
992 196
992 283
992 989
992 382
992 719
992 451
992 245
992 28
992 892
992 571
992 942
992 508
992 639
992 361
992 94
992 38
992 257
992 201
992 431
992 62
992 930
992 547
992 650
