999 500000
948 444
948 849
444 67
67 665
67 773
665 311
665 376
311 489
489 875
489 713
489 562
875 284
875 470
284 62
62 446
62 234
62 313
62 260
62 252
62 289
446 951
446 934
951 358
951 612
951 285
358 931
358 672
931 877
877 734
734 208
208 439
439 603
439 698
603 811
603 538
811 449
449 693
449 332
693 107
107 267
107 847
267 649
267 483
649 971
971 872
872 717
872 204
872 463
717 661
717 117
661 525
661 792
661 162
525 943
525 315
525 151
943 585
943 380
585 879
585 214
879 853
879 373
879 22
853 602
853 425
853 251
853 922
853 803
602 324
324 559
324 410
324 306
324 761
559 495
559 541
559 937
559 687
495 459
459 80
459 854
80 279
80 374
279 406
406 858
858 220
220 918
918 5
5 307
5 636
5 506
307 94
307 173
307 440
94 757
94 187
94 384
94 729
94 197
757 746
757 583
746 242
746 120
242 644
644 755
755 287
755 377
287 39
287 160
287 816
39 736
39 310
39 828
39 700
736 842
842 869
869 218
869 286
218 450
218 874
450 129
450 721
129 658
129 224
658 61
61 511
61 112
511 184
511 392
184 614
614 891
614 783
614 296
891 201
201 880
201 119
201 577
880 40
880 82
880 213
40 85
40 606
40 748
40 965
85 914
85 91
914 28
914 402
28 175
175 542
542 923
542 991
923 180
923 396
923 887
180 643
180 648
643 688
688 359
688 190
359 246
359 130
246 935
935 106
935 780
106 759
106 824
759 866
866 210
866 240
210 238
210 802
210 767
238 476
238 236
238 10
238 804
476 625
625 467
625 293
467 798
798 257
257 641
641 689
689 60
60 41
60 414
41 225
41 716
225 723
723 561
723 4
561 183
561 221
561 409
561 611
183 910
183 170
910 368
910 635
910 485
368 890
368 343
890 865
865 282
282 774
282 655
282 558
774 362
774 171
362 899
362 66
362 987
362 870
899 333
899 908
899 416
333 79
333 830
333 400
333 447
79 710
79 765
710 328
710 777
710 454
328 862
328 564
328 916
862 206
862 23
206 283
283 868
283 445
868 442
442 312
312 81
312 19
81 360
81 226
81 464
360 188
360 304
360 322
360 507
188 352
188 920
188 378
352 789
352 95
352 49
789 458
789 972
458 461
461 929
929 339
929 630
339 671
339 169
339 141
339 57
671 678
678 968
678 984
678 486
968 962
962 482
962 2
962 18
482 967
482 953
967 26
967 856
26 323
26 262
323 731
731 419
419 421
419 523
421 108
108 889
889 245
245 659
659 896
659 12
659 604
896 535
896 281
896 836
896 401
896 74
535 203
535 550
203 629
203 64
629 98
629 217
629 573
98 702
98 778
702 341
702 784
341 403
341 102
403 127
403 764
127 988
127 69
988 319
319 78
319 237
319 859
78 663
663 499
663 843
663 349
499 143
499 770
499 484
499 179
143 478
478 756
478 857
478 782
756 68
68 677
68 209
677 925
677 177
677 545
677 520
677 370
925 946
946 244
946 684
244 694
244 110
694 533
694 669
533 939
939 243
939 610
243 516
516 692
516 109
692 508
692 695
692 75
692 70
508 14
14 334
14 465
14 271
14 909
14 955
334 549
549 751
549 211
751 487
751 627
751 230
487 766
487 917
766 945
766 347
766 391
766 617
945 305
305 898
305 29
305 259
898 472
898 851
472 595
472 786
595 336
595 89
336 303
336 448
336 420
336 605
303 837
837 174
837 534
174 752
174 882
752 45
752 769
45 469
45 861
45 404
45 144
469 438
469 846
469 801
469 719
438 13
438 369
13 790
13 277
13 772
790 314
314 178
178 353
353 873
353 351
353 136
873 153
873 288
873 536
153 680
680 137
680 579
137 375
137 818
375 958
375 814
958 207
958 841
958 361
207 157
157 637
157 186
637 840
637 71
637 650
637 407
840 9
9 147
9 87
9 223
147 632
147 810
632 424
632 697
424 864
864 139
864 626
139 124
139 771
124 30
124 42
124 979
30 532
532 331
331 423
331 192
331 36
331 762
331 582
331 557
423 646
646 795
795 429
795 724
429 652
429 514
652 105
652 415
105 624
105 316
105 346
624 829
624 932
829 248
829 975
829 553
829 921
248 479
248 832
479 417
417 664
664 983
983 25
983 930
983 131
25 193
193 878
193 793
878 990
990 892
892 164
892 569
892 555
892 299
164 32
164 947
32 189
189 823
189 737
823 38
38 667
38 115
667 876
667 7
876 670
876 787
876 749
876 84
670 900
670 494
900 978
900 699
900 894
978 850
978 981
978 275
850 199
850 758
199 744
199 905
199 1
744 838
744 999
838 155
155 93
155 355
93 161
93 584
93 591
161 390
390 198
390 668
198 172
198 430
198 453
198 383
198 100
172 250
172 308
172 526
250 344
250 321
344 906
906 845
906 539
845 72
72 812
72 31
812 159
812 366
159 986
159 435
986 51
51 83
83 722
83 413
83 512
722 389
722 498
722 50
389 739
389 642
739 522
522 231
231 497
497 705
497 205
705 546
705 957
546 146
146 167
146 219
167 715
167 196
715 628
715 794
715 833
715 367
628 741
628 575
741 135
741 101
135 473
135 182
135 504
473 309
473 735
309 985
309 631
985 63
985 163
63 728
728 149
728 590
728 768
149 317
149 503
317 691
691 634
691 6
691 607
634 718
634 992
634 927
718 996
996 405
996 568
996 90
996 493
405 145
145 33
145 904
145 272
145 819
33 363
363 563
363 88
363 928
563 902
563 950
902 848
848 924
924 855
855 496
496 47
496 202
47 460
460 11
460 543
11 679
11 274
679 509
679 76
509 490
509 690
490 640
640 820
820 513
820 27
820 431
513 158
513 386
158 428
428 959
428 580
428 381
959 704
959 613
704 618
618 241
618 596
241 893
893 418
893 58
418 941
418 976
418 56
941 901
941 871
941 881
901 327
327 122
327 944
327 529
327 673
122 468
122 21
122 903
468 96
96 747
96 615
96 364
96 73
747 500
500 295
500 897
295 53
295 181
53 884
53 594
884 121
884 674
121 474
121 270
474 963
474 915
963 501
963 265
963 552
501 133
133 662
133 791
662 732
732 685
732 639
732 588
732 919
685 92
685 263
92 34
92 239
92 216
92 616
34 623
34 492
623 156
156 806
156 750
806 395
395 574
574 379
574 519
379 912
912 621
621 427
427 212
212 675
212 808
212 52
212 740
212 599
212 867
675 54
54 340
340 269
269 134
269 653
134 411
411 232
232 888
232 570
232 451
232 350
888 278
888 885
888 530
278 387
387 726
726 276
726 745
276 254
276 330
276 8
254 980
254 754
980 926
980 954
926 844
926 788
844 895
844 517
895 261
895 960
261 651
651 437
651 103
651 422
437 393
393 382
393 491
382 300
382 138
382 799
300 709
300 743
709 502
709 408
709 581
502 290
290 560
290 696
560 86
86 294
86 567
86 253
294 593
593 266
593 576
266 720
266 462
266 863
266 940
720 3
3 329
329 456
456 556
556 357
357 815
815 907
907 707
707 65
707 708
65 647
647 348
348 99
348 222
348 291
99 335
335 298
298 16
16 609
16 515
609 619
619 817
619 913
619 598
817 142
142 733
142 434
142 969
733 886
886 706
706 738
738 228
738 521
738 703
738 268
738 104
228 592
592 540
540 20
20 443
20 455
20 111
443 372
372 681
372 524
681 597
597 544
597 964
544 77
544 152
77 457
77 601
77 200
457 821
457 982
821 59
821 725
821 302
821 654
59 258
59 235
258 974
258 753
974 785
785 114
785 852
785 264
114 518
114 633
518 835
835 537
835 426
835 480
835 397
835 800
537 760
760 548
548 589
589 742
589 547
742 35
742 247
35 527
35 37
527 326
527 994
326 128
128 43
128 779
128 826
43 510
43 280
510 797
797 686
797 676
797 638
686 140
686 154
686 195
140 998
140 320
998 185
998 825
998 436
185 822
822 666
666 551
666 587
666 194
551 255
551 622
551 961
255 531
531 412
531 730
412 949
949 683
683 318
318 712
318 813
712 477
712 831
477 55
55 727
55 297
55 966
55 123
727 441
727 620
441 325
441 365
325 126
325 807
126 989
126 116
989 911
911 15
15 398
398 176
398 839
398 215
176 150
176 191
150 952
150 48
952 46
46 345
345 956
345 388
345 701
956 125
956 834
956 711
125 17
17 714
17 528
17 995
714 860
714 292
860 973
973 645
973 656
645 342
342 565
342 166
565 227
227 475
227 805
475 118
475 371
475 256
118 586
586 776
586 933
586 354
776 165
776 229
165 432
165 571
432 505
432 796
505 977
977 942
977 356
977 682
942 936
942 385
942 337
936 827
936 938
827 883
827 471
827 466
883 132
132 657
132 488
132 554
657 301
657 781
301 608
608 993
993 97
993 148
97 452
97 970
452 394
452 44
452 566
394 113
394 809
113 399
399 997
399 433
997 660
997 338
660 578
578 249
578 763
249 168
168 233
168 481
233 775
233 273
775 572
775 24
775 600
