999 500000
82 364
82 423
364 120
364 327
423 900
423 168
120 299
120 89
327 239
327 307
900 163
900 346
168 661
168 492
299 858
299 767
89 100
89 443
239 413
239 53
307 353
307 481
163 348
163 576
346 724
346 547
661 87
661 994
492 435
492 770
858 77
858 550
767 302
767 748
100 665
100 507
443 996
443 308
413 137
413 23
53 587
53 395
353 649
353 436
481 185
481 925
348 186
348 826
576 833
576 869
724 455
724 988
547 910
547 570
87 13
87 322
994 297
994 648
435 500
435 763
770 124
770 744
77 998
77 372
550 712
550 253
302 678
302 714
748 672
748 629
665 915
665 17
507 993
507 256
996 336
996 164
308 926
308 841
137 592
137 293
23 175
23 282
587 764
587 178
395 300
395 594
649 652
649 626
436 316
436 385
185 818
185 951
925 846
925 977
186 710
186 608
826 862
826 363
833 405
833 975
869 981
869 732
455 246
455 415
988 986
988 31
910 391
910 343
570 411
570 948
13 824
13 26
322 642
322 238
297 861
297 687
648 535
648 803
500 102
500 636
763 526
763 64
124 194
124 85
744 913
744 416
998 362
998 897
372 630
372 301
712 945
712 115
253 93
253 844
678 18
678 809
714 91
714 74
672 125
672 704
629 702
629 38
915 949
915 504
17 7
17 930
993 476
993 585
256 341
256 562
336 358
336 733
164 677
164 866
926 856
926 434
841 339
841 70
592 840
592 151
293 171
293 865
175 542
175 95
282 931
282 219
764 284
764 160
178 66
178 615
300 350
300 619
594 540
594 485
652 184
652 414
626 645
626 772
316 274
316 430
385 614
385 437
818 924
818 749
951 121
951 940
846 365
846 603
977 791
977 957
710 332
710 211
608 829
608 855
862 717
862 292
363 660
363 51
405 257
405 958
975 901
975 864
981 39
981 450
732 895
732 912
246 1
246 236
415 90
415 792
986 81
986 689
31 512
31 383
391 229
391 377
343 78
343 378
411 96
411 516
948 334
948 472
824 742
824 40
26 992
26 439
642 27
642 581
238 525
238 883
861 407
861 28
687 906
687 777
535 804
535 218
803 19
803 190
102 128
102 110
636 779
636 417
526 569
526 693
64 643
64 454
194 971
194 938
85 946
85 400
913 705
913 237
416 515
416 357
362 388
362 474
897 200
897 529
630 262
630 972
301 130
301 8
945 199
945 627
115 680
115 720
93 879
93 181
844 894
844 908
18 884
18 740
809 851
809 737
91 170
91 281
74 54
74 613
125 173
125 207
704 902
704 816
702 734
702 611
38 107
38 692
949 698
949 359
504 976
504 760
7 602
7 703
930 117
930 668
476 885
476 848
585 177
585 541
341 45
341 831
562 741
562 43
358 572
358 775
733 279
733 104
677 224
677 451
866 245
866 825
856 964
856 155
434 71
434 989
339 561
339 863
70 618
70 380
840 497
840 634
151 860
151 591
171 267
171 590
865 838
865 112
542 513
542 888
95 84
95 44
931 849
931 271
219 758
219 551
284 813
284 410
160 313
160 815
66 134
66 409
615 890
615 914
350 954
350 427
619 101
619 575
540 419
540 352
485 635
485 422
184 697
184 907
414 144
414 458
645 774
645 32
772 539
772 847
274 823
274 985
430 583
430 527
614 937
614 882
437 878
437 106
924 707
924 159
749 663
749 306
121 713
121 468
940 638
940 544
365 261
365 721
603 819
603 94
791 769
791 182
957 980
957 999
332 209
332 783
211 33
211 814
829 566
829 867
855 644
855 597
717 780
717 612
292 212
292 728
660 232
660 836
51 482
51 800
257 821
257 147
958 489
958 771
901 3
901 431
864 241
864 979
39 922
39 349
450 457
450 321
895 157
895 905
912 850
912 874
1 793
1 342
236 368
236 911
90 620
90 880
792 801
792 418
81 488
81 835
689 86
689 628
512 657
512 916
383 309
383 208
229 289
229 141
377 564
377 222
78 221
78 947
378 718
378 899
96 616
96 172
516 386
516 370
334 589
334 259
472 277
472 827
742 254
742 406
40 133
40 250
992 41
992 622
439 956
439 695
27 217
27 20
581 269
581 765
525 311
525 708
883 560
883 310
407 659
407 974
28 153
28 148
906 552
906 198
777 280
777 968
804 196
804 165
218 843
218 960
19 553
19 204
190 766
190 480
128 632
128 46
110 92
110 790
779 684
779 959
417 918
417 505
569 97
569 533
693 593
693 919
643 545
643 109
454 567
454 609
971 356
971 392
938 369
938 230
946 797
946 373
400 447
400 664
705 375
705 696
237 970
237 681
515 490
515 58
357 354
357 291
388 202
388 330
474 536
474 473
200 969
200 72
529 152
529 225
262 730
262 113
972 936
972 494
130 325
130 24
8 47
8 461
199 683
199 240
627 37
627 345
680 57
680 573
720 314
720 129
879 50
879 315
181 871
181 820
894 412
894 12
908 317
908 875
884 679
884 795
740 103
740 298
851 264
851 367
737 579
737 432
170 477
170 887
281 272
281 452
54 290
54 399
613 891
613 495
173 249
173 731
207 990
207 403
902 966
902 586
816 502
816 807
734 319
734 63
611 595
611 475
107 426
107 376
692 950
692 688
698 965
698 487
359 639
359 126
976 233
976 287
760 479
760 469
602 320
602 49
703 935
703 757
117 263
117 214
668 16
668 361
885 518
885 559
848 854
848 558
177 788
177 929
541 736
541 162
45 786
45 991
831 571
831 588
741 709
741 962
43 203
43 781
572 934
572 621
775 631
775 955
279 773
279 154
104 328
104 903
224 156
224 118
451 600
451 34
245 35
245 676
825 520
825 166
964 870
964 756
155 746
155 511
71 36
71 486
989 381
989 546
561 978
561 852
863 384
863 580
618 9
618 88
380 213
380 543
497 963
497 428
634 745
634 898
860 655
860 251
591 374
591 176
267 722
267 617
590 917
590 685
838 382
838 810
112 534
112 842
513 762
513 347
888 143
888 942
84 456
84 501
44 188
44 80
849 640
849 568
271 460
271 265
758 506
758 778
551 715
551 360
813 195
813 889
410 598
410 444
313 671
313 453
815 686
815 690
134 227
134 235
409 729
409 503
890 333
890 625
914 784
914 142
954 997
954 179
427 205
427 440
101 920
101 601
575 401
575 761
419 548
419 288
352 524
352 324
635 247
635 123
422 578
422 995
697 701
697 55
907 335
907 404
144 275
144 565
458 727
458 904
774 61
774 323
32 98
32 329
539 953
539 944
847 167
847 928
823 522
823 116
985 782
985 607
583 768
583 673
527 896
527 470
937 493
937 654
882 421
882 610
878 387
878 438
106 122
106 242
707 389
707 832
159 231
159 68
663 666
663 294
306 465
306 4
713 723
713 59
468 183
468 514
638 662
638 449
544 351
544 255
261 830
261 726
721 366
721 471
819 459
819 933
94 881
94 273
769 752
769 161
182 983
182 285
980 859
980 716
999 65
999 508
209 699
209 270
783 656
783 868
33 283
33 158
814 135
814 429
566 466
566 982
867 75
867 191
644 839
644 556
597 73
597 641
780 52
780 139
612 30
612 42
212 258
212 909
728 584
728 478
232 187
232 923
836 808
836 604
482 99
482 498
800 811
800 822
821 532
821 132
147 393
147 442
489 554
489 326
771 984
771 873
3 248
3 719
431 877
431 371
241 131
241 798
979 105
979 355
922 226
922 647
349 286
349 921
457 390
457 834
321 462
321 787
157 424
157 939
905 796
905 802
850 675
850 941
874 549
874 463
793 706
793 67
342 276
342 234
368 69
368 577
911 60
911 837
620 857
620 296
880 62
880 216
801 669
801 624
418 755
418 467
488 754
488 338
835 312
835 174
86 146
86 582
628 633
628 893
657 623
657 420
916 555
916 29
309 22
309 531
208 425
208 408
289 658
289 331
141 876
141 845
564 509
564 491
222 828
222 927
221 674
221 25
947 738
947 398
718 79
718 114
899 973
899 596
616 260
616 340
172 785
172 725
386 528
386 943
370 753
370 396
589 244
589 691
259 337
259 56
277 138
277 127
827 201
827 2
254 646
254 210
406 11
406 483
133 303
133 252
250 318
250 119
41 215
41 574
622 243
622 967
956 510
956 76
695 108
695 739
217 496
217 750
20 220
20 892
269 523
269 670
765 5
765 682
311 538
311 189
708 344
708 136
560 751
560 872
310 961
310 747
659 794
659 111
974 805
974 83
153 193
153 15
148 180
148 305
552 394
552 537
198 484
198 445
280 806
280 48
968 448
968 563
196 464
196 446
165 637
165 268
843 433
843 192
960 952
960 206
553 21
553 530
204 379
204 517
766 759
766 557
480 145
480 266
632 521
632 402
46 789
46 653
92 304
92 743
790 650
790 140
684 169
684 223
959 711
959 228
918 150
918 817
505 599
505 987
97 700
97 519
533 667
533 499
593 14
593 197
919 397
919 651
545 853
545 605
109 149
109 812
567 606
567 694
609 886
609 932
356 295
356 735
392 6
392 799
369 776
369 10
230 278
230 441
