999 500000
344 898
898 824
824 202
202 179
179 175
175 188
188 13
13 782
782 34
34 415
415 316
316 551
551 76
76 214
214 600
600 354
354 564
564 51
51 439
439 895
895 35
35 342
342 908
908 677
677 338
338 699
699 719
719 326
326 659
659 483
483 669
669 85
85 50
50 332
332 498
498 657
657 464
464 184
184 126
126 998
998 143
143 991
991 683
683 512
512 610
610 788
788 323
323 893
893 462
462 545
545 585
585 809
809 254
254 606
606 15
15 98
98 259
259 377
377 747
747 525
525 598
598 153
153 883
883 860
860 109
109 737
737 750
750 973
973 460
460 928
928 452
452 937
937 656
656 529
529 80
80 900
900 586
586 666
666 448
448 362
362 566
566 48
48 854
854 163
163 438
438 619
619 632
632 87
87 435
435 521
521 775
775 329
329 688
688 24
24 974
974 158
158 835
835 263
263 509
509 186
186 138
138 907
907 282
282 399
399 642
642 97
97 927
927 346
346 708
708 990
990 103
103 92
92 830
830 262
262 696
696 375
375 922
922 589
589 856
856 511
511 626
626 751
751 467
467 738
738 258
258 38
38 648
648 62
62 424
424 506
506 204
204 767
767 368
368 444
444 276
276 841
841 777
777 748
748 339
339 222
222 293
293 894
894 112
112 976
976 273
273 739
739 314
314 874
874 26
26 18
18 850
850 288
288 730
730 251
251 319
319 884
884 712
712 461
461 286
286 465
465 394
394 383
383 639
639 813
813 45
45 270
270 578
578 981
981 655
655 644
644 215
215 638
638 629
629 684
684 408
408 480
480 609
609 958
958 559
559 261
261 311
311 304
304 466
466 69
69 119
119 471
471 499
499 800
800 524
524 831
831 740
740 766
766 364
364 72
72 576
576 379
379 779
779 837
837 680
680 686
686 872
872 786
786 488
488 753
753 312
312 52
52 489
489 393
393 278
278 116
116 458
458 547
547 118
118 37
37 53
53 733
733 577
577 403
403 485
485 327
327 292
292 942
942 156
156 836
836 882
882 443
443 497
497 989
989 714
714 238
238 105
105 986
986 745
745 889
889 111
111 61
61 28
28 575
575 191
191 264
264 250
250 827
827 869
869 919
919 924
924 398
398 944
944 731
731 363
363 127
127 574
574 687
687 349
349 954
954 787
787 81
81 193
193 231
231 946
946 783
783 640
640 916
916 89
89 274
274 321
321 519
519 192
192 340
340 469
469 11
11 867
867 821
821 913
913 723
723 920
920 335
335 115
115 417
417 17
17 903
903 266
266 102
102 938
938 815
815 390
390 385
385 554
554 510
510 180
180 761
761 744
744 693
693 504
504 520
520 269
269 457
457 66
66 296
296 771
771 454
454 249
249 802
802 137
137 125
125 914
914 548
548 701
701 947
947 846
846 423
423 752
752 994
994 646
646 300
300 218
218 624
624 834
834 108
108 472
472 223
223 237
237 470
470 412
412 211
211 59
59 473
473 866
866 128
128 487
487 84
84 43
43 565
565 917
917 791
791 131
131 667
667 220
220 141
141 411
411 159
159 542
542 360
360 71
71 918
918 345
345 357
357 718
718 711
711 765
765 496
496 879
879 407
407 325
325 205
205 381
381 825
825 140
140 402
402 387
387 450
450 960
960 30
30 816
816 366
366 337
337 434
434 770
770 114
114 840
840 437
437 961
961 146
146 73
73 651
651 863
863 607
607 557
557 449
449 672
672 63
63 957
957 369
369 350
350 635
635 77
77 241
241 608
608 539
539 558
558 106
106 678
678 16
16 161
161 528
528 720
720 382
382 44
44 682
682 902
902 279
279 746
746 676
676 246
246 475
475 260
260 618
618 502
502 780
780 790
790 1
1 993
993 516
516 880
880 897
897 277
277 925
925 19
19 736
736 847
847 219
219 742
742 862
862 463
463 803
803 977
977 781
781 64
64 322
322 590
590 801
801 392
392 984
984 901
901 356
356 756
756 556
556 912
912 877
877 100
100 627
627 291
291 478
478 910
910 162
162 194
194 798
798 541
541 189
189 436
436 160
160 671
671 298
298 468
468 208
208 828
828 271
271 553
553 31
31 240
240 328
328 134
134 707
707 560
560 181
181 507
507 404
404 673
673 754
754 348
348 959
959 784
784 584
584 536
536 456
456 823
823 433
433 173
173 166
166 501
501 631
631 95
95 692
692 505
505 735
735 602
602 773
773 980
980 857
857 336
336 943
943 971
971 359
359 842
842 20
20 755
755 997
997 832
832 352
68 226
68 376
68 886
68 949
68 540
68 361
68 983
68 878
68 881
68 373
68 523
68 582
68 592
68 987
68 681
68 713
68 199
68 572
68 294
68 212
68 388
68 280
68 178
68 239
68 169
68 845
68 807
68 647
68 654
68 792
68 697
68 581
68 200
68 221
68 709
68 176
68 820
68 164
68 945
68 347
68 139
68 284
68 950
68 546
68 531
68 843
68 762
68 622
68 406
68 88
68 658
68 533
68 4
68 151
68 728
68 749
68 698
68 615
68 145
68 409
68 923
68 70
68 285
68 630
68 851
68 975
68 113
68 852
68 144
68 303
68 952
68 171
68 844
68 636
68 150
68 811
68 49
68 46
68 142
68 896
68 549
68 320
68 307
68 552
68 570
68 868
68 691
68 243
68 936
68 992
68 933
68 617
68 58
68 248
68 810
68 650
68 705
68 2
68 818
68 22
68 839
68 12
68 290
68 588
68 583
68 287
68 967
68 65
68 429
68 410
68 953
68 317
68 995
68 440
68 905
68 74
68 875
68 302
68 663
68 514
68 940
68 225
68 421
68 706
68 185
68 690
68 492
68 252
68 597
68 561
68 956
68 267
68 999
68 224
68 817
68 210
68 129
68 391
68 955
68 351
68 355
68 310
68 774
68 873
68 197
68 47
68 568
68 562
68 759
68 595
68 613
68 152
68 527
68 365
68 670
68 890
68 979
68 177
68 198
68 808
68 948
68 623
68 5
68 876
68 904
68 513
68 544
68 104
68 604
68 982
68 885
68 793
68 858
68 612
68 331
68 425
68 442
68 358
68 679
68 196
68 9
68 926
68 518
68 637
68 503
68 764
68 703
68 75
68 414
68 315
68 965
68 579
68 187
68 532
68 255
68 486
68 157
68 887
68 25
68 772
68 90
68 172
68 353
68 117
68 796
68 400
68 121
68 308
68 453
68 855
68 268
68 826
68 7
68 57
68 819
68 702
68 727
68 36
68 432
68 427
68 838
68 3
68 555
68 56
68 380
68 674
68 78
68 216
68 932
68 295
68 543
68 491
68 306
68 476
68 662
68 82
68 700
68 776
68 446
68 313
68 386
68 909
68 123
68 799
68 760
68 447
68 422
68 715
68 8
68 165
68 228
68 93
68 934
68 14
68 906
68 726
68 743
68 848
68 930
68 256
68 229
68 155
68 596
68 29
68 132
68 101
68 804
68 964
68 170
68 91
68 493
68 853
68 891
68 758
68 227
68 441
68 289
68 283
68 201
68 32
68 341
68 378
68 985
68 500
68 281
68 594
68 641
68 86
68 864
68 661
68 265
68 968
68 522
68 324
68 620
68 213
68 299
68 704
68 550
68 915
68 660
68 963
68 587
68 721
68 206
68 96
68 236
68 23
68 649
68 136
68 130
68 911
68 935
68 614
68 716
68 374
68 60
68 477
68 334
68 419
68 757
68 275
68 235
68 10
68 508
68 722
68 40
68 217
68 110
68 812
68 591
68 384
68 871
68 941
68 33
68 768
68 230
68 147
68 330
68 333
68 479
68 603
68 849
68 695
68 517
68 616
68 538
68 490
68 305
68 431
68 778
68 645
68 481
68 685
68 535
68 710
68 962
68 124
68 515
68 397
68 611
68 67
68 459
68 689
68 929
68 474
68 951
68 966
68 203
68 484
68 724
68 233
68 599
68 167
68 168
68 54
68 413
68 734
68 343
68 625
68 79
68 725
68 593
68 675
68 921
68 567
68 789
68 795
68 209
68 416
68 806
68 526
68 563
68 969
68 494
68 148
68 99
68 149
68 729
68 694
68 426
68 988
68 405
68 183
68 833
68 245
68 451
68 389
68 652
68 395
68 83
68 396
68 27
68 892
68 822
68 569
68 430
68 234
68 253
68 371
68 370
68 653
68 633
68 732
68 41
68 242
68 455
68 182
68 899
68 664
68 6
68 21
68 133
68 257
68 797
68 805
68 865
68 785
68 573
68 763
68 741
68 420
68 972
68 829
68 244
68 195
68 861
68 931
68 769
68 534
68 94
68 601
68 445
68 870
68 605
68 571
68 174
68 247
68 297
68 301
68 55
68 634
68 580
68 272
68 495
68 621
68 530
68 482
68 207
68 970
68 39
68 190
68 122
68 643
68 107
68 794
68 939
68 309
68 318
68 232
68 814
68 428
68 120
68 418
68 888
68 717
68 996
68 42
68 154
68 367
68 628
68 978
68 401
68 135
68 372
68 537
68 859
68 665
68 668
344 68
