999 500000
611 317
317 288
288 392
392 326
326 371
371 846
846 679
679 377
377 276
276 55
55 9
9 352
352 523
523 834
834 220
220 166
166 80
80 345
345 184
184 974
974 305
305 236
236 324
324 256
256 293
293 363
363 841
841 106
106 478
478 801
240 406
240 349
240 690
240 243
240 582
240 623
240 59
240 912
240 592
240 984
240 83
240 612
240 280
240 340
240 225
240 511
240 740
240 692
240 818
240 217
240 751
240 211
240 81
240 775
240 419
240 125
240 772
240 331
240 202
240 525
240 157
240 228
240 315
240 795
240 94
240 873
240 905
240 222
240 856
240 336
240 770
240 420
240 70
240 578
240 926
240 156
240 921
240 78
240 177
240 900
240 747
240 181
240 700
240 464
240 642
240 424
240 333
240 697
240 871
240 600
240 82
240 198
240 510
240 953
240 748
240 223
240 784
240 148
240 221
240 552
240 261
240 537
240 88
240 572
240 479
240 615
240 443
240 574
240 710
240 389
240 946
240 287
240 454
240 972
240 728
240 447
240 859
240 842
240 787
240 581
240 128
240 441
240 203
240 683
240 179
240 462
240 976
240 414
240 151
240 409
240 306
240 116
240 209
240 450
240 93
240 861
240 297
240 638
240 869
240 427
240 922
240 591
240 216
240 622
240 263
240 989
240 415
240 693
240 381
240 588
240 121
240 370
240 218
240 87
240 575
240 207
240 949
240 658
240 735
240 840
240 291
240 253
240 789
240 598
240 820
240 309
240 983
240 410
240 712
240 587
240 966
240 230
240 491
240 379
240 813
240 201
240 418
240 407
240 741
240 571
240 711
240 942
240 547
240 72
240 60
240 565
240 11
240 190
240 98
240 730
240 204
240 33
240 471
240 39
240 935
240 744
240 117
240 149
240 929
240 766
240 173
240 328
240 783
240 528
240 663
240 954
240 250
240 502
240 916
240 584
240 357
240 465
240 760
240 75
240 848
240 57
240 488
240 590
240 84
240 286
240 534
240 814
240 596
240 231
240 212
240 342
240 773
240 597
240 237
240 438
240 980
240 378
240 111
240 682
240 67
240 235
240 913
240 843
240 477
240 977
240 50
240 665
240 495
240 805
240 362
240 867
240 401
240 738
240 721
240 367
240 506
240 604
240 563
240 4
240 707
240 90
240 579
240 100
240 643
240 860
240 258
240 89
240 281
240 480
240 496
240 767
240 385
240 888
240 459
240 646
240 508
240 893
240 341
240 289
240 659
240 13
240 219
240 553
240 548
240 555
240 607
240 779
240 763
240 684
240 988
240 689
240 110
240 195
240 870
240 191
240 206
240 21
240 532
240 645
240 958
240 325
240 631
240 634
240 482
240 727
240 426
240 940
240 470
240 777
240 294
240 364
240 680
240 161
240 369
240 718
240 602
240 713
240 199
240 215
240 483
240 292
240 444
240 301
240 56
240 943
240 163
240 214
240 826
240 962
240 606
240 674
240 827
240 132
240 241
240 895
240 901
240 881
240 737
240 334
240 778
240 433
240 155
240 335
240 924
240 109
240 621
240 490
240 647
240 481
240 489
240 311
240 521
240 138
240 314
240 904
240 768
240 165
240 137
240 268
240 321
240 374
240 318
240 961
240 599
240 609
240 396
240 593
240 152
240 403
240 839
240 762
240 852
240 536
240 265
240 131
240 671
240 16
240 45
240 136
240 178
240 688
240 899
240 53
240 278
240 854
240 147
240 765
240 685
240 746
240 654
240 319
240 577
240 704
240 975
240 431
240 515
240 430
240 246
240 366
240 724
240 844
240 310
240 564
240 932
240 939
240 35
240 346
240 925
240 792
240 96
240 65
240 583
240 234
240 133
240 242
240 626
240 373
240 714
240 993
240 356
240 876
240 348
240 702
240 169
240 5
240 196
240 794
240 500
240 358
240 63
240 667
240 226
240 397
240 829
240 788
240 15
240 188
240 425
240 957
240 758
240 539
240 122
240 863
240 725
240 749
240 74
240 213
240 641
240 120
240 270
240 271
240 416
240 886
240 499
240 681
240 808
240 771
240 232
240 973
240 877
240 660
240 312
240 698
240 776
240 274
240 636
240 732
240 197
240 836
240 428
240 678
240 892
240 530
240 906
240 999
240 719
240 656
240 449
240 244
240 561
240 210
240 435
240 764
240 927
240 393
240 991
240 29
240 386
240 866
240 119
240 102
240 194
240 332
240 969
240 112
240 388
240 613
240 353
240 448
240 664
240 429
240 733
240 845
240 694
240 118
240 248
240 546
240 390
240 30
240 439
240 52
240 259
240 914
240 411
240 545
240 58
240 343
240 162
611 240
819 167
819 142
819 650
819 828
819 446
819 413
819 115
819 61
819 967
819 62
819 92
819 159
819 830
819 851
819 531
819 391
819 475
819 329
819 79
819 417
819 284
819 672
819 193
819 359
819 527
819 520
819 964
819 509
819 560
819 205
819 544
819 338
819 833
819 387
819 337
819 484
819 445
819 911
819 23
819 686
819 24
819 154
819 614
819 594
819 455
819 586
819 948
819 522
819 756
819 34
819 706
819 745
819 296
819 815
819 890
819 858
819 40
819 129
819 468
819 624
819 979
819 497
819 757
819 837
819 655
819 857
819 796
819 398
819 19
819 144
819 41
819 742
819 38
819 86
819 708
819 247
819 883
819 910
819 47
819 885
819 37
819 887
819 951
819 187
819 492
819 14
819 928
819 504
819 262
819 785
819 498
819 442
819 285
819 986
819 175
819 938
819 936
819 526
819 46
819 755
819 786
819 653
819 51
819 985
819 64
819 461
819 625
819 855
819 726
819 670
819 192
819 717
819 239
819 264
819 36
819 453
819 103
819 355
819 878
819 569
819 300
819 752
819 832
819 123
819 2
819 350
819 290
819 754
819 404
819 761
819 28
819 952
819 743
819 982
819 186
819 384
819 535
819 518
819 298
819 998
819 467
819 917
819 800
819 279
819 996
819 412
819 825
819 141
819 630
819 31
819 95
819 172
819 517
819 97
819 696
819 632
819 874
819 135
819 130
819 422
819 619
819 835
819 304
819 485
819 344
819 108
819 880
819 649
819 158
819 736
819 847
819 76
819 937
819 436
819 806
819 245
819 257
819 460
819 27
819 302
819 295
819 105
819 903
819 282
819 382
819 42
819 648
819 639
819 923
819 104
819 25
819 956
819 661
819 959
819 272
819 361
819 879
819 8
819 817
819 113
819 174
819 6
819 821
819 909
819 691
819 170
819 466
819 176
819 595
819 395
819 781
819 865
819 811
819 48
819 990
819 838
819 657
819 538
819 182
819 810
819 699
819 383
819 266
819 49
819 365
819 421
819 368
819 557
819 790
819 252
819 529
819 516
819 114
819 603
819 723
819 32
819 313
819 533
819 451
819 375
819 351
819 695
819 85
819 908
819 995
819 183
819 997
819 189
819 628
819 44
819 308
819 898
819 200
819 753
819 971
819 556
819 804
819 915
819 687
819 43
819 618
819 227
819 551
819 933
819 992
819 1
819 720
819 965
819 473
819 452
819 512
819 963
819 171
819 54
819 432
819 127
819 316
819 849
819 10
819 456
819 542
819 731
819 469
819 299
819 185
819 601
819 864
819 875
819 970
819 150
819 26
819 589
819 487
819 920
819 816
819 540
819 260
819 566
819 919
819 440
819 945
819 947
819 703
819 18
819 793
819 254
819 107
819 543
819 562
819 558
819 872
819 71
819 677
819 812
819 550
819 780
819 798
819 580
819 145
819 303
819 160
819 327
819 91
819 251
819 705
819 669
819 503
819 519
819 734
819 139
819 662
819 620
819 143
819 126
819 729
819 629
819 750
819 862
819 514
819 376
819 802
819 354
819 400
819 399
819 882
819 434
819 323
819 249
819 896
819 884
819 73
819 709
819 513
819 164
819 229
819 701
819 269
819 823
819 715
819 457
819 180
819 99
819 955
819 950
819 12
819 549
819 405
819 233
819 610
819 476
819 208
819 224
819 153
819 134
819 897
819 238
819 673
819 803
819 494
819 472
819 394
819 994
819 360
819 567
819 616
819 339
819 627
819 320
819 978
819 960
819 524
819 981
819 101
819 902
819 668
819 608
819 408
819 822
819 20
819 652
819 423
819 402
819 7
819 585
819 930
819 267
819 505
819 576
819 807
819 809
819 633
819 380
819 722
819 831
819 146
819 330
819 853
819 273
819 77
819 605
819 739
819 474
819 894
819 769
819 559
819 850
819 944
819 934
819 824
819 17
819 797
819 666
819 140
819 640
819 463
819 868
819 347
819 782
819 372
819 617
819 568
819 907
819 635
819 124
819 168
819 941
819 889
819 891
819 675
819 573
819 644
819 570
819 283
819 501
819 759
819 507
819 486
819 799
819 637
819 931
819 493
819 22
819 3
819 676
819 554
819 651
819 774
819 918
819 437
819 541
819 69
819 968
819 66
819 458
819 277
819 275
819 987
819 322
819 307
819 255
819 716
819 68
819 791
801 819
