2000 4000 10
1 2
2 3
1 4
1 5
2 6
4 7
3 8
6 9
7 10
4 11
3 12
1 13
6 14
5 15
9 16
6 17
4 18
18 19
18 20
3 21
15 22
6 23
3 24
12 25
17 26
11 27
3 28
13 29
12 30
4 31
22 32
31 33
1 34
8 35
13 36
34 37
22 38
14 39
36 40
32 41
11 42
26 43
17 44
19 45
43 46
36 47
21 48
27 49
39 50
49 51
4 52
24 53
40 54
39 55
3 56
5 57
26 58
50 59
51 60
17 61
29 62
9 63
36 64
19 65
46 66
65 67
51 68
46 69
24 70
37 71
53 72
8 73
6 74
59 75
1 76
6 77
66 78
58 79
12 80
42 81
66 82
1 83
65 84
47 85
17 86
12 87
7 88
70 89
22 90
6 91
12 92
9 93
41 94
1 95
68 96
84 97
45 98
65 99
76 100
34 101
94 102
59 103
71 104
66 105
10 106
55 107
71 108
45 109
102 110
14 111
55 112
37 113
93 114
17 115
32 116
10 117
112 118
55 119
52 120
50 121
115 122
99 123
32 124
35 125
46 126
48 127
44 128
109 129
42 130
27 131
128 132
126 133
51 134
28 135
102 136
40 137
28 138
21 139
61 140
1 141
71 142
110 143
109 144
56 145
49 146
113 147
59 148
42 149
140 150
66 151
40 152
49 153
131 154
74 155
81 156
42 157
96 158
49 159
28 160
70 161
114 162
26 163
7 164
130 165
30 166
14 167
139 168
92 169
129 170
66 171
48 172
16 173
86 174
171 175
4 176
12 177
95 178
177 179
26 180
70 181
75 182
111 183
68 184
129 185
105 186
15 187
47 188
9 189
19 190
172 191
180 192
153 193
74 194
128 195
35 196
45 197
42 198
49 199
172 200
110 201
72 202
188 203
60 204
162 205
188 206
108 207
27 208
121 209
66 210
51 211
127 212
62 213
150 214
10 215
32 216
89 217
99 218
206 219
71 220
90 221
19 222
10 223
52 224
217 225
123 226
83 227
1 228
117 229
119 230
141 231
213 232
127 233
111 234
38 235
99 236
37 237
51 238
57 239
172 240
222 241
6 242
53 243
16 244
86 245
82 246
99 247
55 248
151 249
50 250
3 251
227 252
27 253
121 254
236 255
187 256
206 257
209 258
54 259
245 260
205 261
256 262
53 263
172 264
58 265
179 266
123 267
99 268
6 269
171 270
99 271
61 272
136 273
54 274
181 275
26 276
34 277
31 278
270 279
16 280
121 281
87 282
1 283
212 284
134 285
12 286
206 287
215 288
144 289
221 290
9 291
162 292
266 293
121 294
225 295
195 296
193 297
111 298
87 299
297 300
173 301
95 302
263 303
255 304
202 305
28 306
295 307
32 308
198 309
77 310
9 311
228 312
95 313
57 314
220 315
80 316
101 317
37 318
1 319
263 320
280 321
138 322
289 323
83 324
146 325
114 326
316 327
208 328
251 329
216 330
250 331
213 332
77 333
319 334
210 335
324 336
129 337
142 338
87 339
134 340
158 341
158 342
234 343
34 344
178 345
45 346
104 347
273 348
189 349
61 350
249 351
119 352
2 353
130 354
285 355
2 356
305 357
7 358
53 359
137 360
50 361
25 362
187 363
212 364
163 365
330 366
188 367
50 368
70 369
144 370
243 371
249 372
192 373
283 374
231 375
193 376
52 377
152 378
367 379
247 380
137 381
366 382
89 383
147 384
206 385
182 386
313 387
75 388
129 389
139 390
194 391
356 392
361 393
35 394
250 395
375 396
19 397
329 398
66 399
12 400
35 401
21 402
346 403
339 404
227 405
68 406
117 407
222 408
262 409
139 410
323 411
8 412
368 413
411 414
168 415
198 416
330 417
21 418
357 419
219 420
339 421
201 422
231 423
144 424
182 425
325 426
65 427
110 428
249 429
139 430
248 431
311 432
154 433
407 434
71 435
24 436
201 437
134 438
154 439
131 440
207 441
243 442
385 443
341 444
29 445
168 446
97 447
232 448
58 449
257 450
50 451
37 452
31 453
289 454
289 455
206 456
175 457
244 458
217 459
246 460
416 461
234 462
110 463
360 464
60 465
230 466
107 467
277 468
198 469
140 470
306 471
375 472
157 473
164 474
186 475
319 476
450 477
399 478
312 479
54 480
448 481
458 482
368 483
431 484
456 485
467 486
63 487
121 488
314 489
100 490
57 491
482 492
285 493
265 494
250 495
243 496
8 497
476 498
457 499
110 500
241 501
188 502
326 503
387 504
475 505
372 506
311 507
108 508
19 509
272 510
349 511
482 512
2 513
235 514
371 515
91 516
47 517
127 518
64 519
126 520
216 521
343 522
322 523
394 524
402 525
290 526
492 527
264 528
234 529
40 530
101 531
384 532
327 533
488 534
59 535
38 536
350 537
257 538
110 539
164 540
509 541
469 542
107 543
8 544
381 545
200 546
139 547
206 548
463 549
429 550
217 551
327 552
7 553
37 554
207 555
263 556
459 557
86 558
203 559
518 560
167 561
111 562
281 563
296 564
341 565
3 566
146 567
152 568
247 569
423 570
66 571
484 572
450 573
304 574
479 575
331 576
561 577
483 578
161 579
97 580
271 581
423 582
392 583
334 584
333 585
64 586
262 587
127 588
349 589
454 590
473 591
569 592
38 593
73 594
28 595
436 596
74 597
150 598
209 599
100 600
532 601
502 602
458 603
389 604
59 605
106 606
178 607
323 608
574 609
229 610
446 611
501 612
446 613
157 614
386 615
485 616
507 617
477 618
202 619
339 620
406 621
434 622
540 623
372 624
26 625
130 626
584 627
424 628
564 629
284 630
4 631
612 632
222 633
167 634
600 635
438 636
539 637
286 638
185 639
540 640
279 641
161 642
135 643
182 644
537 645
220 646
529 647
288 648
237 649
550 650
588 651
330 652
541 653
599 654
513 655
33 656
538 657
501 658
548 659
530 660
467 661
319 662
240 663
207 664
414 665
120 666
164 667
600 668
199 669
109 670
229 671
104 672
631 673
147 674
180 675
667 676
119 677
263 678
389 679
96 680
140 681
624 682
107 683
127 684
116 685
392 686
638 687
490 688
409 689
646 690
426 691
175 692
486 693
494 694
213 695
630 696
246 697
10 698
386 699
70 700
244 701
180 702
544 703
335 704
381 705
18 706
387 707
678 708
65 709
81 710
614 711
38 712
243 713
8 714
304 715
380 716
52 717
10 718
424 719
78 720
260 721
430 722
521 723
463 724
661 725
340 726
276 727
550 728
440 729
38 730
67 731
509 732
673 733
497 734
29 735
580 736
692 737
686 738
311 739
657 740
541 741
105 742
169 743
611 744
324 745
656 746
431 747
155 748
609 749
12 750
598 751
452 752
172 753
85 754
191 755
572 756
242 757
321 758
226 759
17 760
1 761
593 762
583 763
351 764
636 765
205 766
632 767
486 768
36 769
260 770
171 771
62 772
114 773
151 774
461 775
733 776
736 777
358 778
285 779
735 780
130 781
661 782
414 783
522 784
504 785
288 786
669 787
753 788
263 789
74 790
274 791
415 792
185 793
238 794
682 795
319 796
133 797
697 798
354 799
408 800
36 801
581 802
260 803
699 804
400 805
721 806
41 807
777 808
601 809
235 810
403 811
203 812
73 813
190 814
774 815
771 816
160 817
219 818
304 819
789 820
631 821
18 822
693 823
314 824
697 825
152 826
567 827
308 828
203 829
312 830
520 831
613 832
577 833
814 834
759 835
206 836
50 837
368 838
191 839
824 840
672 841
188 842
500 843
711 844
813 845
407 846
594 847
189 848
485 849
470 850
615 851
142 852
799 853
471 854
330 855
803 856
197 857
303 858
463 859
769 860
537 861
776 862
510 863
219 864
521 865
825 866
569 867
584 868
394 869
840 870
370 871
773 872
248 873
374 874
844 875
643 876
339 877
657 878
450 879
747 880
498 881
755 882
812 883
90 884
877 885
390 886
92 887
168 888
25 889
336 890
524 891
168 892
798 893
795 894
15 895
890 896
70 897
14 898
116 899
584 900
13 901
335 902
208 903
410 904
267 905
893 906
885 907
807 908
858 909
830 910
53 911
738 912
22 913
905 914
467 915
299 916
674 917
226 918
7 919
248 920
645 921
730 922
537 923
572 924
921 925
277 926
345 927
585 928
287 929
762 930
265 931
873 932
797 933
569 934
619 935
266 936
99 937
261 938
70 939
318 940
411 941
780 942
355 943
828 944
881 945
320 946
765 947
162 948
624 949
589 950
641 951
247 952
888 953
351 954
667 955
573 956
483 957
348 958
945 959
657 960
578 961
377 962
104 963
67 964
34 965
49 966
377 967
92 968
68 969
290 970
189 971
316 972
571 973
605 974
434 975
631 976
273 977
200 978
848 979
640 980
490 981
235 982
795 983
40 984
413 985
774 986
794 987
826 988
472 989
259 990
545 991
898 992
512 993
754 994
525 995
263 996
641 997
237 998
600 999
137 1000
986 1001
226 1002
617 1003
859 1004
125 1005
862 1006
406 1007
71 1008
153 1009
743 1010
202 1011
422 1012
812 1013
740 1014
339 1015
620 1016
63 1017
311 1018
577 1019
825 1020
630 1021
262 1022
785 1023
820 1024
1017 1025
1023 1026
555 1027
187 1028
486 1029
966 1030
842 1031
302 1032
945 1033
65 1034
901 1035
917 1036
845 1037
701 1038
1036 1039
932 1040
485 1041
139 1042
413 1043
971 1044
1015 1045
964 1046
335 1047
962 1048
132 1049
793 1050
413 1051
446 1052
278 1053
82 1054
890 1055
502 1056
961 1057
98 1058
270 1059
1032 1060
471 1061
608 1062
587 1063
878 1064
228 1065
87 1066
1050 1067
88 1068
600 1069
394 1070
395 1071
419 1072
468 1073
560 1074
823 1075
934 1076
275 1077
649 1078
853 1079
326 1080
678 1081
709 1082
586 1083
3 1084
476 1085
254 1086
573 1087
235 1088
848 1089
928 1090
391 1091
68 1092
46 1093
587 1094
740 1095
17 1096
194 1097
194 1098
700 1099
1031 1100
213 1101
1081 1102
325 1103
914 1104
771 1105
358 1106
15 1107
152 1108
92 1109
200 1110
854 1111
452 1112
210 1113
464 1114
322 1115
763 1116
783 1117
594 1118
493 1119
874 1120
411 1121
669 1122
1086 1123
114 1124
38 1125
398 1126
244 1127
704 1128
986 1129
638 1130
244 1131
844 1132
980 1133
229 1134
751 1135
619 1136
1059 1137
336 1138
611 1139
1015 1140
11 1141
703 1142
50 1143
624 1144
599 1145
143 1146
543 1147
324 1148
210 1149
826 1150
990 1151
812 1152
363 1153
192 1154
1096 1155
417 1156
937 1157
853 1158
437 1159
375 1160
1004 1161
1037 1162
540 1163
616 1164
86 1165
406 1166
21 1167
634 1168
871 1169
181 1170
533 1171
591 1172
989 1173
849 1174
27 1175
900 1176
814 1177
247 1178
340 1179
398 1180
494 1181
133 1182
1082 1183
650 1184
628 1185
358 1186
583 1187
999 1188
24 1189
860 1190
254 1191
157 1192
989 1193
848 1194
1105 1195
1109 1196
947 1197
792 1198
351 1199
985 1200
361 1201
484 1202
605 1203
475 1204
969 1205
885 1206
955 1207
923 1208
651 1209
1017 1210
977 1211
504 1212
192 1213
616 1214
133 1215
1072 1216
869 1217
170 1218
527 1219
25 1220
321 1221
1010 1222
868 1223
1001 1224
954 1225
113 1226
48 1227
497 1228
744 1229
96 1230
295 1231
58 1232
85 1233
988 1234
1028 1235
575 1236
262 1237
294 1238
243 1239
3 1240
465 1241
439 1242
874 1243
387 1244
1223 1245
672 1246
509 1247
1041 1248
933 1249
587 1250
1214 1251
894 1252
926 1253
1171 1254
172 1255
104 1256
1091 1257
635 1258
1238 1259
875 1260
556 1261
659 1262
395 1263
373 1264
653 1265
1019 1266
123 1267
985 1268
23 1269
281 1270
316 1271
873 1272
1207 1273
198 1274
504 1275
134 1276
993 1277
338 1278
898 1279
350 1280
911 1281
1104 1282
1251 1283
446 1284
1216 1285
191 1286
97 1287
927 1288
437 1289
175 1290
621 1291
39 1292
83 1293
898 1294
1265 1295
689 1296
279 1297
15 1298
1296 1299
1132 1300
632 1301
146 1302
436 1303
1106 1304
927 1305
944 1306
1001 1307
421 1308
708 1309
312 1310
148 1311
1133 1312
259 1313
113 1314
470 1315
1162 1316
767 1317
781 1318
288 1319
103 1320
552 1321
1129 1322
191 1323
291 1324
420 1325
360 1326
674 1327
1053 1328
1205 1329
566 1330
288 1331
229 1332
1179 1333
112 1334
926 1335
1133 1336
951 1337
916 1338
1284 1339
718 1340
1273 1341
983 1342
35 1343
96 1344
335 1345
839 1346
184 1347
1300 1348
552 1349
580 1350
93 1351
1027 1352
314 1353
837 1354
969 1355
948 1356
291 1357
971 1358
272 1359
1232 1360
944 1361
830 1362
553 1363
184 1364
266 1365
1287 1366
767 1367
973 1368
955 1369
554 1370
171 1371
390 1372
1095 1373
1006 1374
1334 1375
985 1376
545 1377
181 1378
393 1379
734 1380
371 1381
862 1382
88 1383
760 1384
1157 1385
553 1386
1207 1387
237 1388
948 1389
1022 1390
772 1391
420 1392
1300 1393
206 1394
1135 1395
812 1396
72 1397
36 1398
741 1399
134 1400
354 1401
562 1402
762 1403
718 1404
1080 1405
557 1406
365 1407
136 1408
33 1409
477 1410
914 1411
1008 1412
590 1413
626 1414
26 1415
1099 1416
512 1417
1165 1418
990 1419
1078 1420
1349 1421
1054 1422
966 1423
106 1424
1263 1425
1200 1426
816 1427
1368 1428
1037 1429
828 1430
91 1431
42 1432
726 1433
782 1434
287 1435
37 1436
353 1437
47 1438
789 1439
453 1440
209 1441
139 1442
212 1443
457 1444
382 1445
1030 1446
46 1447
840 1448
1309 1449
768 1450
91 1451
145 1452
847 1453
1 1454
209 1455
949 1456
663 1457
563 1458
498 1459
417 1460
826 1461
175 1462
425 1463
98 1464
1399 1465
296 1466
558 1467
1305 1468
1047 1469
352 1470
13 1471
42 1472
1366 1473
1215 1474
690 1475
756 1476
678 1477
1426 1478
1204 1479
1176 1480
822 1481
812 1482
594 1483
521 1484
776 1485
1295 1486
984 1487
661 1488
1218 1489
629 1490
894 1491
509 1492
105 1493
1238 1494
1002 1495
1362 1496
168 1497
1357 1498
1073 1499
950 1500
1109 1501
347 1502
650 1503
835 1504
960 1505
1040 1506
1463 1507
620 1508
462 1509
50 1510
15 1511
43 1512
98 1513
1228 1514
1106 1515
1142 1516
63 1517
1156 1518
651 1519
294 1520
7 1521
919 1522
1234 1523
1417 1524
1178 1525
383 1526
321 1527
1460 1528
1242 1529
1268 1530
687 1531
978 1532
297 1533
1470 1534
857 1535
227 1536
854 1537
962 1538
50 1539
1327 1540
173 1541
459 1542
221 1543
1328 1544
1047 1545
1401 1546
1075 1547
228 1548
1409 1549
1169 1550
1011 1551
68 1552
1356 1553
477 1554
1321 1555
164 1556
37 1557
502 1558
516 1559
1097 1560
1190 1561
1199 1562
598 1563
1294 1564
290 1565
1257 1566
1175 1567
1326 1568
78 1569
797 1570
383 1571
1445 1572
820 1573
1025 1574
756 1575
861 1576
597 1577
504 1578
1569 1579
1314 1580
1321 1581
45 1582
370 1583
677 1584
1258 1585
263 1586
596 1587
682 1588
974 1589
9 1590
906 1591
178 1592
208 1593
134 1594
1006 1595
600 1596
1055 1597
1075 1598
1123 1599
953 1600
656 1601
1231 1602
950 1603
490 1604
1517 1605
803 1606
941 1607
311 1608
1317 1609
1115 1610
334 1611
933 1612
328 1613
126 1614
919 1615
298 1616
1078 1617
43 1618
1044 1619
1496 1620
1 1621
771 1622
1585 1623
1324 1624
1589 1625
1363 1626
1492 1627
626 1628
1018 1629
869 1630
1321 1631
397 1632
1302 1633
750 1634
1301 1635
236 1636
1331 1637
1357 1638
1031 1639
880 1640
394 1641
1429 1642
1288 1643
423 1644
157 1645
1222 1646
860 1647
1059 1648
540 1649
948 1650
117 1651
872 1652
1034 1653
635 1654
262 1655
552 1656
735 1657
1384 1658
1496 1659
218 1660
402 1661
1548 1662
975 1663
1533 1664
1086 1665
942 1666
650 1667
72 1668
398 1669
1235 1670
608 1671
180 1672
932 1673
181 1674
288 1675
1282 1676
1254 1677
669 1678
462 1679
703 1680
406 1681
1013 1682
675 1683
136 1684
1379 1685
690 1686
1481 1687
266 1688
687 1689
1611 1690
863 1691
610 1692
1060 1693
1136 1694
203 1695
1372 1696
1625 1697
422 1698
1383 1699
763 1700
88 1701
357 1702
643 1703
224 1704
697 1705
607 1706
1002 1707
519 1708
1096 1709
1122 1710
618 1711
918 1712
988 1713
167 1714
345 1715
1530 1716
361 1717
203 1718
1454 1719
1197 1720
1126 1721
1018 1722
707 1723
1657 1724
867 1725
832 1726
762 1727
1283 1728
512 1729
745 1730
469 1731
72 1732
479 1733
194 1734
20 1735
37 1736
607 1737
43 1738
1009 1739
172 1740
717 1741
146 1742
173 1743
483 1744
1093 1745
1350 1746
51 1747
1655 1748
43 1749
899 1750
603 1751
1155 1752
439 1753
588 1754
1504 1755
938 1756
164 1757
760 1758
917 1759
1317 1760
1738 1761
1548 1762
1259 1763
487 1764
1045 1765
602 1766
1658 1767
1215 1768
911 1769
25 1770
1034 1771
500 1772
955 1773
1334 1774
307 1775
773 1776
602 1777
12 1778
843 1779
1247 1780
1535 1781
941 1782
432 1783
1587 1784
1611 1785
641 1786
1717 1787
15 1788
386 1789
1131 1790
1356 1791
538 1792
1596 1793
1065 1794
1415 1795
1488 1796
394 1797
280 1798
650 1799
1443 1800
214 1801
1489 1802
57 1803
537 1804
745 1805
782 1806
1101 1807
662 1808
1172 1809
699 1810
531 1811
1039 1812
980 1813
1533 1814
1052 1815
953 1816
1367 1817
948 1818
1786 1819
24 1820
1392 1821
892 1822
671 1823
288 1824
1250 1825
1238 1826
1632 1827
832 1828
744 1829
1480 1830
1599 1831
1814 1832
237 1833
749 1834
1347 1835
9 1836
975 1837
242 1838
1005 1839
291 1840
1320 1841
1534 1842
143 1843
1812 1844
62 1845
644 1846
923 1847
34 1848
1345 1849
1453 1850
1624 1851
1214 1852
185 1853
554 1854
1090 1855
857 1856
652 1857
1451 1858
990 1859
1327 1860
1015 1861
978 1862
777 1863
1443 1864
660 1865
1013 1866
1685 1867
1552 1868
1218 1869
1477 1870
1576 1871
1598 1872
755 1873
1635 1874
632 1875
1640 1876
1497 1877
455 1878
804 1879
1493 1880
1106 1881
535 1882
498 1883
276 1884
907 1885
1306 1886
445 1887
13 1888
1436 1889
955 1890
1633 1891
544 1892
1776 1893
1518 1894
753 1895
192 1896
1694 1897
888 1898
1049 1899
1469 1900
860 1901
69 1902
1817 1903
1852 1904
1435 1905
373 1906
1370 1907
809 1908
404 1909
1088 1910
1544 1911
715 1912
637 1913
716 1914
712 1915
1835 1916
92 1917
1581 1918
1029 1919
758 1920
663 1921
1775 1922
369 1923
1777 1924
1096 1925
1227 1926
814 1927
231 1928
190 1929
374 1930
1060 1931
96 1932
233 1933
1547 1934
871 1935
340 1936
765 1937
1301 1938
1741 1939
1716 1940
938 1941
589 1942
728 1943
722 1944
671 1945
1318 1946
1039 1947
287 1948
220 1949
958 1950
926 1951
1829 1952
567 1953
409 1954
1137 1955
1021 1956
37 1957
1545 1958
254 1959
1549 1960
1528 1961
1051 1962
1952 1963
286 1964
951 1965
1269 1966
1449 1967
1353 1968
425 1969
128 1970
1372 1971
921 1972
1227 1973
1809 1974
269 1975
1037 1976
1249 1977
1093 1978
377 1979
1074 1980
1737 1981
632 1982
1548 1983
1264 1984
1055 1985
1545 1986
1693 1987
207 1988
1118 1989
547 1990
211 1991
1399 1992
142 1993
740 1994
1724 1995
1791 1996
1200 1997
1905 1998
716 1999
1097 2000
1374 1013
279 1549
693 296
148 1570
281 698
907 1792
1512 1187
1908 633
1752 104
1742 615
1408 1667
632 1165
1287 1021
247 1767
1094 1347
471 286
1358 1634
1869 801
1770 522
1771 194
929 467
1895 771
610 1187
1213 1754
37 546
783 1820
331 816
1726 1392
1300 1716
1087 238
969 87
180 555
97 1977
1241 1818
1242 1372
1906 721
345 632
1777 165
1433 1664
459 1756
1463 895
1708 668
11 68
1771 1488
1122 542
1205 1821
189 421
597 359
913 1648
1382 1602
1151 1533
1210 527
976 1842
3 1891
1976 8
565 857
1965 847
929 1570
828 1024
1811 416
1376 1694
449 874
828 1826
1507 1151
250 1286
1520 307
1616 917
1635 403
367 1808
944 1371
733 850
1744 91
123 1521
1229 409
1040 877
254 1777
628 1873
886 1340
933 99
1938 469
601 1114
97 74
126 973
671 1347
369 168
1809 1032
1689 1496
1334 1230
1557 1584
461 1502
354 1435
1957 1639
46 1916
810 1264
126 73
929 1468
1485 1767
1618 1173
638 482
819 813
492 1064
1640 1315
1428 1845
994 76
910 1778
1114 1990
234 299
1030 784
915 1401
240 1814
1664 1236
261 1024
1178 1371
657 1567
1163 410
1127 1118
879 957
793 460
805 1291
588 1261
559 1927
748 1196
1578 1319
639 1671
1872 419
1534 1733
1115 1294
28 401
844 1901
1612 434
151 1229
1608 287
975 1714
563 1809
1996 85
1275 1820
1225 495
695 118
576 873
1407 1099
1314 289
1813 110
1252 1846
1312 1168
481 1135
1715 1793
1234 514
426 1665
967 1188
500 1126
88 1764
27 944
1160 889
1168 1686
502 221
233 178
1456 1822
578 665
129 1729
132 171
1296 1798
1395 298
894 150
58 560
1204 748
1160 1321
1409 572
1985 996
889 998
385 759
1106 1176
274 784
1018 1216
559 1242
1058 1302
1795 717
221 1946
1665 1701
132 428
1044 698
1803 1694
1732 897
1516 663
1947 960
1505 699
726 1835
25 1253
1512 1549
1160 905
1729 1936
423 243
881 1097
891 765
1726 1456
1927 423
1502 1169
1926 1314
456 71
267 345
774 1530
1463 520
995 529
960 804
1978 356
11 1985
1185 387
1567 1207
1364 1113
201 1300
304 130
822 1072
960 1138
181 1968
1095 1585
32 160
966 1927
1443 599
876 680
949 522
860 258
656 1270
911 1949
1344 1111
128 312
1707 1709
150 206
207 860
126 1718
1638 1013
1111 145
1518 1714
862 1912
1823 577
73 533
1915 908
635 1563
302 469
876 1257
163 1695
435 325
476 800
1628 197
1119 1263
1156 335
170 915
1733 1577
697 1376
307 959
854 631
1418 868
138 1563
531 1352
937 1149
231 1241
531 27
1426 611
1053 317
761 1724
803 138
1337 184
436 1253
503 1979
678 226
1976 22
489 1675
60 1904
1209 1437
1666 1593
1428 1196
1064 996
1733 490
1846 1754
92 1799
1608 588
620 1828
994 949
1548 625
581 344
369 1694
1445 781
209 1122
301 357
1803 1935
1021 330
302 1136
778 1488
454 163
1537 1916
1935 1342
1274 565
1158 159
854 310
1485 1668
1084 150
1772 1679
928 1018
267 101
613 85
1195 35
1550 945
1463 1447
1403 1155
174 1658
1758 366
1502 1777
1981 44
1668 1359
769 1079
1436 251
866 642
535 1237
516 1642
1433 236
572 765
519 743
604 1542
920 358
807 701
1077 43
1301 1480
1702 545
745 1036
770 466
1026 514
583 37
10 1640
1588 1352
1810 661
462 1746
1839 169
1559 178
581 1384
779 1546
1897 824
1061 1376
1785 523
343 1027
931 440
383 1680
834 1102
251 938
842 417
772 146
887 1520
666 1781
258 134
150 310
653 294
1558 1712
1791 1532
825 1774
161 612
1721 724
767 157
1927 848
921 1179
1306 146
725 1393
92 419
831 1325
448 906
859 240
635 1119
470 624
1547 455
1668 1893
647 1525
242 1969
1062 181
845 658
1366 1491
1455 1807
941 834
1040 220
635 1949
1933 694
1 1962
1724 256
1449 722
940 1069
1608 182
1238 333
1300 817
308 277
80 924
250 1893
540 1101
279 379
1673 1840
502 1038
877 925
329 359
1123 923
1058 804
415 1919
1158 1462
1648 1657
362 715
1647 1747
136 1004
590 680
178 1181
1398 1521
1716 379
207 1350
128 1516
37 364
606 1134
453 1109
973 853
373 579
1181 1041
129 388
1340 1906
1526 399
1301 1799
1310 112
1844 1385
1803 160
1762 1326
1199 708
1116 1079
1556 285
1733 495
1858 1940
358 1594
1891 1634
1206 494
1327 1724
652 1004
820 135
33 1391
1416 1760
307 1442
1338 100
1944 819
759 1188
1674 368
86 1729
166 1752
1840 1332
1657 793
1266 1658
1494 609
1606 178
854 1240
1792 1710
1525 213
651 1856
339 1292
1791 1863
315 608
417 259
700 1515
509 205
1836 1978
29 1820
306 729
1061 1300
1380 448
84 1830
361 1596
170 974
791 1612
1928 660
734 1155
1618 1370
987 1114
89 624
518 813
193 1320
363 1156
205 207
310 128
1719 524
1861 516
1209 1781
1869 1141
869 1259
1746 1341
771 1642
290 1278
1881 3
1026 223
1013 721
37 1949
1003 916
166 1385
244 895
335 907
917 1311
1830 1841
521 1634
1998 1199
497 657
920 1500
1694 74
965 875
334 144
560 39
1908 1661
1770 1105
933 702
897 609
959 244
1072 340
1923 713
134 161
300 1750
636 235
472 730
645 894
270 1404
1818 1006
577 1041
286 1689
182 796
1625 844
990 1753
918 1938
1136 1109
1846 1035
423 1594
569 567
135 413
320 567
1013 1677
961 237
995 664
608 200
202 1424
300 451
337 423
636 491
1817 1988
1008 402
1 1642
1624 771
939 1954
1183 1978
995 1055
808 1603
1424 123
72 823
97 673
716 261
840 718
55 1149
248 1814
1899 1580
1325 1009
1993 1469
148 919
818 1326
937 583
926 1792
217 173
1114 1444
1445 1600
1747 1784
1753 1107
1157 849
84 1983
1456 357
1371 1421
347 630
1230 886
1711 1228
1945 418
117 1108
1637 1571
1900 1191
571 789
1543 1510
473 319
253 814
413 1990
1503 1078
1792 796
1671 366
1834 610
546 479
1134 1165
964 535
247 164
519 1252
707 1503
1143 1074
1497 815
1856 1736
39 1724
1358 682
1646 465
195 1944
1437 293
1801 475
863 682
660 109
330 1434
468 1315
1612 1135
275 1333
712 1975
1888 1652
458 933
1579 75
1785 285
1767 853
1599 1878
1107 617
21 524
79 252
744 623
1879 1949
430 638
1731 885
265 1437
1383 617
1311 449
1050 1364
1184 1617
1494 1856
1743 910
487 407
1171 320
170 99
1411 1882
635 1615
739 191
531 1310
1949 1424
1511 1044
1545 1297
1756 295
206 1728
72 106
1178 481
1 1549
1123 337
420 678
1862 1262
951 645
39 948
801 237
1173 1289
1551 1009
1203 1557
598 737
790 700
1696 1916
938 1557
1642 1715
259 1652
237 861
727 1232
1046 282
922 1691
447 1921
203 1783
447 1180
1031 961
714 1447
1178 743
111 886
1899 362
464 991
203 1381
451 414
1855 738
668 1871
1725 1020
184 219
1637 1621
1259 1460
585 670
1897 192
1504 1834
1734 159
960 1679
512 931
746 1343
412 1923
317 1445
1242 1279
1679 19
1227 710
1673 692
1108 1799
1322 1144
1302 1737
440 472
854 1039
990 329
899 671
844 746
1094 946
382 1909
1125 1952
1556 744
1391 616
536 908
803 17
1863 512
1569 1788
1506 1181
259 703
1346 803
1110 1048
1557 83
913 1304
1218 1904
576 1249
1955 1659
1755 1290
238 1695
1147 1382
794 21
1924 948
1447 1046
1977 676
1171 643
158 658
1923 1909
406 1698
1486 1869
1021 1839
20 1529
167 702
1106 1270
30 1330
624 230
1384 1098
1371 921
1304 1679
674 1312
1938 1129
999 1984
757 769
1586 1352
460 988
772 799
648 231
1477 1767
839 732
801 937
1812 205
1170 1333
877 415
1203 643
337 1882
551 1622
1419 360
874 1688
985 866
228 921
1019 1277
378 377
938 1417
90 1605
319 534
1603 887
425 1360
783 905
1562 268
1543 547
939 637
636 583
1068 934
1452 1476
632 758
266 1620
584 403
1093 68
1379 1194
982 1270
924 1866
115 1418
1089 1034
954 47
1672 958
1312 891
590 386
1962 1258
985 1689
244 765
461 734
1447 1620
1925 1078
301 1998
1365 1654
161 1595
134 275
1708 161
641 434
119 794
1758 1668
1859 1289
1124 1100
140 1818
1258 1400
1127 623
1253 596
867 404
1454 934
1390 827
282 625
1701 359
1061 737
951 1267
878 105
988 404
1574 252
1355 935
1607 1554
1598 1579
926 1465
1466 1330
1372 1812
264 27
1213 1671
299 855
1969 1645
352 1695
106 858
1648 686
36 1684
91 522
1779 1041
625 1469
453 715
1963 1162
1026 1712
1945 440
3 723
100 90
1466 1846
616 456
1853 733
218 523
582 1557
686 539
1275 742
611 807
185 1868
1921 410
313 1582
1823 522
1292 1704
111 1328
34 734
813 69
996 1884
92 305
679 1263
1410 172
630 1050
196 1122
1263 1057
1796 1608
631 1642
753 1012
337 214
287 1662
1965 83
10 1619
524 866
538 778
1576 630
1847 278
1743 447
1760 1381
80 486
1611 100
1281 1999
1331 772
1795 61
1125 844
583 1840
789 732
41 1046
20 84
19 1289
755 1404
741 1881
1789 865
982 1232
261 2000
160 1699
1687 832
744 750
715 1495
167 1851
1197 1542
1070 1063
1081 768
833 1100
1845 578
1385 1053
553 1685
970 464
1383 39
1570 1038
1292 1874
627 828
44 1429
664 628
1461 500
1660 1821
1688 1364
336 1409
52 1347
757 273
1211 375
543 554
831 1541
1943 228
1138 1249
1528 668
1986 626
174 1080
1293 1379
1589 1885
255 630
578 1508
1641 1852
764 498
254 1373
1714 1165
1470 1615
805 1739
1053 1221
958 1249
885 684
508 1375
1409 676
1788 1281
572 1303
1434 747
863 1
1573 1996
1474 1374
1834 1865
1737 1119
708 635
1474 1551
1466 173
1925 555
676 444
1711 1920
725 334
1929 1344
1214 1588
417 1944
41 1955
1050 618
1146 617
1530 609
485 556
1814 1907
555 1860
983 1232
1364 889
383 1021
539 461
428 1543
1417 1111
998 154
1506 1823
1424 263
391 1518
1504 780
1290 162
1753 1466
1340 726
1004 634
519 1245
1424 1406
1134 936
1987 1811
95 1391
1489 807
1269 1781
87 1234
544 1430
1064 1214
446 1796
1658 1756
538 1472
921 14
263 1256
748 218
1076 186
219 1674
1867 1538
1366 1498
1203 1299
1946 496
1404 1664
62 391
101 1327
528 1978
988 439
932 942
559 1201
1418 1195
1711 466
1375 1841
1044 1794
365 1334
553 1529
1438 1088
1416 1086
793 998
665 452
1658 1516
45 1545
1435 1305
936 763
1934 1577
308 1581
1554 1425
665 1096
1457 1526
679 1401
326 1574
1357 365
747 680
1028 556
7 1019
345 1097
1057 122
1081 1837
1029 134
1419 306
1709 590
232 75
1121 1953
1521 1907
727 1491
1480 1021
1247 1236
1647 527
1419 1559
1370 97
123 907
1242 1759
1192 1306
776 1711
1192 135
548 721
1390 702
503 1797
1507 1753
1671 399
1680 540
406 1752
772 1596
655 1950
1042 876
875 234
558 1140
310 1877
260 553
936 1430
1983 1106
1485 1699
1392 12
530 88
640 1985
63 679
702 1540
95 1787
1288 299
290 890
1617 952
308 411
781 671
1045 1590
1866 1915
530 921
1358 1203
1410 1043
1309 1212
749 1516
1619 741
105 612
1508 736
1418 23
1275 157
1482 703
744 1588
628 1039
751 1283
1847 615
1269 517
621 1087
1777 728
430 1284
770 658
449 512
481 1320
1967 78
1361 572
1153 876
907 1898
1987 160
1987 1731
730 1802
897 1751
1962 1764
218 1829
1839 1164
1339 312
1278 1612
921 1985
1588 532
1118 1016
1847 773
234 1026
1602 1355
1566 525
990 1733
874 1255
1434 124
961 946
8 749
1258 367
877 394
291 423
527 1998
1007 1126
1964 690
1095 1071
717 1905
457 1148
373 838
1992 1153
1119 1470
549 867
669 253
325 1471
228 1808
54 795
596 289
725 1998
1685 819
550 1039
1652 752
1632 1418
127 1198
1167 1022
1069 168
56 920
1180 689
234 1065
467 1738
590 169
1630 314
1032 225
1687 1053
700 104
1909 1955
535 32
179 846
1141 1175
1435 406
994 200
104 1189
1138 992
1389 1097
52 1401
1729 1995
1145 1570
960 1446
691 749
486 1931
661 841
783 295
670 1872
367 840
1042 1832
147 3
1157 949
265 59
1447 563
2000 1428
1454 863
1164 839
656 1767
1883 638
1226 645
522 1130
1089 1654
329 541
430 1590
69 741
1623 1261
470 1437
1167 555
84 1899
615 638
1945 566
1534 1694
756 1846
1338 44
75 693
1557 1558
380 1877
1848 1280
298 1368
170 549
1021 280
143 465
1204 1743
672 1839
750 1757
1820 1732
1851 1488
988 571
1888 1035
1956 1137
1952 242
1858 536
1293 1267
590 466
1722 429
1713 1590
325 944
1003 77
685 476
814 842
1469 308
1376 675
832 1022
239 1022
1804 1538
1615 1123
1497 1788
764 1660
610 1667
1999 1870
1726 1349
34 1000
1791 1277
1997 1312
907 1925
1503 690
1533 1560
1118 211
406 1419
1169 1381
113 1722
1257 1128
438 1593
749 467
461 383
1230 1681
1944 1038
1117 1282
285 1464
782 1052
285 1626
136 678
199 510
894 1925
695 1215
83 750
297 1210
1610 1405
708 486
1874 595
1724 1876
1582 469
209 154
250 988
587 1993
1598 713
1755 1694
1313 897
635 448
1632 1360
252 1781
629 642
1611 461
1228 1350
1695 247
1294 1186
1093 1598
1353 1932
426 1679
1887 126
1416 621
1150 1341
1196 545
860 420
1493 1593
1903 486
780 1473
612 726
1982 1710
1124 1009
158 1470
1901 723
911 1583
566 1688
823 522
1187 907
1308 287
64 175
684 1561
1703 1667
526 1203
1531 135
1815 1687
49 662
1236 1050
502 1870
711 1168
779 1902
1765 528
1557 330
1747 81
1476 369
40 1806
522 118
380 718
1689 1026
1310 390
1783 1557
75 1
951 1040
863 1391
1363 1681
110 1879
1738 1005
1705 888
676 1293
1530 1075
494 19
1924 853
1981 47
376 550
732 1818
125 1479
1288 1488
695 1036
1504 76
1992 812
946 780
1316 1704
558 761
830 783
459 1579
939 1581
1107 1832
676 1068
973 1004
1802 1628
1529 1621
930 240
1129 289
557 1774
1474 1539
211 934
516 1793
1822 1798
1459 208
1429 1808
1758 107
461 1857
751 1900
360 432
1256 1886
329 1355
1094 456
467 77
980 1593
1148 112
59 1039
1781 447
898 1121
11 1424
80 1590
748 1565
275 1206
1477 1485
278 1994
1690 924
523 1025
1711 183
1162 1563
1927 1343
164 1802
1760 1174
70 746
938 1554
1076 1199
1591 1227
820 1941
770 295
195 1117
790 1837
1957 227
1555 1192
1186 568
650 1394
681 440
439 1243
1792 590
123 448
1566 1232
682 652
1990 1380
301 1186
252 493
212 675
1174 217
17 540
14 1739
1601 1615
1359 1392
465 648
1799 339
1074 352
613 244
1812 1698
349 377
354 1166
1600 1416
635 275
1958 1497
1097 668
1172 239
857 580
305 1544
1252 447
756 1500
89 466
82 158
274 629
218 1468
819 1565
236 824
1030 621
974 560
1443 148
1552 1019
1683 642
51 498
1028 1673
1893 825
1615 1253
1694 1459
1502 278
831 1125
1514 635
118 225
588 982
243 1704
706 651
1337 550
1189 1657
789 143
747 476
1867 1306
1852 1643
885 1397
18 912
1015 785
715 105
432 1348
1823 1667
326 1505
155 1681
57 730
409 361
630 1179
68 906
1872 763
1325 1778
778 1250
713 1752
1418 428
698 345
639 210
577 1778
1734 12
1634 489
1808 71
398 1867
1206 1244
866 417
78 29
953 615
1553 922
720 356
1489 1915
507 1533
630 11
1070 1056
872 1744
1102 1782
1620 600
1124 708
921 890
846 1564
1560 1721
175 96
178 1819
1549 55
764 1902
173 567
842 1702
1191 737
79 605
744 1753
1635 355
1362 1959
1528 1411
1059 1379
589 1777
1324 1547
1010 590
1510 977
1237 472
789 149
1350 1264
1422 955
1424 806
202 1118
1681 45
1853 1637
1195 236
1208 1244
1502 729
310 459
1378 320
30 833
1231 1465
1464 778
140 1620
1822 1354
1841 1465
148 1660
636 1155
75 130
676 1692
821 1269
738 1267
1957 281
1843 1976
1445 1204
1221 890
1578 1062
888 1049
1700 1325
1928 216
226 854
401 1663
152 70
25 614
218 567
1240 1233
1955 668
1776 1470
20 803
1429 445
1452 1376
1307 122
931 1928
480 1748
318 1859
1573 966
887 1056
1193 1673
575 925
1126 472
1444 80
1160 1979
323 1489
1712 1758
489 1575
479 272
1211 1344
301 1037
975 732
1645 1686
1399 1402
1183 1512
1924 744
1696 1250
447 1459
820 93
1120 768
1609 506
1743 1057
727 1647
1154 1925
1793 738
216 1888
459 705
1678 609
1071 54
1209 49
1657 1972
1287 1655
1927 160
370 1530
925 971
1869 1646
1586 501
1415 1981
1738 630
992 531
504 440
125 1406
17 1455
1553 859
564 1511
98 1541
237 1658
227 1786
1941 1140
48 870
872 856
29 698
480 1868
1434 531
713 1940
1082 1492
1180 1832
544 1188
358 1542
1314 604
727 1941
471 1934
1398 1157
777 582
509 591
719 1889
1803 1161
1391 215
854 1657
896 582
744 532
869 1505
107 1552
1222 1684
1453 1601
1069 1670
1235 1954
792 1141
393 565
983 133
558 175
550 120
981 1672
594 486
1083 1590
1657 898
1286 736
420 4
1154 1132
570 168
1686 553
718 662
953 960
433 781
1954 1980
1549 756
870 1378
1973 1926
140 596
408 1270
1914 29
1298 641
1299 1597
493 914
1723 198
930 1897
1141 855
642 1575
1674 633
815 214
285 1173
554 40
429 995
1456 782
1418 284
849 210
1128 85
70 574
1194 1712
200 1145
688 1802
1315 1226
982 57
1532 1178
190 623
1644 1477
18 1887
1853 987
408 35
66 1793
1008 1102
453 1582
217 647
1002 1089
467 574
1286 1211
1468 1204
1231 1047
787 176
1396 507
202 140
1043 1768
10 952
299 1709
898 766
456 1068
929 1980
1534 1766
1873 674
77 1770
13 422
1174 1006
811 1104
1817 47
685 1157
192 542
436 1070
1698 1249
1014 1747
1042 91
1240 923
928 1451
241 1440
980 1126
367 683
419 24
752 51
1290 1708
1958 1993
250 1946
394 504
47 768
73 1275
761 1514
1966 143
2000 1209
1340 388
522 847
1843 1057
1233 219
300 1699
1581 966
1068 1366
190 1532
1216 223
360 492
209 279
831 1100
1383 1969
856 512
1735 127
827 1394
1811 1438
1180 722
1486 293
727 1870
279 592
1088 1255
369 938
1860 684
490 1742
1527 368
1340 1343
600 584
1609 1809
556 1441
1567 200
1836 785
152 1652
33 662
354 417
612 1172
1859 633
727 936
82 538
1600 1585
1297 1052
556 596
1283 456
713 1792
1890 865
1657 1187
1302 1627
406 1743
1965 568
263 271
864 1383
814 1983
1140 32
369 129
1433 765
1687 513
1257 952
1483 773
178 1390
1508 261
1350 1339
801 460
1360 1959
1031 1127
1392 971
891 687
973 993
1759 510
1337 1567
1533 512
1311 924
1620 1694
1196 132
1717 116
1911 1737
653 207
1533 1567
1686 901
409 32
1696 908
956 611
1249 604
875 1188
1110 1464
1933 1261
1803 1195
1034 846
549 232
530 856
1523 1491
1135 1469
1735 155
44 1615
1250 526
608 33
198 707
1817 554
1631 327
1912 1659
813 1569
1789 1638
1852 416
1350 871
528 326
1177 1338
1916 1103
1727 1224
404 1069
793 1672
1124 692
1753 412
1871 713
272 8
857 577
1921 590
856 1308
1193 123
128 101
67 138
731 485
145 157
1568 1769
1700 865
13 326
1413 1356
326 1667
909 583
1580 1717
748 29
915 1372
1023 1307
1544 326
1645 1517
1070 417
397 1335
1485 1478
1593 1876
440 111
1724 1120
1414 323
882 1362
781 838
744 875
89 909
539 570
207 1558
1291 167
411 121
268 1067
1589 1565
360 384
1229 835
1423 1226
1967 826
372 1906
1737 746
1533 9
4 744
1878 1666
1083 490
609 1094
1970 1112
309 177
1793 562
1901 853
1919 1382
477 1645
1946 1606
1960 159
866 634
1194 809
843 218
1564 1269
479 29
1160 1412
471 175
1241 304
549 719
1607 687
1545 520
1303 1691
1336 505
824 1303
1223 1404
1840 1492
1669 909
700 282
956 1347
1087 801
1046 749
104 1719
1754 584
1463 190
1009 1306
1650 63
1492 1830
774 420
505 711
360 671
357 163
639 1764
1361 769
607 225
274 1885
1783 1203
1146 1497
152 1661
864 215
287 197
379 1495
856 1031
978 583
28 474
504 115
1592 793
928 1552
154 1373
1703 1887
451 1471
820 1349
1524 1113
304 1918
1612 626
705 420
1498 1834
546 782
1902 1258
978 151
1488 1355
1408 223
1921 684
173 1915
356 819
1324 654
1548 988
1176 270
1836 918
1901 1827
881 1993
844 405
1430 721
1242 216
240 1384
119 1712
1572 1809
953 1460
1680 679
1130 1244
274 1258
57 172
1801 589
