2000 4000 40
1 2
1 3
1 4
3 5
2 6
3 7
6 8
6 9
2 10
3 11
2 12
4 13
10 14
10 15
9 16
15 17
11 18
7 19
1 20
15 21
14 22
1 23
10 24
12 25
8 26
5 27
8 28
26 29
11 30
23 31
12 32
6 33
28 34
13 35
33 36
2 37
6 38
23 39
21 40
25 41
3 42
28 43
11 44
8 45
32 46
24 47
38 48
5 49
7 50
19 51
37 52
44 53
41 54
42 55
20 56
14 57
16 58
42 59
41 60
44 61
6 62
48 63
35 64
23 65
48 66
35 67
23 68
15 69
11 70
5 71
48 72
44 73
27 74
41 75
66 76
74 77
3 78
74 79
69 80
19 81
61 82
39 83
35 84
84 85
64 86
16 87
49 88
17 89
17 90
45 91
66 92
56 93
66 94
56 95
93 96
48 97
19 98
47 99
50 100
84 101
27 102
62 103
88 104
46 105
85 106
103 107
17 108
68 109
98 110
70 111
11 112
15 113
113 114
20 115
9 116
93 117
101 118
59 119
79 120
30 121
117 122
103 123
46 124
11 125
113 126
68 127
30 128
47 129
29 130
130 131
22 132
62 133
127 134
52 135
25 136
69 137
56 138
79 139
98 140
123 141
135 142
107 143
122 144
132 145
120 146
31 147
5 148
89 149
10 150
27 151
112 152
77 153
103 154
147 155
24 156
140 157
108 158
100 159
143 160
149 161
104 162
78 163
136 164
84 165
104 166
90 167
49 168
20 169
148 170
168 171
9 172
129 173
46 174
61 175
7 176
29 177
146 178
56 179
84 180
107 181
110 182
111 183
171 184
62 185
16 186
108 187
1 188
91 189
9 190
175 191
152 192
132 193
156 194
64 195
46 196
71 197
148 198
25 199
197 200
64 201
147 202
91 203
128 204
49 205
169 206
81 207
40 208
3 209
93 210
26 211
109 212
29 213
129 214
173 215
50 216
128 217
79 218
189 219
41 220
93 221
55 222
44 223
148 224
60 225
71 226
174 227
158 228
129 229
205 230
59 231
109 232
189 233
87 234
116 235
98 236
152 237
125 238
228 239
135 240
195 241
70 242
51 243
33 244
17 245
147 246
202 247
123 248
240 249
78 250
149 251
211 252
76 253
144 254
95 255
7 256
68 257
213 258
90 259
184 260
40 261
87 262
31 263
26 264
152 265
130 266
262 267
10 268
77 269
228 270
55 271
53 272
48 273
195 274
228 275
110 276
219 277
240 278
249 279
62 280
141 281
61 282
154 283
147 284
151 285
5 286
82 287
52 288
28 289
87 290
123 291
134 292
129 293
273 294
16 295
6 296
228 297
147 298
290 299
1 300
130 301
168 302
292 303
171 304
62 305
199 306
232 307
139 308
130 309
87 310
117 311
271 312
9 313
37 314
298 315
149 316
128 317
1 318
126 319
231 320
220 321
236 322
269 323
261 324
74 325
132 326
52 327
270 328
258 329
217 330
138 331
150 332
217 333
121 334
257 335
160 336
286 337
300 338
142 339
119 340
18 341
39 342
18 343
58 344
81 345
160 346
29 347
288 348
304 349
259 350
189 351
219 352
5 353
3 354
53 355
159 356
195 357
172 358
41 359
274 360
196 361
272 362
188 363
258 364
138 365
139 366
259 367
53 368
3 369
31 370
160 371
238 372
353 373
166 374
337 375
115 376
247 377
205 378
361 379
169 380
120 381
265 382
260 383
356 384
352 385
316 386
143 387
353 388
312 389
41 390
169 391
271 392
49 393
210 394
35 395
14 396
79 397
214 398
331 399
248 400
342 401
246 402
187 403
343 404
206 405
395 406
238 407
209 408
21 409
313 410
272 411
201 412
347 413
100 414
327 415
30 416
329 417
360 418
109 419
115 420
229 421
204 422
234 423
223 424
111 425
5 426
187 427
188 428
8 429
103 430
280 431
227 432
6 433
396 434
137 435
234 436
130 437
268 438
416 439
319 440
155 441
33 442
189 443
437 444
57 445
16 446
52 447
189 448
277 449
187 450
364 451
111 452
241 453
242 454
173 455
376 456
58 457
361 458
224 459
206 460
29 461
65 462
245 463
400 464
57 465
12 466
288 467
31 468
450 469
99 470
452 471
99 472
196 473
451 474
403 475
409 476
448 477
122 478
243 479
322 480
455 481
124 482
5 483
222 484
448 485
173 486
437 487
484 488
223 489
200 490
65 491
107 492
18 493
2 494
260 495
250 496
118 497
126 498
38 499
305 500
304 501
53 502
316 503
464 504
131 505
199 506
131 507
369 508
263 509
232 510
204 511
390 512
65 513
126 514
107 515
47 516
478 517
44 518
379 519
196 520
436 521
368 522
299 523
336 524
92 525
44 526
248 527
196 528
371 529
436 530
405 531
5 532
258 533
302 534
59 535
213 536
385 537
3 538
62 539
231 540
516 541
111 542
208 543
321 544
172 545
265 546
173 547
328 548
374 549
218 550
379 551
15 552
383 553
297 554
245 555
486 556
452 557
307 558
112 559
294 560
508 561
294 562
504 563
499 564
10 565
103 566
511 567
199 568
53 569
133 570
263 571
167 572
432 573
335 574
279 575
287 576
239 577
442 578
165 579
147 580
486 581
1 582
110 583
238 584
270 585
316 586
377 587
57 588
311 589
202 590
564 591
529 592
177 593
33 594
509 595
32 596
69 597
301 598
159 599
240 600
321 601
480 602
483 603
386 604
386 605
374 606
598 607
88 608
247 609
247 610
383 611
33 612
354 613
103 614
582 615
258 616
355 617
480 618
76 619
486 620
51 621
340 622
424 623
179 624
350 625
340 626
117 627
86 628
157 629
72 630
388 631
433 632
600 633
193 634
142 635
607 636
311 637
513 638
408 639
177 640
610 641
552 642
448 643
481 644
482 645
217 646
492 647
478 648
19 649
78 650
508 651
106 652
71 653
357 654
46 655
588 656
109 657
332 658
441 659
580 660
211 661
113 662
526 663
65 664
500 665
62 666
625 667
446 668
659 669
486 670
147 671
669 672
3 673
393 674
233 675
471 676
220 677
510 678
114 679
295 680
412 681
645 682
398 683
618 684
193 685
26 686
507 687
664 688
242 689
355 690
505 691
587 692
461 693
391 694
208 695
322 696
104 697
300 698
549 699
20 700
625 701
72 702
509 703
338 704
297 705
664 706
80 707
480 708
214 709
180 710
36 711
285 712
401 713
183 714
682 715
441 716
34 717
437 718
491 719
688 720
149 721
3 722
296 723
646 724
122 725
120 726
2 727
491 728
413 729
177 730
303 731
155 732
637 733
449 734
265 735
267 736
86 737
108 738
497 739
209 740
570 741
379 742
660 743
736 744
625 745
9 746
698 747
291 748
489 749
583 750
687 751
406 752
413 753
214 754
728 755
39 756
31 757
259 758
119 759
417 760
57 761
714 762
607 763
243 764
209 765
600 766
263 767
182 768
379 769
760 770
8 771
737 772
495 773
158 774
422 775
100 776
96 777
660 778
262 779
508 780
135 781
414 782
476 783
60 784
65 785
380 786
239 787
433 788
616 789
735 790
384 791
789 792
17 793
1 794
466 795
60 796
308 797
747 798
101 799
128 800
48 801
6 802
468 803
214 804
339 805
34 806
778 807
585 808
13 809
425 810
242 811
480 812
278 813
345 814
4 815
519 816
245 817
14 818
695 819
102 820
447 821
475 822
458 823
61 824
73 825
556 826
331 827
586 828
610 829
293 830
112 831
599 832
346 833
358 834
206 835
633 836
631 837
694 838
443 839
134 840
63 841
258 842
547 843
679 844
303 845
189 846
42 847
326 848
795 849
275 850
4 851
701 852
282 853
239 854
395 855
407 856
489 857
757 858
112 859
848 860
418 861
580 862
745 863
85 864
336 865
212 866
217 867
790 868
25 869
568 870
856 871
237 872
361 873
511 874
782 875
441 876
43 877
497 878
22 879
678 880
202 881
246 882
86 883
354 884
37 885
422 886
342 887
101 888
619 889
441 890
100 891
645 892
465 893
660 894
252 895
405 896
742 897
583 898
847 899
320 900
862 901
625 902
267 903
795 904
191 905
850 906
743 907
497 908
721 909
267 910
532 911
601 912
476 913
843 914
512 915
598 916
148 917
395 918
674 919
789 920
495 921
491 922
659 923
838 924
298 925
468 926
123 927
454 928
926 929
2 930
130 931
749 932
724 933
3 934
216 935
731 936
673 937
630 938
838 939
120 940
583 941
238 942
462 943
558 944
396 945
478 946
923 947
351 948
57 949
774 950
926 951
494 952
225 953
148 954
851 955
910 956
799 957
10 958
364 959
515 960
111 961
303 962
951 963
410 964
791 965
636 966
553 967
745 968
813 969
864 970
499 971
955 972
11 973
275 974
851 975
54 976
364 977
716 978
228 979
153 980
940 981
239 982
37 983
228 984
55 985
135 986
644 987
963 988
571 989
721 990
848 991
57 992
342 993
474 994
950 995
954 996
131 997
146 998
935 999
500 1000
342 1001
902 1002
994 1003
509 1004
552 1005
420 1006
645 1007
410 1008
129 1009
837 1010
511 1011
867 1012
640 1013
792 1014
405 1015
444 1016
321 1017
305 1018
585 1019
105 1020
139 1021
386 1022
532 1023
516 1024
928 1025
740 1026
741 1027
611 1028
634 1029
611 1030
621 1031
531 1032
70 1033
625 1034
226 1035
142 1036
748 1037
17 1038
49 1039
292 1040
507 1041
397 1042
603 1043
588 1044
767 1045
832 1046
278 1047
811 1048
998 1049
715 1050
850 1051
740 1052
220 1053
179 1054
145 1055
36 1056
579 1057
998 1058
553 1059
993 1060
125 1061
705 1062
809 1063
1008 1064
749 1065
566 1066
570 1067
955 1068
662 1069
1004 1070
744 1071
174 1072
488 1073
552 1074
913 1075
224 1076
260 1077
998 1078
853 1079
438 1080
338 1081
807 1082
167 1083
611 1084
614 1085
199 1086
1069 1087
62 1088
417 1089
168 1090
216 1091
52 1092
577 1093
945 1094
301 1095
79 1096
26 1097
96 1098
379 1099
1075 1100
498 1101
619 1102
569 1103
699 1104
203 1105
448 1106
324 1107
43 1108
73 1109
228 1110
547 1111
200 1112
235 1113
907 1114
624 1115
524 1116
4 1117
187 1118
759 1119
443 1120
874 1121
773 1122
1045 1123
374 1124
134 1125
886 1126
284 1127
1075 1128
25 1129
801 1130
118 1131
703 1132
891 1133
554 1134
587 1135
713 1136
191 1137
1014 1138
40 1139
951 1140
897 1141
116 1142
554 1143
1121 1144
993 1145
572 1146
369 1147
73 1148
1144 1149
648 1150
11 1151
611 1152
560 1153
996 1154
874 1155
372 1156
384 1157
367 1158
142 1159
120 1160
106 1161
9 1162
687 1163
827 1164
1158 1165
296 1166
854 1167
278 1168
425 1169
1076 1170
626 1171
704 1172
1059 1173
150 1174
782 1175
187 1176
43 1177
930 1178
830 1179
118 1180
526 1181
630 1182
833 1183
773 1184
1011 1185
1104 1186
728 1187
414 1188
395 1189
1028 1190
695 1191
1141 1192
1130 1193
497 1194
1112 1195
629 1196
864 1197
131 1198
942 1199
798 1200
784 1201
543 1202
771 1203
1070 1204
532 1205
694 1206
893 1207
1055 1208
639 1209
670 1210
65 1211
633 1212
609 1213
730 1214
961 1215
100 1216
700 1217
484 1218
413 1219
562 1220
1101 1221
1007 1222
89 1223
702 1224
223 1225
851 1226
958 1227
182 1228
974 1229
875 1230
533 1231
696 1232
1229 1233
519 1234
763 1235
1038 1236
222 1237
1180 1238
179 1239
255 1240
338 1241
47 1242
478 1243
83 1244
340 1245
498 1246
744 1247
792 1248
742 1249
766 1250
426 1251
867 1252
1030 1253
812 1254
171 1255
297 1256
8 1257
210 1258
885 1259
66 1260
1000 1261
438 1262
3 1263
763 1264
1016 1265
154 1266
514 1267
731 1268
834 1269
952 1270
255 1271
1116 1272
134 1273
570 1274
1194 1275
777 1276
1123 1277
756 1278
1070 1279
1023 1280
1065 1281
1220 1282
675 1283
387 1284
1159 1285
669 1286
183 1287
108 1288
636 1289
1256 1290
35 1291
326 1292
685 1293
321 1294
613 1295
1136 1296
1076 1297
83 1298
97 1299
261 1300
998 1301
1286 1302
952 1303
655 1304
345 1305
553 1306
253 1307
721 1308
841 1309
858 1310
1053 1311
620 1312
229 1313
1099 1314
1083 1315
1144 1316
42 1317
1151 1318
1225 1319
292 1320
748 1321
276 1322
682 1323
663 1324
834 1325
172 1326
759 1327
406 1328
1119 1329
543 1330
790 1331
485 1332
411 1333
1293 1334
1169 1335
1199 1336
853 1337
1240 1338
567 1339
1219 1340
667 1341
737 1342
1169 1343
1213 1344
1069 1345
529 1346
737 1347
1233 1348
27 1349
954 1350
636 1351
469 1352
179 1353
799 1354
1324 1355
1087 1356
1180 1357
1278 1358
935 1359
1192 1360
222 1361
1280 1362
1123 1363
1004 1364
459 1365
255 1366
608 1367
218 1368
46 1369
445 1370
795 1371
1115 1372
1100 1373
799 1374
1193 1375
302 1376
136 1377
8 1378
59 1379
259 1380
836 1381
364 1382
349 1383
853 1384
963 1385
1341 1386
1325 1387
78 1388
271 1389
169 1390
1352 1391
463 1392
1268 1393
1107 1394
201 1395
951 1396
477 1397
1323 1398
658 1399
713 1400
462 1401
458 1402
524 1403
808 1404
1326 1405
694 1406
650 1407
319 1408
42 1409
821 1410
453 1411
47 1412
1209 1413
118 1414
155 1415
691 1416
386 1417
805 1418
885 1419
706 1420
487 1421
907 1422
576 1423
214 1424
166 1425
1335 1426
1133 1427
1180 1428
820 1429
120 1430
742 1431
782 1432
881 1433
654 1434
1270 1435
1046 1436
1045 1437
245 1438
405 1439
537 1440
507 1441
598 1442
1096 1443
648 1444
1009 1445
278 1446
546 1447
74 1448
475 1449
1079 1450
1407 1451
915 1452
58 1453
1102 1454
765 1455
187 1456
354 1457
1352 1458
859 1459
18 1460
1079 1461
1292 1462
815 1463
379 1464
679 1465
979 1466
215 1467
678 1468
745 1469
1091 1470
1105 1471
1035 1472
641 1473
1378 1474
1116 1475
381 1476
128 1477
1246 1478
317 1479
515 1480
48 1481
340 1482
1065 1483
92 1484
977 1485
1432 1486
1213 1487
1187 1488
643 1489
1072 1490
532 1491
1475 1492
723 1493
1199 1494
36 1495
843 1496
1090 1497
1404 1498
490 1499
1226 1500
558 1501
994 1502
551 1503
154 1504
1491 1505
468 1506
571 1507
789 1508
599 1509
1454 1510
138 1511
657 1512
232 1513
397 1514
1411 1515
1478 1516
167 1517
358 1518
854 1519
201 1520
107 1521
1309 1522
1177 1523
160 1524
1150 1525
1434 1526
1148 1527
1072 1528
159 1529
1431 1530
1242 1531
491 1532
326 1533
510 1534
424 1535
987 1536
1228 1537
461 1538
940 1539
1143 1540
1396 1541
461 1542
205 1543
116 1544
1481 1545
1048 1546
628 1547
474 1548
1471 1549
471 1550
675 1551
1513 1552
504 1553
1222 1554
88 1555
1443 1556
1453 1557
278 1558
649 1559
385 1560
539 1561
563 1562
583 1563
490 1564
465 1565
1242 1566
948 1567
1063 1568
95 1569
1175 1570
500 1571
1220 1572
266 1573
448 1574
884 1575
1103 1576
1305 1577
6 1578
637 1579
158 1580
1038 1581
742 1582
654 1583
1046 1584
1181 1585
669 1586
1199 1587
344 1588
1468 1589
616 1590
1272 1591
584 1592
1135 1593
897 1594
286 1595
1590 1596
1399 1597
1405 1598
744 1599
1197 1600
1460 1601
918 1602
754 1603
430 1604
552 1605
845 1606
410 1607
200 1608
572 1609
1460 1610
41 1611
334 1612
756 1613
182 1614
7 1615
881 1616
442 1617
578 1618
1155 1619
1420 1620
135 1621
861 1622
827 1623
219 1624
432 1625
619 1626
1250 1627
1044 1628
1284 1629
68 1630
759 1631
1191 1632
1572 1633
160 1634
667 1635
374 1636
297 1637
1546 1638
287 1639
1396 1640
1564 1641
700 1642
35 1643
387 1644
941 1645
30 1646
1262 1647
701 1648
882 1649
251 1650
1636 1651
1306 1652
464 1653
773 1654
716 1655
425 1656
727 1657
1049 1658
1349 1659
1095 1660
766 1661
727 1662
1435 1663
1399 1664
268 1665
515 1666
1163 1667
1055 1668
543 1669
1583 1670
957 1671
82 1672
112 1673
1460 1674
596 1675
343 1676
569 1677
1191 1678
66 1679
920 1680
409 1681
1040 1682
482 1683
546 1684
1242 1685
974 1686
372 1687
1383 1688
603 1689
677 1690
298 1691
304 1692
751 1693
366 1694
218 1695
633 1696
861 1697
123 1698
1185 1699
262 1700
302 1701
569 1702
952 1703
1608 1704
808 1705
1204 1706
850 1707
1013 1708
757 1709
1468 1710
1454 1711
115 1712
603 1713
294 1714
1714 1715
90 1716
1341 1717
186 1718
510 1719
1151 1720
305 1721
950 1722
132 1723
1266 1724
90 1725
1434 1726
1688 1727
685 1728
1054 1729
686 1730
1003 1731
1470 1732
229 1733
342 1734
881 1735
80 1736
1424 1737
451 1738
326 1739
756 1740
586 1741
323 1742
1205 1743
1645 1744
1470 1745
869 1746
1702 1747
1575 1748
1665 1749
76 1750
1659 1751
895 1752
499 1753
463 1754
231 1755
1078 1756
778 1757
1093 1758
311 1759
1540 1760
495 1761
1690 1762
140 1763
202 1764
1179 1765
760 1766
1749 1767
88 1768
1237 1769
507 1770
880 1771
1717 1772
457 1773
1263 1774
692 1775
1082 1776
1527 1777
260 1778
265 1779
1518 1780
431 1781
1679 1782
1011 1783
1521 1784
146 1785
134 1786
191 1787
1043 1788
1655 1789
1709 1790
178 1791
1382 1792
1367 1793
1107 1794
964 1795
498 1796
409 1797
884 1798
1731 1799
336 1800
878 1801
434 1802
146 1803
1496 1804
303 1805
403 1806
794 1807
1346 1808
1147 1809
614 1810
848 1811
1788 1812
1252 1813
1320 1814
353 1815
1279 1816
137 1817
1005 1818
380 1819
362 1820
176 1821
1340 1822
851 1823
1504 1824
1510 1825
32 1826
720 1827
1331 1828
1667 1829
589 1830
1002 1831
1265 1832
1092 1833
1320 1834
1757 1835
738 1836
123 1837
1633 1838
1637 1839
444 1840
115 1841
1353 1842
1790 1843
1241 1844
336 1845
339 1846
261 1847
1031 1848
802 1849
1727 1850
1435 1851
9 1852
53 1853
1564 1854
148 1855
1064 1856
909 1857
542 1858
1190 1859
1170 1860
748 1861
913 1862
1539 1863
849 1864
82 1865
783 1866
153 1867
1152 1868
1522 1869
1705 1870
1226 1871
698 1872
700 1873
1076 1874
1516 1875
894 1876
1049 1877
914 1878
466 1879
577 1880
521 1881
427 1882
108 1883
31 1884
1335 1885
538 1886
1068 1887
928 1888
1664 1889
1184 1890
1277 1891
1806 1892
150 1893
1072 1894
1332 1895
343 1896
1758 1897
612 1898
1395 1899
661 1900
156 1901
1299 1902
172 1903
781 1904
1225 1905
930 1906
1361 1907
739 1908
1445 1909
1438 1910
1560 1911
1563 1912
1092 1913
1671 1914
1296 1915
353 1916
117 1917
608 1918
633 1919
1017 1920
594 1921
1340 1922
456 1923
294 1924
1655 1925
418 1926
207 1927
163 1928
1402 1929
1550 1930
262 1931
546 1932
1078 1933
38 1934
1311 1935
368 1936
1768 1937
1122 1938
800 1939
1744 1940
811 1941
1161 1942
386 1943
704 1944
1834 1945
1331 1946
1727 1947
1768 1948
979 1949
1592 1950
603 1951
1471 1952
109 1953
1745 1954
42 1955
131 1956
1075 1957
1264 1958
186 1959
1821 1960
726 1961
1073 1962
1215 1963
204 1964
907 1965
1578 1966
1085 1967
1113 1968
500 1969
1309 1970
973 1971
98 1972
1910 1973
686 1974
72 1975
766 1976
413 1977
578 1978
399 1979
451 1980
1164 1981
236 1982
1601 1983
1867 1984
694 1985
439 1986
886 1987
1730 1988
42 1989
1640 1990
555 1991
123 1992
550 1993
1048 1994
332 1995
1847 1996
329 1997
1882 1998
961 1999
746 2000
1803 1215
1711 1268
153 1972
156 1550
313 1347
1107 1440
1363 500
1397 188
1439 1684
389 451
688 779
1950 774
574 1156
1686 1029
291 710
170 1545
1720 407
975 357
434 164
1623 1599
204 351
498 921
1410 1739
1282 234
1278 813
1741 998
315 982
711 1846
1125 915
1172 879
250 396
493 1103
1724 141
1743 1166
1773 1283
1376 802
159 877
1852 1523
426 221
334 975
1650 831
1958 1359
1982 1637
912 1179
582 1688
205 1967
497 1007
1884 1667
1525 1093
781 768
1718 134
467 419
1057 415
80 1879
239 1327
141 881
1840 1802
1874 1669
1358 1332
1921 1110
793 357
1270 1492
1950 571
168 1641
996 978
710 256
657 291
938 1839
622 671
1822 450
1903 561
1723 56
422 1125
1406 993
1632 1629
900 1590
1527 314
9 1596
1160 1026
1986 405
529 1330
1145 638
1636 1425
1795 805
1788 651
454 1857
888 760
1617 212
1063 1014
1780 685
1029 1896
1861 808
970 1683
1518 1052
389 1986
781 522
474 1682
952 1707
621 1494
737 378
1938 1329
1385 806
1782 1115
1564 380
1512 816
1627 793
912 636
1710 905
53 1884
1855 947
410 1223
423 158
1009 1911
897 1315
1044 176
988 703
1021 1918
1625 1570
1010 1948
1563 726
1798 1293
1292 1848
633 1992
580 1346
982 1558
681 418
1971 875
1545 1488
506 815
915 838
809 459
222 1907
1017 1660
1269 1878
1245 84
1347 869
1803 807
1798 1609
635 1979
682 1823
1295 1060
830 1899
820 550
200 87
401 1231
71 918
1412 1243
471 1383
322 1876
314 1392
1912 1144
843 1535
483 401
252 1472
1842 282
1685 1826
1963 1571
865 863
1513 810
115 135
1224 1570
429 1842
385 876
82 1324
1708 1658
532 108
1343 1192
1694 639
980 1412
1714 419
1161 1861
1978 1399
854 1296
1124 1716
1381 275
117 623
1855 65
809 1027
116 248
1335 375
1985 1283
116 410
934 1006
570 1302
695 1503
1372 748
319 399
897 1712
1704 1242
116 1672
1269 1465
210 1231
1415 1658
72 1656
626 244
1595 328
1453 955
596 1602
1553 1629
153 129
841 916
727 612
1262 1272
589 980
344 1041
1606 1868
1110 733
1890 189
1588 876
337 1031
901 866
495 56
1038 1625
1850 1691
845 325
37 1115
817 597
1374 214
219 409
1954 703
1549 1955
1070 1947
777 480
818 1180
1182 844
293 728
870 1940
612 1202
133 1890
1716 375
343 480
1098 1110
851 652
1167 879
598 1313
25 807
542 250
724 1251
823 648
979 1306
1053 73
1195 658
1041 1614
641 1993
188 1623
890 1000
1333 612
1132 273
1710 588
569 1079
985 1592
1347 1480
170 852
1273 1210
1811 845
1494 819
1010 137
24 1819
466 442
1311 1195
334 95
1300 1545
383 1842
1624 204
1971 433
281 682
1692 1542
66 184
1877 1556
1386 1159
746 1535
472 1003
1807 1156
500 610
892 1308
1872 716
1160 1430
1057 427
509 156
1060 1492
1323 1478
1965 180
154 201
405 1087
1272 368
1618 1850
353 22
488 1667
936 279
1454 1808
1857 1384
1348 617
602 446
753 1038
134 195
602 577
1403 1633
1772 349
1877 83
938 149
89 1398
1702 27
1791 269
746 1195
1168 1980
1261 1386
1615 1912
1871 1466
317 492
1823 1577
156 1712
1264 1630
1496 1263
1420 721
245 946
371 1457
690 1261
1206 205
1280 831
840 1081
1191 183
45 899
838 1546
1668 1681
872 1369
1143 1351
6 1244
1269 1829
283 1508
1689 200
351 1462
822 1727
302 151
423 910
228 51
1935 894
675 727
359 1321
1166 1971
1857 1117
1806 1665
1317 891
759 95
204 1859
1164 1827
567 1740
586 90
1458 1417
749 1814
525 366
898 1057
20 1668
1485 1259
1217 1863
141 740
548 1405
1312 1849
811 1187
832 1382
85 924
1990 1936
1091 1336
1767 1121
1193 722
1470 1709
510 126
721 115
948 956
405 1873
1256 607
1330 892
1408 1589
1466 1331
1682 1603
1347 986
824 248
1102 244
324 1879
613 203
1613 832
1819 262
365 325
466 1015
1865 362
838 1455
1270 1662
1310 903
1798 380
1635 555
298 1377
1613 128
808 1635
1933 1665
906 380
1886 1310
1497 740
1451 536
729 320
1935 1216
724 874
1501 1101
1048 349
1605 837
1751 1511
486 1485
1993 838
1711 1177
535 85
1619 530
298 121
429 1192
1070 424
1802 96
735 546
1612 124
274 204
220 1405
1608 913
231 1678
771 1577
109 1215
279 1857
1399 1288
760 1670
1412 148
846 1534
203 576
120 1646
32 1515
1069 168
1264 1133
1412 1398
1942 1614
1343 31
240 1399
422 674
1242 1576
628 546
1177 1955
837 1409
1956 1732
1107 1216
210 801
610 905
1379 22
1363 1408
149 1459
1341 1055
1039 535
1015 1338
730 380
505 1446
556 475
1076 343
1267 1205
1101 695
505 871
164 274
1837 820
825 1629
288 1552
1292 576
670 277
1673 959
1859 1730
355 930
804 688
216 527
1007 1306
300 530
1204 511
1240 1079
1209 830
689 333
1866 738
168 972
459 508
615 1233
1356 720
566 643
1135 1462
361 830
1778 1888
1431 1598
536 471
182 1368
141 699
1904 485
385 1315
1110 644
1016 1290
295 262
528 657
1123 1565
395 1906
450 91
1098 1354
809 960
848 175
1355 591
1288 427
1964 706
311 329
1286 1363
486 1264
308 1628
956 66
1098 494
680 1241
931 1298
1198 1930
920 901
916 604
1684 987
1566 150
741 322
394 1308
573 1063
195 1340
1259 1239
488 1880
206 35
1223 15
277 509
888 37
302 338
995 702
1622 5
1288 829
547 1946
1283 1340
1092 1902
1655 1616
899 182
930 1105
1771 1188
1152 962
1166 351
1824 1495
142 48
1565 1281
1949 999
702 87
1686 1102
1391 1735
206 829
868 1992
1781 606
299 1443
203 1255
1845 1433
1441 1260
506 736
1035 183
1568 1611
120 1197
1239 1306
273 983
273 329
1015 934
5 1553
1516 1604
1309 302
1357 143
1908 829
198 1249
130 394
674 1292
1816 693
619 972
161 1296
490 1805
157 630
1060 1575
1928 1548
204 1054
1810 1746
1929 371
1377 482
953 1865
475 666
697 627
77 408
1130 735
779 787
1268 537
1168 1387
1555 1849
1299 1333
258 20
465 315
749 357
1886 1191
539 793
542 737
1687 1338
1507 1159
1654 1738
1869 563
1929 1505
585 1434
475 1704
109 1655
1305 163
1590 244
661 839
1628 1568
1595 1875
1520 330
1782 1391
995 675
253 1311
1587 1042
1243 753
1337 114
1793 222
1298 1322
1472 895
1583 134
1612 1885
389 494
118 513
227 1340
920 893
1818 1613
1799 1143
519 1972
1866 1403
121 1427
197 1448
1402 601
1746 1377
1370 308
1555 1661
1561 304
1416 814
690 385
294 542
291 345
1281 483
820 258
1095 240
475 81
1262 1967
602 135
655 1646
1877 459
97 52
1996 716
1673 1415
175 1882
1639 300
1773 1193
225 1059
905 1509
800 1858
693 1727
1119 1063
1194 598
447 1265
1582 132
416 1159
1268 329
1088 1838
1979 569
666 330
1532 824
1932 1882
27 1403
1206 1008
500 1175
1837 989
90 1749
1276 149
1876 1837
1632 304
828 1858
937 971
1128 1046
985 125
780 1750
723 1666
628 1822
67 588
337 564
862 1263
1417 1806
762 1381
1589 1099
1878 1412
1427 1324
1973 106
1098 499
1747 893
756 686
1404 375
751 1208
1451 1620
1156 1829
336 536
410 1568
37 483
1520 926
744 1945
555 914
196 1210
584 114
1019 1513
1105 1333
1114 1978
316 314
787 995
682 1539
1447 1524
1734 729
395 1003
1677 488
368 855
1068 875
987 2
794 58
808 331
1731 828
1997 1780
1629 272
36 505
1185 1223
1439 72
541 1752
1875 1936
174 1847
1807 1222
1506 527
822 1913
924 1026
703 1356
816 597
580 1861
391 1321
1145 317
1501 1030
26 1415
949 1186
240 1858
1578 1708
866 1700
1781 1455
1922 598
797 814
1919 1493
390 971
999 1827
1858 1110
842 998
1469 1941
450 1690
1277 683
598 1448
1078 658
221 1386
1525 179
625 726
169 299
308 854
1554 172
3 1630
1402 160
555 1269
1666 1072
367 378
1365 1
1985 1531
157 316
1771 1726
387 1983
1661 75
530 374
1053 800
1998 1564
1630 1322
1227 1089
987 870
1597 96
936 1533
1821 1627
1798 1025
1650 1657
167 282
108 1094
1621 1406
1113 1576
531 384
1730 1212
364 1588
241 1998
1418 1849
211 1983
668 1872
1915 1420
930 1982
202 1108
1182 1210
1634 317
1095 1631
1065 1453
144 1335
865 1080
683 1473
1863 1226
680 340
149 840
332 568
542 1434
617 1780
441 1072
1907 973
1222 919
1411 353
1591 707
1923 1389
1946 1318
703 1592
1340 315
1056 1671
1003 378
1511 693
1205 1252
315 1776
1135 591
1495 511
752 131
1832 1632
903 1772
1306 342
864 1164
912 978
1256 1874
1600 668
619 918
1926 1329
407 1241
210 1092
1480 735
612 287
1942 1091
1898 926
776 778
1313 1777
968 1872
1487 1851
1102 43
236 1115
308 868
831 123
587 198
1764 1788
1889 1630
35 1353
89 177
395 1973
173 1576
238 907
658 1839
1778 992
1345 1022
1793 1935
268 337
418 823
1533 1982
1936 1114
737 841
519 1418
1263 725
1891 1710
177 1369
863 1144
1591 1585
1131 482
396 753
354 1410
46 1018
33 199
379 1073
1756 1933
1307 177
1488 223
416 1874
1919 786
1558 811
1029 106
598 1715
1510 1313
1291 1415
1479 132
1606 1162
894 457
1905 1493
1995 1210
1161 1720
598 957
1631 11
1528 1862
399 678
1874 644
1602 603
1893 1906
1749 425
554 644
1743 1812
1074 615
606 1157
952 176
1623 1732
1954 52
767 1126
1251 354
880 314
1090 1209
1610 1890
1356 1039
1667 1129
672 1775
1613 24
1658 1910
1093 1600
905 1912
1496 1623
1999 1486
1402 921
1442 448
220 923
934 1255
826 687
1914 76
208 1549
792 75
8 1009
1124 257
200 1554
1734 1013
122 1047
359 106
189 884
1609 613
147 1966
1214 1746
334 1050
217 139
296 894
1248 741
1472 395
1924 1936
350 1625
404 1158
284 314
586 374
717 1835
1238 726
522 429
459 1340
1927 813
1914 635
1531 1646
347 995
85 1285
341 1181
1644 1999
1867 255
255 1784
547 973
1310 503
999 554
1504 262
1306 1848
1665 1650
1815 1614
735 884
356 44
1788 1616
1892 317
147 1505
156 498
470 534
1004 1366
83 335
97 623
1900 814
623 972
1399 747
498 876
604 1537
1205 455
322 701
1400 1231
833 233
1863 670
1720 1975
165 1730
1758 1514
1700 788
1236 92
387 630
537 162
240 173
1017 1740
1883 1483
74 963
184 31
282 1584
1452 183
814 858
1002 745
620 202
359 682
1835 75
118 392
1740 496
1060 1742
1322 175
997 710
1673 342
717 455
1983 287
30 1099
1718 1978
1954 1758
1662 174
1932 355
643 317
389 1547
647 1475
1344 1647
202 335
1414 559
367 85
1740 736
216 1184
1078 1462
497 1389
1312 566
1956 1483
1718 145
1563 440
1931 1750
2000 425
768 761
162 1784
1656 392
624 735
969 1539
1796 529
966 876
872 1834
352 174
1659 927
1546 501
1986 1468
556 1967
441 810
1269 1546
652 1483
1275 226
1359 169
545 579
82 1819
1519 1579
1222 1523
1066 366
1268 828
474 586
661 330
783 234
776 837
404 1133
442 1039
638 1523
1806 788
519 951
659 965
992 852
1924 1822
226 1926
1339 193
989 1978
83 1148
443 1377
363 1093
1076 766
1557 1121
1277 710
1760 1373
1991 1759
426 13
940 284
1051 678
618 1457
783 1042
849 1677
1995 1388
1691 1730
121 1038
1461 1211
1137 651
1312 1960
1562 1570
1772 679
1693 1557
127 1873
721 1480
240 1135
1440 97
20 852
1270 397
1132 144
420 1734
1395 1367
494 1635
537 1088
1386 1232
503 926
222 1555
68 759
883 1482
486 961
482 1499
1944 178
532 1940
1298 762
1987 1342
1046 863
52 123
214 1737
1864 196
951 471
1016 211
1967 748
945 216
1998 465
967 481
466 310
1780 760
1820 602
1946 996
1414 1743
340 921
1749 1401
1023 791
1017 1663
82 1171
961 589
999 1357
1117 1286
108 1290
1981 413
1888 1937
741 731
1011 658
1486 1772
1526 939
1403 791
234 1400
204 1743
1119 1506
431 559
1816 1916
340 817
29 1665
742 732
1748 103
798 439
1557 1414
607 611
1130 1558
128 240
556 660
1500 379
1177 1515
1638 776
938 946
1520 22
93 238
846 55
1112 210
1259 1040
1940 841
1212 1579
1184 1746
1926 10
583 1875
245 1055
1566 1811
1416 1345
1495 53
1241 438
963 1196
1169 1778
307 1315
132 1695
1548 1358
1362 952
1280 434
731 577
894 1533
598 749
392 315
454 630
626 1416
1846 790
1732 1464
1945 517
179 52
1984 1346
1737 797
1967 803
312 62
1213 25
292 674
437 110
1457 157
1074 343
1035 158
1446 1698
1976 1183
1343 260
56 1014
77 1712
1528 31
121 768
1463 93
649 178
620 1640
1249 554
591 543
1471 1104
1333 1822
132 881
1492 1587
1405 112
230 16
89 1339
124 1583
1708 1037
43 45
1014 676
1762 1246
370 344
1183 852
1746 1911
1078 1998
1301 1827
1396 1342
920 927
1355 468
1183 1731
765 79
781 1830
1098 829
1894 1947
194 1337
699 823
662 1335
1306 1462
535 1452
242 1986
344 1261
997 111
60 1065
1169 46
1808 857
431 920
776 1223
1857 1050
724 659
761 1888
1727 228
1105 727
928 696
1784 275
1495 361
878 1135
1919 1231
10 1072
1443 598
993 1091
802 745
1513 1039
523 245
1739 1163
979 553
428 674
829 50
1638 612
10 1842
1928 705
1113 689
616 995
775 633
536 1787
1884 864
1451 783
495 925
780 345
1640 1271
153 6
1809 238
713 180
1055 154
403 290
361 934
1435 1187
882 1902
742 1920
335 1346
535 1455
1964 1909
252 1518
250 736
1499 1529
1085 616
981 190
1822 1376
308 932
833 1469
301 206
171 444
296 462
1390 553
1173 913
1746 738
502 255
1897 411
416 1579
1569 350
1500 655
1008 1959
1126 1725
120 681
745 1641
1026 347
1030 322
1475 1745
1096 1203
26 1923
802 1443
101 1046
529 206
591 1433
828 552
1329 1748
1902 262
1303 310
243 1145
344 1606
686 1304
1168 1035
1692 295
702 78
707 1598
1736 334
1732 1113
883 1472
800 82
513 1897
1005 1875
221 1749
1219 1273
976 824
1049 988
896 1454
618 1987
168 358
948 1101
857 1065
979 1283
1509 447
328 1833
688 600
717 875
1424 810
991 980
1078 1073
1151 1007
824 1146
696 1009
1946 930
25 1265
1894 662
1977 1309
1855 276
688 385
315 1238
84 1516
704 662
2 1627
1964 1293
1946 105
1953 1573
933 527
1486 1509
1531 1869
935 1213
825 186
1718 258
1935 1537
1876 887
502 1810
1800 1484
371 606
1595 570
1601 21
463 734
1347 1818
1955 1146
1880 1272
514 313
1205 1624
328 1693
1059 1679
739 1683
1932 1107
1848 1746
1095 761
1817 662
948 1651
996 376
143 1874
979 777
1851 534
1867 1736
753 773
840 1037
1168 1140
1733 274
1904 776
21 1767
270 954
1474 1520
1117 1974
285 1139
1706 1689
1958 1217
12 1112
691 1710
475 1789
98 355
959 1892
1913 1210
1087 122
110 65
1015 228
1250 101
961 1498
1298 95
1850 896
1803 456
1079 885
1048 1136
1933 251
1140 1988
203 1565
810 841
1064 1506
41 448
314 1596
1846 590
1351 1867
1659 829
887 1084
1092 1661
1193 50
1408 491
150 1523
315 1753
514 677
1462 324
1710 251
63 237
862 642
572 819
1674 1744
1257 1900
1622 639
469 321
582 544
130 1378
856 1500
398 1559
356 1889
871 1799
353 1347
583 1265
1010 843
685 1558
163 1333
578 1278
1544 1836
463 113
30 129
145 885
1886 30
957 382
313 701
533 331
1209 501
1602 1197
1671 1824
1160 1169
125 78
476 1854
1828 51
490 481
387 245
1540 273
587 740
1383 949
1403 992
1647 1193
937 1165
346 542
1388 1834
296 1667
827 1681
4 1665
11 1600
652 1909
449 645
1833 856
785 1699
226 49
35 1129
573 952
1326 776
1350 845
669 537
471 799
1071 445
613 1954
1431 232
1400 1094
545 140
1017 225
52 1441
1570 1782
1755 666
1755 167
482 534
699 857
766 44
699 54
1063 1416
942 1387
356 382
205 38
1163 1434
1238 1566
1384 1799
407 1798
1215 1096
1089 1057
59 955
1310 226
1650 188
1537 1853
8 1873
844 1440
1485 1974
70 815
1533 1614
1545 655
1321 431
1103 962
98 324
981 455
1402 968
1824 1095
1621 1049
1644 313
1090 934
508 1525
1481 1012
617 646
1140 1255
619 1506
79 564
1688 1311
1444 1610
199 651
1849 1035
629 1568
1731 272
1939 1526
941 1789
1384 1711
1901 774
1435 1437
1798 186
268 537
672 1877
1237 628
1442 1900
588 315
213 1940
1635 1939
1327 1546
1334 1129
826 843
373 169
1586 1860
326 119
125 129
1597 939
1896 667
1310 373
600 564
1372 262
959 985
1791 1264
1038 268
1361 1121
1050 919
1239 632
646 852
959 1202
1092 454
628 1024
839 431
1848 1105
1056 637
1375 1782
653 45
530 9
1372 1713
1842 1320
237 966
867 1602
908 987
1368 293
1682 1235
557 611
70 1977
1283 1628
1057 442
81 197
1957 1826
330 961
1207 1740
538 802
981 300
672 757
1148 688
1965 660
891 392
1181 1155
622 337
807 1779
242 1800
282 1821
1565 1528
1247 1146
898 774
1746 1696
1434 1894
1273 1819
682 1658
1647 1263
526 1016
1678 1415
883 1411
864 1712
810 922
1005 1686
682 1192
1189 803
1251 1663
891 1510
1002 1462
420 750
1605 1403
1719 1097
1301 1452
1532 1038
1384 665
1698 289
1372 118
97 575
979 1040
114 1649
531 316
788 90
195 1200
176 1019
1886 1025
1614 1984
424 1144
1070 320
1455 1146
1061 785
546 1015
1613 1738
1287 896
5 462
1833 796
644 1734
882 174
1481 1146
1346 1418
533 1207
130 670
1488 889
1958 1612
1316 525
699 444
988 538
25 314
1230 1711
1105 107
1602 76
1799 335
139 1862
1634 319
1550 1506
1189 313
1341 755
1384 1379
246 1782
881 671
51 1531
1013 634
649 143
1862 1537
449 317
1851 1580
210 733
690 397
1804 1762
651 1403
933 419
1645 1400
1559 1392
1127 236
1102 1388
939 1945
1865 1295
1468 1217
1219 1150
1994 224
1984 706
280 1597
1416 1251
1232 172
1746 1875
11 781
620 431
1138 351
838 1104
1662 913
576 518
455 325
223 213
754 679
1936 386
51 418
3 1002
1276 1244
1799 734
1530 1607
983 1328
898 908
1023 1952
637 211
502 1606
804 268
1224 818
83 59
162 1243
1451 567
451 1657
529 165
1291 170
1866 1214
724 491
518 208
1367 1719
968 912
1249 1421
1222 1169
1790 858
434 598
914 702
1967 1112
146 938
897 503
1949 777
795 223
259 1843
1682 72
1508 8
49 54
1845 957
1112 771
764 820
1432 428
445 1405
509 860
1708 505
73 180
1110 1566
470 1633
200 1097
725 1386
1436 1942
604 1108
1903 423
421 191
331 250
1360 398
191 172
1117 1135
615 404
1991 1873
1625 1732
777 1056
679 1280
673 359
1478 483
1887 120
1745 270
1006 807
1098 549
176 1572
1293 23
844 604
62 1285
1224 1086
556 1152
1801 170
694 1525
1471 1204
1523 1588
1596 80
1556 1086
908 508
1467 1572
1554 800
441 1520
627 556
1233 1834
139 1500
158 107
1355 328
1590 837
784 1266
258 852
519 1075
622 1392
308 1488
1212 15
1278 1729
626 894
334 1153
1514 1839
1872 692
701 218
1781 391
394 492
965 15
106 888
1147 1077
1894 668
818 1352
48 1076
1609 582
1988 13
1842 232
1761 1055
1487 614
988 552
1112 914
1949 740
381 720
1245 295
1580 873
980 812
1887 193
253 323
4 1148
1570 1682
799 1831
1009 1035
1678 126
1089 965
2 576
924 1308
300 953
144 88
1533 123
1654 69
944 1015
368 211
167 634
1634 1870
268 1184
32 270
1548 1796
134 1082
165 700
1056 1447
930 1081
1683 632
1008 234
263 572
216 481
1106 806
1119 155
246 1920
1495 1761
48 1642
1876 220
1083 479
1323 412
259 1402
598 1271
1638 1043
152 480
1850 468
835 600
910 1795
1216 1910
1246 1549
861 492
331 559
1425 1741
99 19
739 1673
317 411
851 1749
1213 1192
717 880
703 423
337 116
1804 1167
1331 399
156 1070
80 1428
408 992
1011 1335
794 1250
179 1391
886 440
1796 1323
995 310
1850 811
1459 1437
864 126
1768 1006
973 1959
1611 167
748 861
1995 903
1930 432
31 1078
1780 27
179 1171
1851 1944
279 1199
1912 1694
1810 77
500 1564
91 444
1521 671
1961 1884
467 1064
1454 1628
1080 1416
297 1695
1659 1963
1933 1973
1758 1913
510 1716
683 1443
1078 1767
565 320
1955 1032
294 32
694 191
664 1606
940 778
1982 1
1010 179
520 245
1529 353
1352 1309
325 1514
1051 1788
972 199
1387 1304
1130 1875
199 327
899 1708
782 636
376 806
