2000 4000 200
1 2
1 3
2 4
2 5
5 6
3 7
1 8
2 9
6 10
5 11
3 12
1 13
8 14
10 15
10 16
14 17
13 18
15 19
5 20
6 21
8 22
17 23
1 24
7 25
23 26
13 27
8 28
2 29
14 30
7 31
17 32
3 33
14 34
8 35
34 36
22 37
1 38
33 39
18 40
6 41
13 42
35 43
22 44
31 45
29 46
26 47
40 48
1 49
13 50
10 51
7 52
20 53
5 54
33 55
22 56
31 57
2 58
23 59
30 60
1 61
54 62
1 63
5 64
8 65
62 66
9 67
12 68
62 69
66 70
24 71
39 72
70 73
19 74
28 75
54 76
66 77
66 78
55 79
17 80
41 81
75 82
35 83
72 84
48 85
34 86
23 87
62 88
24 89
82 90
38 91
39 92
73 93
21 94
84 95
62 96
15 97
86 98
18 99
84 100
89 101
44 102
18 103
23 104
30 105
62 106
52 107
72 108
16 109
104 110
52 111
47 112
82 113
55 114
43 115
92 116
115 117
103 118
8 119
15 120
40 121
51 122
62 123
94 124
113 125
60 126
77 127
70 128
1 129
103 130
126 131
59 132
67 133
52 134
22 135
54 136
67 137
127 138
50 139
120 140
136 141
12 142
86 143
37 144
69 145
50 146
4 147
39 148
78 149
15 150
47 151
85 152
81 153
9 154
89 155
79 156
46 157
131 158
29 159
9 160
80 161
142 162
141 163
35 164
101 165
10 166
106 167
140 168
4 169
163 170
18 171
71 172
124 173
128 174
84 175
54 176
135 177
131 178
163 179
2 180
83 181
120 182
36 183
178 184
13 185
22 186
50 187
142 188
140 189
49 190
164 191
58 192
122 193
182 194
182 195
102 196
9 197
102 198
116 199
68 200
62 201
8 202
42 203
121 204
3 205
127 206
99 207
105 208
115 209
115 210
159 211
137 212
47 213
129 214
127 215
138 216
132 217
85 218
215 219
138 220
109 221
65 222
80 223
33 224
186 225
49 226
137 227
130 228
74 229
2 230
48 231
79 232
50 233
99 234
154 235
121 236
233 237
36 238
238 239
230 240
187 241
165 242
2 243
46 244
241 245
215 246
231 247
129 248
178 249
133 250
25 251
25 252
252 253
214 254
68 255
147 256
19 257
19 258
22 259
203 260
58 261
5 262
117 263
131 264
218 265
69 266
21 267
128 268
265 269
90 270
16 271
106 272
150 273
268 274
31 275
101 276
173 277
79 278
229 279
11 280
169 281
80 282
66 283
34 284
274 285
163 286
178 287
256 288
276 289
205 290
131 291
212 292
129 293
89 294
78 295
122 296
119 297
26 298
275 299
249 300
231 301
34 302
5 303
102 304
80 305
247 306
85 307
244 308
170 309
291 310
280 311
58 312
130 313
95 314
291 315
77 316
208 317
302 318
139 319
182 320
86 321
105 322
162 323
33 324
68 325
272 326
224 327
149 328
264 329
73 330
263 331
66 332
319 333
156 334
271 335
175 336
314 337
193 338
21 339
25 340
217 341
264 342
197 343
291 344
14 345
329 346
280 347
21 348
331 349
230 350
168 351
176 352
343 353
139 354
180 355
271 356
192 357
132 358
313 359
55 360
196 361
355 362
88 363
307 364
146 365
129 366
6 367
315 368
308 369
73 370
248 371
331 372
24 373
285 374
206 375
184 376
156 377
23 378
348 379
84 380
121 381
362 382
135 383
294 384
14 385
53 386
317 387
372 388
67 389
62 390
223 391
104 392
132 393
310 394
364 395
162 396
168 397
91 398
328 399
96 400
6 401
20 402
344 403
21 404
348 405
80 406
94 407
21 408
255 409
77 410
200 411
42 412
178 413
305 414
208 415
300 416
285 417
4 418
283 419
336 420
393 421
109 422
116 423
7 424
184 425
226 426
346 427
68 428
323 429
406 430
193 431
278 432
250 433
155 434
152 435
180 436
391 437
181 438
271 439
334 440
117 441
322 442
145 443
86 444
211 445
13 446
106 447
296 448
179 449
194 450
94 451
185 452
373 453
371 454
201 455
344 456
161 457
393 458
19 459
113 460
343 461
122 462
388 463
376 464
396 465
274 466
284 467
90 468
458 469
35 470
71 471
292 472
16 473
229 474
70 475
368 476
434 477
435 478
118 479
479 480
224 481
439 482
384 483
431 484
145 485
293 486
275 487
474 488
431 489
43 490
150 491
415 492
192 493
171 494
260 495
385 496
154 497
114 498
203 499
61 500
421 501
336 502
201 503
365 504
101 505
136 506
42 507
381 508
27 509
7 510
368 511
190 512
291 513
187 514
189 515
472 516
456 517
101 518
89 519
360 520
65 521
71 522
277 523
280 524
479 525
440 526
265 527
71 528
203 529
30 530
182 531
363 532
193 533
302 534
166 535
168 536
151 537
14 538
369 539
350 540
89 541
125 542
414 543
57 544
15 545
44 546
161 547
334 548
404 549
116 550
473 551
29 552
176 553
507 554
89 555
207 556
388 557
234 558
454 559
22 560
72 561
221 562
22 563
442 564
5 565
126 566
303 567
565 568
355 569
507 570
388 571
567 572
96 573
559 574
467 575
300 576
153 577
321 578
388 579
136 580
553 581
201 582
269 583
531 584
202 585
252 586
347 587
407 588
509 589
232 590
362 591
550 592
289 593
352 594
401 595
74 596
20 597
156 598
579 599
285 600
202 601
205 602
217 603
564 604
81 605
181 606
80 607
582 608
527 609
504 610
322 611
607 612
87 613
305 614
143 615
365 616
415 617
114 618
397 619
19 620
462 621
493 622
44 623
244 624
100 625
209 626
519 627
555 628
548 629
183 630
329 631
113 632
215 633
187 634
77 635
169 636
448 637
25 638
33 639
548 640
374 641
535 642
262 643
179 644
451 645
159 646
360 647
68 648
203 649
341 650
646 651
61 652
89 653
612 654
398 655
655 656
207 657
509 658
390 659
485 660
74 661
268 662
600 663
79 664
121 665
518 666
410 667
165 668
255 669
164 670
630 671
227 672
301 673
345 674
420 675
667 676
222 677
318 678
463 679
179 680
464 681
102 682
667 683
240 684
529 685
586 686
494 687
215 688
547 689
62 690
97 691
246 692
589 693
443 694
329 695
366 696
239 697
132 698
72 699
365 700
470 701
140 702
130 703
534 704
238 705
134 706
453 707
174 708
606 709
517 710
435 711
315 712
657 713
537 714
320 715
67 716
228 717
594 718
92 719
433 720
427 721
355 722
36 723
308 724
663 725
724 726
289 727
28 728
441 729
360 730
6 731
664 732
159 733
1 734
420 735
483 736
578 737
177 738
325 739
736 740
146 741
292 742
112 743
199 744
437 745
663 746
637 747
133 748
445 749
690 750
708 751
543 752
240 753
499 754
253 755
700 756
145 757
249 758
628 759
395 760
517 761
224 762
697 763
312 764
605 765
443 766
230 767
277 768
61 769
690 770
594 771
479 772
132 773
624 774
704 775
763 776
275 777
38 778
382 779
62 780
750 781
327 782
514 783
124 784
743 785
695 786
510 787
558 788
161 789
353 790
63 791
753 792
258 793
74 794
627 795
216 796
280 797
348 798
317 799
432 800
195 801
633 802
285 803
283 804
731 805
135 806
191 807
382 808
540 809
303 810
47 811
536 812
253 813
225 814
566 815
560 816
427 817
572 818
271 819
750 820
163 821
802 822
170 823
2 824
129 825
263 826
217 827
549 828
740 829
393 830
382 831
706 832
390 833
609 834
235 835
666 836
103 837
368 838
783 839
724 840
228 841
480 842
95 843
800 844
56 845
721 846
323 847
149 848
309 849
103 850
322 851
796 852
833 853
236 854
731 855
479 856
400 857
573 858
414 859
267 860
404 861
318 862
551 863
534 864
213 865
290 866
63 867
678 868
357 869
47 870
108 871
166 872
484 873
784 874
564 875
375 876
745 877
305 878
790 879
872 880
82 881
706 882
715 883
266 884
132 885
194 886
666 887
706 888
411 889
366 890
843 891
19 892
646 893
704 894
755 895
293 896
92 897
816 898
844 899
625 900
105 901
686 902
135 903
54 904
573 905
632 906
461 907
468 908
459 909
102 910
151 911
277 912
712 913
616 914
477 915
717 916
280 917
180 918
489 919
749 920
293 921
805 922
769 923
610 924
96 925
337 926
283 927
79 928
93 929
593 930
144 931
744 932
913 933
799 934
519 935
762 936
97 937
145 938
59 939
357 940
874 941
728 942
456 943
341 944
77 945
843 946
592 947
240 948
589 949
54 950
222 951
372 952
234 953
467 954
552 955
568 956
630 957
330 958
860 959
366 960
738 961
327 962
878 963
434 964
136 965
383 966
518 967
559 968
205 969
391 970
8 971
951 972
603 973
141 974
911 975
299 976
52 977
851 978
977 979
309 980
333 981
314 982
371 983
908 984
294 985
734 986
420 987
941 988
448 989
307 990
966 991
799 992
841 993
350 994
658 995
137 996
574 997
374 998
72 999
343 1000
859 1001
844 1002
298 1003
952 1004
702 1005
100 1006
899 1007
728 1008
296 1009
741 1010
464 1011
663 1012
465 1013
199 1014
385 1015
291 1016
460 1017
996 1018
38 1019
366 1020
72 1021
268 1022
331 1023
723 1024
863 1025
1014 1026
528 1027
264 1028
28 1029
189 1030
213 1031
723 1032
703 1033
593 1034
595 1035
38 1036
459 1037
478 1038
332 1039
219 1040
518 1041
855 1042
939 1043
140 1044
298 1045
36 1046
997 1047
329 1048
886 1049
978 1050
338 1051
754 1052
836 1053
658 1054
868 1055
201 1056
428 1057
895 1058
741 1059
1023 1060
434 1061
1039 1062
491 1063
919 1064
57 1065
118 1066
891 1067
513 1068
201 1069
31 1070
817 1071
212 1072
738 1073
93 1074
161 1075
431 1076
133 1077
917 1078
253 1079
149 1080
1073 1081
492 1082
529 1083
196 1084
676 1085
23 1086
1040 1087
471 1088
706 1089
701 1090
781 1091
814 1092
980 1093
711 1094
461 1095
443 1096
114 1097
442 1098
1028 1099
890 1100
272 1101
488 1102
969 1103
437 1104
279 1105
110 1106
134 1107
798 1108
504 1109
121 1110
531 1111
696 1112
987 1113
331 1114
338 1115
716 1116
611 1117
254 1118
13 1119
325 1120
435 1121
584 1122
675 1123
365 1124
524 1125
173 1126
372 1127
745 1128
318 1129
673 1130
726 1131
975 1132
116 1133
754 1134
291 1135
1016 1136
701 1137
661 1138
950 1139
551 1140
594 1141
486 1142
129 1143
568 1144
611 1145
273 1146
478 1147
1103 1148
379 1149
363 1150
783 1151
3 1152
328 1153
503 1154
591 1155
1136 1156
832 1157
338 1158
933 1159
355 1160
252 1161
872 1162
1068 1163
398 1164
507 1165
795 1166
117 1167
1161 1168
507 1169
904 1170
1025 1171
1160 1172
470 1173
397 1174
113 1175
376 1176
1166 1177
3 1178
420 1179
132 1180
800 1181
147 1182
1147 1183
669 1184
313 1185
522 1186
249 1187
822 1188
636 1189
143 1190
848 1191
288 1192
683 1193
738 1194
178 1195
839 1196
1073 1197
871 1198
240 1199
244 1200
17 1201
336 1202
614 1203
755 1204
962 1205
395 1206
27 1207
673 1208
668 1209
4 1210
1168 1211
969 1212
785 1213
979 1214
526 1215
226 1216
335 1217
577 1218
329 1219
720 1220
302 1221
1025 1222
919 1223
650 1224
403 1225
816 1226
337 1227
622 1228
187 1229
565 1230
930 1231
111 1232
1098 1233
101 1234
423 1235
481 1236
806 1237
1141 1238
1155 1239
281 1240
5 1241
688 1242
37 1243
996 1244
1029 1245
954 1246
674 1247
1044 1248
212 1249
341 1250
637 1251
81 1252
1023 1253
540 1254
288 1255
768 1256
1107 1257
15 1258
1222 1259
1167 1260
1016 1261
862 1262
19 1263
922 1264
645 1265
248 1266
806 1267
120 1268
903 1269
816 1270
616 1271
1253 1272
1253 1273
27 1274
392 1275
317 1276
747 1277
726 1278
418 1279
310 1280
188 1281
719 1282
1128 1283
366 1284
967 1285
188 1286
1201 1287
770 1288
811 1289
313 1290
114 1291
36 1292
434 1293
153 1294
200 1295
40 1296
124 1297
880 1298
851 1299
1015 1300
466 1301
700 1302
1088 1303
121 1304
841 1305
839 1306
570 1307
1111 1308
1157 1309
549 1310
923 1311
287 1312
1061 1313
108 1314
217 1315
1055 1316
450 1317
793 1318
1262 1319
598 1320
1293 1321
927 1322
1079 1323
89 1324
179 1325
1048 1326
656 1327
514 1328
964 1329
676 1330
424 1331
1258 1332
672 1333
813 1334
1255 1335
693 1336
94 1337
126 1338
850 1339
2 1340
1007 1341
732 1342
543 1343
440 1344
55 1345
956 1346
277 1347
975 1348
429 1349
378 1350
255 1351
907 1352
8 1353
528 1354
611 1355
1130 1356
125 1357
997 1358
1024 1359
1261 1360
615 1361
645 1362
481 1363
954 1364
710 1365
1331 1366
563 1367
1067 1368
410 1369
609 1370
117 1371
1013 1372
1296 1373
3 1374
390 1375
1038 1376
544 1377
1158 1378
1358 1379
385 1380
45 1381
847 1382
133 1383
574 1384
575 1385
866 1386
54 1387
143 1388
1124 1389
387 1390
56 1391
526 1392
403 1393
450 1394
546 1395
975 1396
452 1397
14 1398
213 1399
363 1400
686 1401
1396 1402
499 1403
1083 1404
1037 1405
689 1406
246 1407
1003 1408
317 1409
751 1410
464 1411
911 1412
442 1413
1231 1414
927 1415
43 1416
924 1417
840 1418
1251 1419
673 1420
212 1421
994 1422
1245 1423
1384 1424
687 1425
32 1426
229 1427
56 1428
701 1429
276 1430
355 1431
200 1432
747 1433
689 1434
665 1435
912 1436
414 1437
148 1438
38 1439
1321 1440
1147 1441
1380 1442
661 1443
813 1444
366 1445
93 1446
299 1447
467 1448
1033 1449
190 1450
157 1451
569 1452
1064 1453
628 1454
249 1455
115 1456
1036 1457
960 1458
1364 1459
945 1460
612 1461
41 1462
86 1463
1246 1464
1315 1465
224 1466
1447 1467
336 1468
476 1469
1382 1470
968 1471
528 1472
692 1473
1375 1474
389 1475
914 1476
954 1477
1376 1478
1097 1479
1416 1480
742 1481
1293 1482
907 1483
423 1484
616 1485
1456 1486
1156 1487
904 1488
1442 1489
1323 1490
1032 1491
165 1492
1274 1493
560 1494
74 1495
1211 1496
1056 1497
933 1498
193 1499
19 1500
1057 1501
110 1502
1265 1503
1076 1504
897 1505
664 1506
212 1507
1076 1508
2 1509
83 1510
968 1511
1270 1512
81 1513
577 1514
658 1515
89 1516
625 1517
469 1518
993 1519
675 1520
972 1521
415 1522
658 1523
308 1524
1466 1525
1137 1526
1183 1527
1285 1528
29 1529
1101 1530
475 1531
610 1532
314 1533
1060 1534
1242 1535
1354 1536
125 1537
447 1538
633 1539
599 1540
125 1541
801 1542
1295 1543
1143 1544
837 1545
1181 1546
1006 1547
485 1548
1452 1549
1015 1550
519 1551
459 1552
857 1553
453 1554
24 1555
636 1556
57 1557
1031 1558
1277 1559
950 1560
299 1561
150 1562
1044 1563
826 1564
153 1565
340 1566
1508 1567
1345 1568
1531 1569
634 1570
142 1571
1552 1572
708 1573
361 1574
134 1575
189 1576
82 1577
1405 1578
1545 1579
1385 1580
599 1581
592 1582
1582 1583
83 1584
1235 1585
673 1586
790 1587
1336 1588
1139 1589
140 1590
1203 1591
1455 1592
610 1593
692 1594
1567 1595
329 1596
1221 1597
1426 1598
948 1599
820 1600
1079 1601
1251 1602
835 1603
1550 1604
1372 1605
27 1606
17 1607
1049 1608
1607 1609
1016 1610
1403 1611
1256 1612
363 1613
291 1614
1348 1615
46 1616
1175 1617
1562 1618
1560 1619
1135 1620
314 1621
338 1622
624 1623
697 1624
201 1625
33 1626
330 1627
433 1628
1498 1629
679 1630
1585 1631
188 1632
26 1633
1058 1634
1464 1635
1045 1636
160 1637
699 1638
19 1639
841 1640
1627 1641
454 1642
1 1643
1595 1644
1345 1645
583 1646
48 1647
1440 1648
481 1649
5 1650
682 1651
1537 1652
1424 1653
672 1654
376 1655
1444 1656
1058 1657
676 1658
2 1659
1379 1660
515 1661
1106 1662
298 1663
1284 1664
873 1665
906 1666
62 1667
206 1668
400 1669
323 1670
260 1671
1232 1672
584 1673
1489 1674
826 1675
799 1676
939 1677
897 1678
538 1679
758 1680
1030 1681
1437 1682
1538 1683
351 1684
666 1685
554 1686
1295 1687
499 1688
1678 1689
217 1690
1595 1691
937 1692
153 1693
768 1694
701 1695
1278 1696
1667 1697
146 1698
444 1699
1585 1700
942 1701
1200 1702
173 1703
87 1704
876 1705
591 1706
942 1707
367 1708
1676 1709
685 1710
673 1711
1588 1712
479 1713
709 1714
206 1715
1536 1716
1112 1717
130 1718
1190 1719
811 1720
994 1721
258 1722
1056 1723
529 1724
1050 1725
1501 1726
505 1727
494 1728
794 1729
664 1730
906 1731
82 1732
448 1733
1684 1734
1511 1735
845 1736
1608 1737
347 1738
97 1739
1330 1740
310 1741
1607 1742
684 1743
1517 1744
128 1745
627 1746
311 1747
1409 1748
1677 1749
751 1750
655 1751
782 1752
323 1753
578 1754
1606 1755
1736 1756
1594 1757
384 1758
1376 1759
907 1760
6 1761
980 1762
225 1763
12 1764
754 1765
1439 1766
531 1767
346 1768
217 1769
684 1770
1221 1771
1282 1772
1318 1773
930 1774
1423 1775
205 1776
1499 1777
1675 1778
1244 1779
925 1780
773 1781
729 1782
193 1783
1333 1784
1095 1785
1734 1786
1333 1787
529 1788
969 1789
1466 1790
1186 1791
551 1792
1350 1793
272 1794
802 1795
1444 1796
1771 1797
821 1798
1611 1799
1512 1800
222 1801
838 1802
1354 1803
207 1804
1740 1805
1199 1806
589 1807
592 1808
130 1809
1031 1810
595 1811
651 1812
1151 1813
941 1814
658 1815
1735 1816
1216 1817
471 1818
543 1819
1358 1820
1393 1821
799 1822
978 1823
59 1824
1321 1825
702 1826
1309 1827
812 1828
1825 1829
1414 1830
760 1831
1522 1832
6 1833
1452 1834
1225 1835
947 1836
642 1837
825 1838
903 1839
1442 1840
1088 1841
563 1842
910 1843
1261 1844
1843 1845
1451 1846
1270 1847
935 1848
1403 1849
402 1850
1699 1851
85 1852
897 1853
1737 1854
1538 1855
452 1856
269 1857
1423 1858
381 1859
739 1860
1194 1861
785 1862
483 1863
54 1864
224 1865
1356 1866
1305 1867
96 1868
1729 1869
1243 1870
305 1871
1741 1872
1689 1873
76 1874
806 1875
1831 1876
1470 1877
1838 1878
294 1879
1302 1880
443 1881
670 1882
716 1883
77 1884
988 1885
994 1886
419 1887
188 1888
891 1889
1505 1890
529 1891
1788 1892
488 1893
1028 1894
130 1895
1653 1896
544 1897
914 1898
354 1899
872 1900
285 1901
670 1902
471 1903
689 1904
889 1905
734 1906
4 1907
1744 1908
834 1909
30 1910
783 1911
1397 1912
221 1913
1740 1914
96 1915
1764 1916
848 1917
1738 1918
1267 1919
175 1920
773 1921
304 1922
217 1923
496 1924
1120 1925
1218 1926
188 1927
936 1928
423 1929
1637 1930
1713 1931
556 1932
1498 1933
1169 1934
909 1935
921 1936
609 1937
1607 1938
1722 1939
1153 1940
1438 1941
1404 1942
1096 1943
1580 1944
1445 1945
1519 1946
256 1947
1559 1948
1808 1949
39 1950
1922 1951
1471 1952
810 1953
1445 1954
1553 1955
1341 1956
311 1957
1049 1958
911 1959
89 1960
676 1961
1016 1962
741 1963
1202 1964
1454 1965
849 1966
279 1967
1158 1968
1077 1969
197 1970
563 1971
678 1972
77 1973
1442 1974
1667 1975
271 1976
1204 1977
1079 1978
1378 1979
847 1980
395 1981
1043 1982
1928 1983
1624 1984
322 1985
1458 1986
294 1987
601 1988
957 1989
819 1990
196 1991
494 1992
890 1993
191 1994
1763 1995
1240 1996
718 1997
1373 1998
124 1999
852 2000
311 979
765 913
499 1488
237 713
59 356
1379 841
1201 1679
1140 287
735 246
757 1936
1983 1198
363 212
1160 1447
1594 387
544 1790
1609 473
33 788
273 446
1682 916
1741 553
1646 1471
895 35
1576 79
232 1811
649 1744
1185 1386
521 1184
1059 1381
1021 1451
1488 1301
1505 1462
1928 267
1908 1181
1958 894
1217 568
822 1197
1391 1251
709 465
1408 1721
235 1915
802 935
1388 434
1507 1626
1806 574
20 1877
1274 552
660 888
1269 1827
326 651
522 917
1600 100
95 1815
268 1596
751 1207
1990 845
909 1226
297 655
1717 1915
1070 1816
999 1638
33 171
558 104
951 1554
162 1331
1338 134
1008 1609
1179 1086
1799 811
865 1900
1025 1181
29 1217
917 1235
1622 1806
1770 1423
1469 1514
117 264
1474 1409
1484 1935
1181 1154
1800 781
1092 550
408 567
800 1591
1708 1204
1452 1677
1792 878
945 169
538 447
351 1008
1971 205
1589 1338
1858 1879
1171 191
496 1480
838 1898
1507 1063
10 1888
79 1807
1771 504
558 554
1749 83
1529 1948
1203 797
1466 1262
336 1760
1497 80
1353 1598
11 1185
202 109
581 700
1782 1082
68 1962
158 1855
842 37
1573 1096
1739 751
235 953
1868 286
1547 1716
616 1501
202 1805
1939 1039
734 1223
1953 1137
1131 466
1827 1399
5 1671
870 1440
1936 485
538 423
504 551
1899 1822
1713 1302
1997 1190
1948 1099
125 1635
1556 1481
1471 1005
530 359
231 1529
985 1277
1678 1081
287 1634
993 852
647 1610
862 1369
1636 1859
1320 75
679 1592
1801 1473
156 866
348 1633
1413 238
38 123
864 1479
1490 991
854 520
1570 1846
497 564
501 687
766 9
122 700
257 1471
234 905
1078 351
1404 580
1780 988
1886 79
1027 1331
1128 989
169 1243
1214 894
831 123
593 1457
35 941
610 1004
893 1415
1044 410
177 1012
361 976
1512 1787
546 1817
1978 474
734 1049
74 702
1974 573
1963 561
1904 152
794 1274
1804 957
1312 177
1662 689
1191 1774
957 332
1438 527
889 1526
1358 507
1754 1915
784 1667
372 168
1078 1212
1555 754
1226 506
1483 816
684 865
224 1506
1152 1011
930 769
421 796
850 1226
1381 1993
518 934
1090 1674
836 1217
1427 1834
1252 1942
43 1817
1648 144
985 1814
990 738
251 1486
1106 1749
93 1658
1057 1952
561 1907
742 1255
239 1356
1018 829
931 311
1520 1653
441 1040
1674 273
506 1490
82 765
1818 951
1152 426
635 1040
1039 579
1364 1369
1903 1052
1751 868
1074 1811
867 831
189 932
174 1828
1661 805
533 1022
318 134
1625 639
1411 56
706 1792
1181 290
1665 563
1348 1170
408 152
390 1226
738 543
195 1651
1680 154
213 1591
1198 1826
988 1404
858 422
1497 1388
971 1790
1642 1927
296 452
1537 168
1822 1339
1045 813
1548 1587
1704 964
894 1537
1431 1603
1033 1367
1580 10
213 1377
153 1173
1438 616
1564 829
1541 629
1054 1592
510 45
1915 1898
1839 1760
755 234
1550 1121
793 1298
452 1862
884 943
1094 22
274 1610
1259 1667
692 1483
1942 579
655 226
40 1567
1097 1072
1907 1933
1115 1137
1686 337
719 1833
1342 1875
118 540
602 1526
519 1527
55 1844
1505 1524
835 916
1829 1223
626 797
1649 59
892 1808
1795 1477
160 1789
1025 997
233 1166
1158 505
1325 846
1504 1249
1413 1920
1863 1903
1024 440
574 1922
113 451
705 310
1355 1648
189 117
1677 773
654 1490
1147 1240
814 1158
765 1826
1547 1775
1385 136
1429 54
315 797
1895 1016
191 549
367 1733
711 175
516 1299
1312 1377
141 1806
1457 1202
1204 858
949 1595
372 1943
531 173
1034 1785
1862 1524
29 57
175 813
310 1058
1199 64
286 826
273 764
691 117
226 171
1577 1339
1880 1668
231 1307
478 120
1563 462
1514 446
230 270
1540 1464
548 934
352 822
1239 81
190 517
1672 1408
160 1583
582 306
1460 1423
455 1803
1237 215
1705 1254
314 453
1200 1187
1230 463
1653 148
333 884
416 1832
1236 1668
1140 433
1375 1622
1590 1730
720 1438
31 1050
1434 1696
359 1051
1774 1024
198 1713
794 1478
1553 1582
605 1960
1847 1284
513 1715
712 692
663 1589
1848 1617
1905 1818
815 1447
471 1451
864 388
1046 575
85 1391
1495 1025
728 544
1502 392
1298 1734
565 476
849 1763
1358 1856
773 639
1142 4
1851 127
1839 426
337 1204
1627 1018
806 456
1553 100
44 368
136 1825
290 1693
871 341
708 1722
880 1699
985 717
137 869
36 1967
106 1009
1588 968
1220 354
415 1791
22 149
316 1427
136 1470
1241 634
335 1489
1053 1366
1913 1885
1110 1348
1973 1176
287 1011
742 1107
1522 743
760 908
847 631
1637 105
1588 1683
619 832
888 1005
277 1710
1945 1015
319 607
1991 1483
1247 70
279 1688
128 410
347 1977
330 179
296 1668
1877 1669
1719 1900
1663 1281
793 1837
1571 813
1641 765
890 1790
1877 973
845 711
697 782
1463 1673
687 1536
844 498
372 1172
980 412
337 1720
355 1848
1478 437
714 1480
933 1950
1172 321
510 644
681 211
776 315
697 1469
1268 1989
31 819
1195 826
841 1924
1517 1911
1241 970
1124 500
554 1494
938 1217
101 222
626 139
308 1475
234 1637
1058 1016
1839 1385
1417 1454
710 245
1165 1199
1721 1640
1692 1062
1785 1066
576 1988
1114 1932
916 1767
74 17
78 1017
1731 379
1902 510
1130 1685
989 1662
1285 790
1789 384
787 1878
9 1980
1173 485
1812 1310
217 1988
1360 1758
513 400
1608 805
892 1386
1217 1906
196 419
69 787
916 1468
763 273
1552 1564
301 842
1998 1973
1620 1177
1394 1393
1540 1168
31 314
1917 398
1336 830
845 1271
478 1714
1093 279
479 517
1549 1511
1161 1719
537 1628
977 494
467 1754
1788 1321
1230 259
1001 58
210 1390
266 750
1357 263
972 644
1404 693
529 1847
742 1584
1123 1671
913 1109
138 523
960 485
1810 1358
1176 511
553 47
1000 1980
850 1071
41 1817
537 1024
1984 1012
181 1462
24 19
1979 1249
1517 1929
1893 462
1361 353
634 1800
1825 1358
1620 545
1876 1588
1792 1965
189 516
1188 344
1060 954
558 1266
673 1330
1552 370
1439 1672
462 1962
1880 1651
1712 518
1139 318
1744 1264
378 1796
343 577
513 1874
355 1602
1833 579
1564 1507
413 505
304 542
618 1976
1822 1910
1906 322
967 1738
1600 914
465 611
1307 1278
64 1531
1253 1368
1111 1316
1842 1724
1383 451
1276 504
114 1872
1029 1030
989 249
1854 1333
494 1960
708 77
241 63
1013 349
32 1834
639 906
1333 1508
587 1830
1788 782
537 1174
338 1249
926 459
680 1317
365 1016
1373 1042
1882 658
635 1473
214 516
671 736
717 1702
1120 108
1721 1136
1045 1240
606 1021
596 800
1051 178
1128 1598
988 1677
1716 1346
187 650
1258 479
84 1025
1847 657
1973 1532
513 475
1357 1025
1525 1022
1611 458
476 1395
579 1232
1669 1557
275 1110
1585 973
1733 1930
429 1376
800 1002
1294 607
1350 229
1315 581
1809 478
1247 857
600 513
208 1162
1899 1450
877 847
1472 725
1810 1678
135 620
64 871
1936 1153
1284 1425
1963 183
238 139
537 901
16 1073
1152 922
1095 963
1064 1465
1528 1099
907 118
1296 218
853 195
1610 1241
1625 291
1529 795
1152 537
1133 1288
125 1911
1857 930
1242 998
1629 1084
1968 96
184 972
438 1911
1906 210
818 19
1647 62
1484 142
1559 345
732 443
973 1681
1056 284
1450 226
190 941
1661 670
1511 1974
526 837
457 1758
1921 1485
1155 40
1584 749
1175 1427
1295 206
340 838
621 1486
1875 1649
529 1111
1186 1970
1855 81
1188 1390
1007 1302
1834 1635
1248 104
1509 1904
253 833
1143 1336
1718 1120
1344 32
1428 493
1009 1444
1884 1113
639 276
635 1617
1670 949
710 113
1427 1090
845 1569
726 326
1597 1164
1441 569
191 1
518 1539
1198 1562
1723 715
1871 1331
349 1557
1844 13
1171 413
25 436
1157 1216
1620 1200
839 1801
547 656
1038 623
184 158
981 1180
21 1492
1995 1134
1411 725
717 1653
1108 1030
399 380
1820 43
1339 1085
516 1557
1771 1737
1855 477
1627 267
1882 866
498 1528
883 705
893 1022
168 966
590 759
1151 1191
297 1823
1994 1813
333 955
896 1853
431 962
1672 857
958 1930
1587 98
1730 1093
307 567
628 176
999 1535
349 76
1932 988
1634 903
975 1268
190 1097
1163 1155
815 1328
979 1927
1856 1819
1931 577
152 1428
979 46
1155 1822
638 1802
619 346
127 1012
1401 192
139 57
1817 27
567 1163
484 403
372 1331
720 1201
1180 79
1392 1191
635 210
1378 613
957 284
784 1813
738 323
1694 92
1907 1097
140 1141
936 1545
396 860
1170 1815
370 1137
191 172
1794 847
531 1312
1147 1215
694 1536
1726 1986
917 1671
524 993
437 454
662 1193
1040 506
797 1418
467 1653
868 180
1298 676
1957 803
1990 1089
586 249
733 221
1912 701
900 994
1156 1716
1516 127
543 1265
954 1220
1447 1661
1563 1707
783 2000
546 631
477 1310
843 1755
1354 144
578 1461
1412 330
843 1119
1609 671
1505 194
1474 1173
983 1019
648 809
1416 1705
958 1642
518 563
1127 1001
1439 861
354 1880
428 1221
1617 1752
1454 414
520 1855
725 1650
871 643
303 498
824 1566
1000 619
624 836
1612 192
942 646
1586 715
1080 1763
907 801
1849 904
52 1333
1925 1268
1680 629
1464 930
1277 1359
401 1101
1844 204
1303 937
1078 1366
646 1422
1795 1807
207 1277
676 1335
1502 1291
340 118
398 1359
1915 1207
1277 248
1207 1453
1111 1986
1996 1105
184 659
76 1799
1950 102
993 421
1302 1499
94 835
918 417
1083 482
300 1339
1899 236
439 582
1808 1666
1332 71
328 694
407 538
1002 916
882 836
1646 1338
393 558
1327 1133
1731 1447
621 144
1545 1874
1261 431
392 219
1854 960
1802 1749
1895 1524
1394 793
997 222
1596 419
1276 1451
870 1777
1136 1306
1929 354
1395 375
1359 1565
601 1702
459 1245
721 56
651 1173
726 1189
22 635
1286 1962
1217 463
371 314
353 111
1831 131
153 1568
317 27
1141 152
614 346
1717 492
1082 1748
395 257
1303 359
1040 1453
1075 977
29 21
1976 1208
1007 1051
1525 461
1611 1024
1122 844
1938 396
1732 352
594 1963
272 1344
973 983
1219 1008
538 1660
1800 1994
1098 549
846 1652
1169 1105
1784 1782
124 1378
7 168
1845 820
1104 1732
1496 392
382 1505
1716 1278
66 1614
185 840
692 1395
119 79
1508 343
757 1174
618 710
1623 1355
543 1535
1440 1656
1934 1743
1502 1978
541 546
4 1222
531 1770
682 1782
1010 1659
1020 568
1713 920
1767 1302
1147 1341
237 362
1489 604
1522 649
1402 317
1258 854
1264 1648
1163 1706
591 1881
325 248
244 1845
708 1628
1585 1557
986 1051
396 1219
1739 797
130 1461
544 1511
1424 3
117 1797
639 78
437 429
842 1978
1098 1806
1051 1044
1835 130
235 1323
1671 1460
1916 1591
1724 369
362 1008
1800 391
969 1019
1093 1245
59 1706
40 1429
1090 43
1015 906
426 596
1865 950
709 1746
1047 1715
128 1772
993 1247
719 1336
1025 132
630 617
122 823
1126 1979
1727 600
924 1556
1546 707
1887 1981
1401 1358
1997 1790
978 976
77 1995
743 902
1316 854
987 1905
881 748
1777 74
1425 1188
143 418
161 1954
199 1047
315 913
196 367
630 465
272 693
1568 1522
1579 1112
470 1265
1075 685
403 1886
1909 1807
1558 512
574 1013
292 798
1359 369
1799 1010
775 597
791 1261
959 1424
1891 915
1335 1520
1212 1819
1264 1787
233 1767
700 307
1040 412
1273 513
1355 512
361 1053
1471 196
1099 1061
1485 1898
457 19
649 1452
356 1430
1726 844
927 120
1553 1674
876 1124
1998 1918
1384 450
368 1969
337 217
1248 899
586 677
1643 466
203 1790
690 26
1526 840
117 139
860 40
1221 1361
376 1899
1035 476
1453 225
1083 1825
1097 1034
1059 207
1228 939
610 904
709 61
1534 1627
779 305
1381 1172
707 1412
1471 432
1005 1320
158 932
1397 89
353 161
377 1414
452 1635
1060 229
1038 1407
432 1489
1833 1616
1211 1321
1876 1891
1691 1814
1084 953
314 27
341 1680
693 1669
1113 1641
1064 631
79 1729
1971 523
411 64
796 1408
59 16
1805 646
1421 1622
599 1709
1093 1092
1319 1425
1430 549
1683 1275
824 424
1695 1782
542 543
759 440
1878 853
1868 878
1723 262
623 1364
128 1516
524 1638
1849 1808
1525 397
1893 774
1029 539
1924 1717
1473 1880
488 337
1019 1216
43 49
174 102
1727 986
713 1352
1882 438
170 342
494 48
1698 37
1026 785
228 541
1104 53
152 862
1306 1922
1930 1511
1541 460
761 1881
796 1070
327 1135
1815 813
538 275
69 1978
1122 1700
1897 719
44 1008
1585 1245
1746 697
1040 394
742 608
805 947
1401 601
840 1714
1260 198
1341 1259
695 425
1565 1696
1051 1239
120 1002
1050 729
1376 1612
422 1961
1350 1354
921 139
1747 1336
423 411
1127 1664
224 565
1949 1622
1247 1124
601 515
1925 965
916 951
326 1109
523 1712
1708 1412
562 1167
1420 1278
69 129
117 583
192 1992
1449 1160
715 862
1809 853
893 1835
479 1669
1274 1607
1045 841
1947 679
1423 371
721 714
954 209
1748 344
1996 1191
951 1031
1166 1317
876 1668
602 265
1785 1816
1640 10
732 1907
92 1038
1587 811
986 498
28 1451
528 1175
32 1455
947 866
1474 1188
397 462
516 355
1589 458
1094 1463
519 940
342 1776
1467 1384
1685 255
1989 1370
59 121
975 1407
1720 550
945 652
488 1781
118 591
745 533
930 896
1442 169
509 443
402 162
1504 79
1545 831
741 1007
1680 1214
681 1646
1158 25
359 298
475 560
175 85
140 160
1339 1304
1240 1897
1573 1680
771 492
429 550
494 1881
530 382
986 1495
276 505
122 1018
1820 390
849 1859
1830 1207
1968 688
1363 1525
89 148
44 1587
26 274
1705 1955
1966 1415
774 331
1063 1820
1927 133
1911 1251
648 977
1333 1417
496 1915
1700 1965
38 649
775 974
347 1090
1058 1611
1067 149
1416 1777
262 316
1532 1630
109 1824
1264 599
1199 352
1872 1104
76 1937
252 504
661 752
570 847
1815 793
1843 1335
659 1365
1131 1280
335 1555
101 1935
500 64
241 384
1593 1763
472 344
1825 298
753 1227
240 203
472 1685
1586 1098
179 93
840 459
1106 39
402 1643
1335 57
1706 837
1651 1126
1549 675
1459 1232
569 242
729 236
449 91
753 350
1390 18
1033 1517
500 1867
1199 94
1386 735
1225 253
307 1503
1731 1282
1746 301
1812 1946
640 261
608 360
159 1859
1456 810
117 1528
1977 441
409 635
1265 1994
611 1253
1377 336
772 1621
232 706
1070 1961
904 1446
576 1942
149 1550
375 1818
987 1743
1761 459
1211 687
1391 614
1419 1457
740 695
640 280
1061 839
1325 1494
915 1695
1303 1591
1797 1514
1328 1798
433 104
1536 804
22 768
301 1360
1683 954
402 591
400 323
1808 406
973 1762
1498 1091
1838 350
231 1601
1080 1887
300 156
1880 225
62 1214
1740 1357
1218 199
323 1333
1355 818
1573 301
1902 1452
321 1391
1880 595
761 234
1080 1930
1511 703
36 408
302 636
13 45
1441 829
632 1601
1940 1310
1659 530
1045 1901
889 1275
1663 1743
204 1097
1221 1203
278 292
1351 1734
429 772
532 393
1716 890
1317 149
1361 168
1101 1428
1094 867
631 731
1181 1798
1238 120
155 616
122 1611
1507 1238
1924 939
385 1275
914 440
17 1913
1678 1661
336 226
355 36
1263 1261
429 10
1914 132
294 1754
271 1413
1157 753
1320 1064
1496 1203
514 861
1321 1798
1796 514
1765 233
550 323
1453 454
1931 710
1265 1679
780 1806
186 1876
131 25
1856 1380
1164 1106
624 1654
1729 197
273 1625
276 1903
1835 804
260 1143
1174 1600
1395 1810
190 1840
1888 1654
294 880
1756 809
1313 613
871 404
931 34
1509 1404
1665 638
1480 1577
1163 1952
435 657
694 262
1727 358
229 711
1937 779
724 1530
831 110
1842 1111
502 891
186 1968
1958 503
1780 170
134 50
1264 557
1704 1839
1361 278
1118 808
430 1161
1703 1379
1512 491
1968 860
485 698
107 340
1930 1569
1224 797
1288 1704
576 257
1714 1211
1146 73
732 394
452 355
1433 362
907 1803
1229 1396
1112 893
942 425
978 148
290 167
184 528
1686 1766
1441 277
767 848
1338 1062
1655 223
1117 911
1637 1360
1986 483
337 1326
1396 1056
1281 1518
705 928
117 697
48 1419
1071 1898
1985 1314
405 93
1243 1767
1413 296
762 733
1190 1345
291 193
1738 1703
1596 118
1457 384
768 1562
1440 1260
493 1996
1766 1515
1238 23
205 1964
1646 1967
1510 627
1113 1269
367 607
767 1425
1013 204
1415 824
1422 378
776 1546
884 1534
559 940
1320 1228
669 1568
847 2
619 1096
646 1183
1896 1140
818 1397
1235 222
432 408
1058 853
1729 1612
173 1066
583 1032
698 1849
1364 1869
1430 418
608 1175
471 249
574 824
970 1032
210 939
294 1836
1966 1094
1804 1326
1235 1195
1703 1075
44 1687
499 1552
1338 1726
1065 410
1530 204
1697 1803
159 1525
532 159
1082 1757
1806 295
1764 1331
1227 311
509 1708
1369 980
1088 1930
336 999
931 59
272 371
205 325
1481 643
1818 1093
512 282
456 1517
1186 516
802 1832
493 1925
753 916
1364 1686
975 811
1150 633
231 601
256 1893
498 1712
583 1020
631 57
1299 445
1939 1971
1590 112
1835 1764
439 1223
1492 1919
1620 835
1206 845
19 330
1583 678
1949 285
1496 1414
1932 452
1770 1804
1652 1054
1509 1893
1192 439
1017 1443
1766 1598
212 1959
1549 737
741 315
1445 1679
447 1033
1239 1688
1773 368
1242 23
358 844
814 880
453 982
723 1180
1034 1688
711 1202
688 1067
982 386
744 895
1603 1451
1776 1896
1243 1808
498 1614
1439 867
1584 859
524 1612
1269 983
381 1669
1638 1
439 674
163 1651
1234 516
1300 937
849 1325
16 1332
383 911
1563 1681
1940 44
1006 582
340 1260
429 267
1002 761
974 787
1446 1292
548 1031
456 266
264 487
574 1178
1344 503
1981 364
1387 1790
436 1182
1091 281
1017 897
564 677
541 326
1628 1547
1197 1978
1953 794
226 1132
1803 477
1959 229
1662 324
1675 1209
424 623
869 1386
88 223
227 1348
1896 1796
1758 1304
591 1288
216 164
331 1033
943 1890
1422 1631
1784 985
180 558
1560 863
229 1013
238 290
463 1183
1600 1999
1491 625
1441 1801
191 1286
873 863
1158 1694
1098 1741
1592 129
810 1928
375 905
1383 1765
1831 1214
502 817
531 311
44 136
1925 43
1468 79
671 631
760 1351
1946 705
1805 451
713 1424
83 376
1368 150
598 696
362 911
1887 1070
1988 671
1923 1337
281 1182
923 1986
731 590
1393 85
821 1827
1198 283
1932 1205
1399 1048
958 598
1378 134
1539 55
147 539
345 344
1896 387
1 1262
647 606
404 268
1703 12
547 698
44 1584
1862 203
1512 1871
1392 1822
874 370
1676 767
57 1073
238 1388
1352 1270
975 400
1336 499
384 228
1968 868
1024 1538
593 1190
1006 1739
1897 1081
1131 346
972 128
1988 1906
1290 241
1751 1382
1745 1061
1104 1586
1679 532
1750 1496
1452 1176
418 1192
473 885
1450 821
325 1605
422 1886
412 299
671 1122
1033 268
1833 828
1200 1014
233 957
1462 1539
839 685
966 295
306 719
1545 785
1020 238
1748 408
1440 1038
1486 1251
1853 1969
1087 1761
1193 1702
905 255
961 446
795 381
1288 110
1887 824
351 1116
53 1723
1530 237
1894 214
690 1986
1180 457
691 38
185 1921
1082 1854
681 527
190 99
1808 1362
1213 1199
1985 1551
1675 1536
176 252
1468 1941
1686 875
1551 77
600 1728
377 1565
962 1346
522 1935
51 1222
1062 341
1025 352
632 1836
31 1140
484 601
982 1120
1902 731
730 215
1644 1622
1040 825
653 530
339 935
1118 1258
1198 197
1591 1420
857 1028
1876 719
785 1995
1098 814
763 314
1731 1462
432 1775
450 219
1114 1562
898 1611
1380 1414
208 716
620 1385
646 1538
1574 594
1361 165
1895 237
1217 560
1290 1091
591 543
584 1145
1328 120
1088 1350
1157 168
161 771
579 1633
595 1161
777 1818
480 1821
123 1844
61 793
1017 1089
1592 439
1972 210
521 743
295 108
1479 867
1503 78
1090 263
1775 425
414 132
254 924
947 1679
1090 1434
1214 1453
1827 1740
1117 665
1630 1102
1184 759
435 1787
1120 687
1174 1258
485 934
1495 1008
1356 1556
807 265
601 1168
998 1514
920 559
41 151
344 232
1644 1821
138 1812
828 1384
395 1857
518 732
494 451
556 1392
24 1484
833 1801
1242 1231
594 1275
1353 1647
148 1357
184 267
321 297
621 400
97 1314
1415 1408
1563 1190
1010 794
1842 1412
814 484
1976 898
1305 848
481 314
