2000 4000 1000
1 2
1 3
3 4
4 5
1 6
4 7
6 8
2 9
9 10
9 11
1 12
11 13
4 14
11 15
7 16
15 17
7 18
4 19
14 20
7 21
1 22
8 23
14 24
22 25
9 26
16 27
22 28
17 29
7 30
17 31
6 32
8 33
20 34
9 35
19 36
14 37
23 38
29 39
15 40
27 41
37 42
42 43
28 44
25 45
22 46
33 47
6 48
6 49
10 50
19 51
41 52
43 53
7 54
49 55
43 56
50 57
46 58
45 59
29 60
29 61
38 62
61 63
29 64
48 65
55 66
9 67
13 68
59 69
40 70
21 71
13 72
3 73
46 74
67 75
37 76
55 77
52 78
22 79
68 80
12 81
24 82
35 83
77 84
7 85
60 86
59 87
49 88
17 89
72 90
75 91
61 92
68 93
92 94
15 95
70 96
3 97
80 98
79 99
87 100
48 101
6 102
50 103
12 104
19 105
90 106
51 107
107 108
40 109
40 110
84 111
64 112
23 113
52 114
52 115
84 116
96 117
82 118
19 119
17 120
102 121
57 122
83 123
43 124
26 125
46 126
52 127
57 128
94 129
70 130
59 131
23 132
39 133
129 134
76 135
58 136
37 137
63 138
17 139
30 140
110 141
48 142
48 143
112 144
80 145
49 146
86 147
7 148
144 149
65 150
81 151
45 152
113 153
54 154
18 155
41 156
24 157
102 158
11 159
88 160
114 161
60 162
109 163
94 164
98 165
51 166
109 167
121 168
83 169
106 170
82 171
86 172
85 173
29 174
45 175
169 176
34 177
167 178
64 179
96 180
90 181
134 182
64 183
85 184
98 185
138 186
150 187
30 188
179 189
8 190
26 191
147 192
89 193
173 194
87 195
98 196
21 197
103 198
83 199
153 200
180 201
10 202
23 203
2 204
178 205
118 206
162 207
39 208
107 209
87 210
15 211
68 212
14 213
204 214
191 215
82 216
160 217
108 218
144 219
69 220
144 221
155 222
70 223
204 224
177 225
199 226
83 227
222 228
14 229
124 230
85 231
194 232
226 233
37 234
209 235
21 236
90 237
143 238
54 239
1 240
175 241
15 242
157 243
158 244
210 245
18 246
170 247
137 248
207 249
244 250
246 251
191 252
64 253
34 254
159 255
98 256
128 257
50 258
118 259
59 260
49 261
41 262
72 263
223 264
172 265
259 266
157 267
53 268
121 269
133 270
263 271
17 272
86 273
210 274
254 275
135 276
20 277
224 278
262 279
48 280
223 281
116 282
279 283
147 284
281 285
21 286
141 287
150 288
10 289
25 290
59 291
70 292
95 293
60 294
81 295
50 296
98 297
294 298
15 299
115 300
101 301
41 302
3 303
123 304
14 305
262 306
120 307
165 308
246 309
199 310
146 311
289 312
258 313
310 314
228 315
43 316
226 317
242 318
89 319
241 320
110 321
106 322
106 323
110 324
67 325
8 326
79 327
130 328
159 329
294 330
36 331
126 332
59 333
313 334
303 335
54 336
147 337
280 338
292 339
12 340
47 341
235 342
61 343
230 344
174 345
188 346
142 347
142 348
339 349
72 350
183 351
54 352
82 353
47 354
159 355
209 356
90 357
109 358
333 359
34 360
142 361
32 362
246 363
83 364
23 365
314 366
135 367
301 368
286 369
347 370
101 371
184 372
365 373
79 374
182 375
71 376
357 377
93 378
89 379
250 380
359 381
192 382
308 383
304 384
159 385
199 386
281 387
274 388
219 389
264 390
216 391
170 392
374 393
140 394
113 395
108 396
311 397
13 398
61 399
231 400
131 401
134 402
205 403
105 404
92 405
187 406
322 407
112 408
154 409
157 410
329 411
88 412
335 413
79 414
131 415
54 416
196 417
75 418
368 419
381 420
152 421
352 422
420 423
108 424
305 425
126 426
15 427
271 428
286 429
156 430
117 431
372 432
301 433
3 434
387 435
405 436
98 437
338 438
324 439
7 440
266 441
282 442
196 443
104 444
148 445
343 446
373 447
418 448
280 449
44 450
26 451
73 452
15 453
280 454
405 455
389 456
174 457
155 458
297 459
332 460
140 461
35 462
39 463
258 464
224 465
234 466
275 467
32 468
431 469
10 470
294 471
75 472
49 473
422 474
368 475
27 476
103 477
274 478
79 479
236 480
428 481
65 482
469 483
478 484
189 485
94 486
167 487
340 488
215 489
138 490
428 491
279 492
106 493
372 494
476 495
146 496
391 497
409 498
86 499
178 500
371 501
494 502
32 503
221 504
30 505
140 506
110 507
175 508
81 509
362 510
309 511
312 512
460 513
481 514
109 515
413 516
85 517
399 518
396 519
225 520
24 521
146 522
87 523
140 524
490 525
83 526
76 527
182 528
243 529
407 530
506 531
23 532
98 533
262 534
124 535
298 536
191 537
290 538
420 539
511 540
174 541
295 542
356 543
304 544
487 545
164 546
222 547
433 548
307 549
346 550
517 551
78 552
505 553
186 554
254 555
340 556
483 557
259 558
512 559
99 560
275 561
522 562
297 563
174 564
432 565
158 566
542 567
506 568
178 569
541 570
58 571
491 572
284 573
532 574
255 575
386 576
215 577
4 578
163 579
194 580
487 581
476 582
142 583
2 584
146 585
404 586
343 587
132 588
10 589
285 590
315 591
381 592
384 593
166 594
27 595
401 596
66 597
310 598
214 599
82 600
557 601
20 602
379 603
565 604
166 605
70 606
199 607
80 608
168 609
567 610
490 611
418 612
35 613
1 614
535 615
469 616
492 617
282 618
412 619
556 620
171 621
200 622
262 623
597 624
454 625
225 626
66 627
454 628
572 629
281 630
552 631
165 632
286 633
28 634
466 635
470 636
634 637
309 638
521 639
609 640
302 641
628 642
476 643
81 644
101 645
471 646
99 647
75 648
632 649
370 650
367 651
436 652
64 653
601 654
300 655
103 656
332 657
36 658
46 659
341 660
569 661
142 662
247 663
265 664
232 665
496 666
430 667
623 668
666 669
56 670
288 671
237 672
521 673
424 674
106 675
111 676
561 677
337 678
465 679
136 680
62 681
155 682
335 683
466 684
96 685
655 686
479 687
419 688
441 689
154 690
38 691
409 692
286 693
457 694
53 695
281 696
338 697
328 698
698 699
137 700
474 701
58 702
279 703
57 704
60 705
120 706
198 707
624 708
77 709
131 710
56 711
163 712
165 713
349 714
505 715
19 716
67 717
183 718
155 719
288 720
587 721
12 722
305 723
546 724
88 725
454 726
140 727
215 728
310 729
639 730
603 731
358 732
355 733
595 734
488 735
286 736
77 737
7 738
122 739
564 740
629 741
22 742
181 743
656 744
502 745
159 746
663 747
315 748
253 749
38 750
72 751
32 752
713 753
167 754
384 755
194 756
167 757
541 758
549 759
51 760
276 761
173 762
161 763
701 764
321 765
662 766
306 767
135 768
713 769
608 770
91 771
512 772
115 773
300 774
411 775
367 776
436 777
750 778
511 779
243 780
543 781
700 782
173 783
182 784
337 785
238 786
317 787
47 788
694 789
398 790
729 791
95 792
455 793
685 794
119 795
576 796
654 797
372 798
540 799
607 800
40 801
198 802
381 803
351 804
685 805
608 806
690 807
315 808
237 809
87 810
619 811
660 812
731 813
159 814
700 815
726 816
298 817
191 818
229 819
344 820
277 821
211 822
719 823
285 824
761 825
229 826
766 827
746 828
309 829
664 830
347 831
9 832
811 833
763 834
168 835
833 836
87 837
628 838
423 839
58 840
826 841
233 842
665 843
513 844
326 845
506 846
553 847
170 848
67 849
462 850
655 851
452 852
752 853
102 854
217 855
371 856
676 857
521 858
630 859
382 860
292 861
486 862
596 863
423 864
490 865
602 866
550 867
415 868
31 869
106 870
693 871
385 872
285 873
226 874
796 875
862 876
594 877
293 878
581 879
27 880
619 881
135 882
485 883
598 884
506 885
492 886
591 887
292 888
751 889
260 890
351 891
753 892
191 893
361 894
318 895
850 896
413 897
44 898
560 899
157 900
672 901
337 902
492 903
251 904
244 905
616 906
505 907
888 908
503 909
264 910
770 911
854 912
581 913
532 914
783 915
549 916
419 917
69 918
889 919
65 920
816 921
147 922
452 923
88 924
66 925
27 926
906 927
137 928
274 929
926 930
190 931
140 932
335 933
855 934
50 935
558 936
36 937
536 938
87 939
448 940
545 941
495 942
253 943
549 944
75 945
595 946
280 947
641 948
14 949
273 950
248 951
731 952
941 953
780 954
787 955
444 956
849 957
256 958
25 959
925 960
675 961
120 962
653 963
257 964
329 965
363 966
478 967
256 968
191 969
414 970
73 971
536 972
932 973
188 974
104 975
249 976
506 977
46 978
553 979
175 980
295 981
797 982
780 983
775 984
373 985
763 986
302 987
549 988
225 989
757 990
443 991
827 992
877 993
537 994
722 995
187 996
584 997
185 998
960 999
294 1000
278 1001
312 1002
634 1003
406 1004
178 1005
315 1006
675 1007
813 1008
36 1009
636 1010
968 1011
975 1012
531 1013
620 1014
632 1015
127 1016
314 1017
704 1018
127 1019
503 1020
347 1021
263 1022
386 1023
571 1024
685 1025
1 1026
834 1027
384 1028
828 1029
319 1030
702 1031
930 1032
763 1033
82 1034
921 1035
889 1036
155 1037
835 1038
269 1039
539 1040
889 1041
773 1042
359 1043
214 1044
294 1045
777 1046
399 1047
103 1048
1044 1049
437 1050
71 1051
138 1052
293 1053
299 1054
436 1055
209 1056
502 1057
696 1058
205 1059
707 1060
1031 1061
534 1062
711 1063
343 1064
368 1065
864 1066
820 1067
722 1068
610 1069
691 1070
5 1071
713 1072
102 1073
156 1074
361 1075
764 1076
7 1077
941 1078
1 1079
245 1080
383 1081
214 1082
409 1083
96 1084
172 1085
677 1086
461 1087
741 1088
982 1089
862 1090
6 1091
638 1092
663 1093
1081 1094
473 1095
720 1096
850 1097
825 1098
817 1099
1087 1100
1036 1101
720 1102
192 1103
464 1104
513 1105
894 1106
349 1107
339 1108
620 1109
142 1110
764 1111
43 1112
936 1113
4 1114
1092 1115
96 1116
75 1117
103 1118
627 1119
689 1120
912 1121
528 1122
123 1123
165 1124
689 1125
1024 1126
24 1127
390 1128
646 1129
370 1130
624 1131
876 1132
17 1133
49 1134
28 1135
553 1136
480 1137
127 1138
491 1139
647 1140
195 1141
884 1142
992 1143
133 1144
244 1145
134 1146
175 1147
726 1148
1012 1149
228 1150
247 1151
825 1152
1036 1153
815 1154
491 1155
16 1156
428 1157
329 1158
886 1159
987 1160
532 1161
105 1162
321 1163
431 1164
265 1165
389 1166
457 1167
447 1168
460 1169
568 1170
1049 1171
1012 1172
555 1173
783 1174
483 1175
1105 1176
790 1177
845 1178
359 1179
622 1180
175 1181
1047 1182
426 1183
84 1184
739 1185
812 1186
123 1187
658 1188
522 1189
699 1190
1161 1191
622 1192
1021 1193
835 1194
884 1195
487 1196
585 1197
444 1198
165 1199
466 1200
1161 1201
583 1202
473 1203
349 1204
314 1205
849 1206
672 1207
550 1208
330 1209
1203 1210
73 1211
568 1212
375 1213
862 1214
886 1215
358 1216
135 1217
4 1218
1 1219
676 1220
1047 1221
862 1222
269 1223
834 1224
436 1225
634 1226
69 1227
529 1228
596 1229
23 1230
181 1231
458 1232
54 1233
1131 1234
821 1235
1023 1236
253 1237
627 1238
154 1239
34 1240
466 1241
810 1242
1190 1243
188 1244
127 1245
1144 1246
1110 1247
953 1248
673 1249
1114 1250
431 1251
718 1252
544 1253
1012 1254
91 1255
629 1256
1196 1257
270 1258
440 1259
450 1260
969 1261
1147 1262
554 1263
1109 1264
533 1265
553 1266
890 1267
826 1268
294 1269
673 1270
728 1271
747 1272
1096 1273
729 1274
730 1275
746 1276
307 1277
123 1278
870 1279
953 1280
1241 1281
210 1282
596 1283
491 1284
747 1285
1227 1286
709 1287
1036 1288
1268 1289
482 1290
439 1291
346 1292
130 1293
1182 1294
90 1295
871 1296
1252 1297
728 1298
268 1299
748 1300
1132 1301
252 1302
231 1303
1098 1304
601 1305
32 1306
285 1307
232 1308
1190 1309
1030 1310
126 1311
283 1312
161 1313
530 1314
743 1315
1015 1316
1209 1317
848 1318
674 1319
323 1320
630 1321
1179 1322
230 1323
314 1324
64 1325
1222 1326
907 1327
625 1328
966 1329
854 1330
876 1331
754 1332
1178 1333
764 1334
414 1335
737 1336
456 1337
172 1338
1267 1339
1295 1340
336 1341
796 1342
73 1343
507 1344
758 1345
1103 1346
220 1347
179 1348
971 1349
874 1350
788 1351
798 1352
501 1353
865 1354
621 1355
551 1356
635 1357
1248 1358
526 1359
1182 1360
481 1361
475 1362
407 1363
636 1364
857 1365
297 1366
1119 1367
464 1368
856 1369
93 1370
1222 1371
816 1372
533 1373
1156 1374
863 1375
1090 1376
252 1377
872 1378
108 1379
895 1380
999 1381
872 1382
994 1383
847 1384
264 1385
985 1386
933 1387
473 1388
756 1389
693 1390
598 1391
1280 1392
1045 1393
826 1394
1248 1395
1135 1396
919 1397
1168 1398
1056 1399
833 1400
88 1401
1157 1402
353 1403
275 1404
1315 1405
1377 1406
351 1407
1272 1408
640 1409
1212 1410
227 1411
1050 1412
328 1413
731 1414
841 1415
730 1416
51 1417
731 1418
397 1419
166 1420
793 1421
538 1422
235 1423
913 1424
180 1425
652 1426
1401 1427
53 1428
770 1429
592 1430
871 1431
244 1432
510 1433
346 1434
711 1435
1240 1436
152 1437
1352 1438
246 1439
503 1440
1246 1441
1085 1442
790 1443
349 1444
1039 1445
999 1446
204 1447
822 1448
1107 1449
739 1450
925 1451
515 1452
671 1453
617 1454
830 1455
855 1456
6 1457
599 1458
460 1459
1414 1460
727 1461
62 1462
1077 1463
639 1464
255 1465
655 1466
352 1467
388 1468
511 1469
1341 1470
201 1471
262 1472
1212 1473
280 1474
1328 1475
938 1476
1442 1477
1192 1478
53 1479
1321 1480
1419 1481
586 1482
178 1483
493 1484
885 1485
554 1486
614 1487
1414 1488
210 1489
596 1490
66 1491
377 1492
1163 1493
602 1494
377 1495
1143 1496
716 1497
251 1498
885 1499
1481 1500
1410 1501
482 1502
379 1503
1107 1504
104 1505
324 1506
1128 1507
816 1508
469 1509
1048 1510
1335 1511
1138 1512
1270 1513
1501 1514
245 1515
1267 1516
1472 1517
899 1518
15 1519
987 1520
559 1521
977 1522
58 1523
929 1524
456 1525
1505 1526
1373 1527
650 1528
271 1529
1290 1530
1080 1531
896 1532
1040 1533
249 1534
625 1535
200 1536
349 1537
788 1538
809 1539
791 1540
1160 1541
1206 1542
218 1543
1157 1544
624 1545
680 1546
971 1547
566 1548
696 1549
817 1550
220 1551
590 1552
969 1553
266 1554
919 1555
211 1556
16 1557
1464 1558
1175 1559
278 1560
76 1561
478 1562
445 1563
78 1564
419 1565
553 1566
342 1567
202 1568
686 1569
480 1570
834 1571
450 1572
270 1573
458 1574
645 1575
608 1576
912 1577
1010 1578
251 1579
712 1580
17 1581
1538 1582
506 1583
529 1584
1087 1585
1327 1586
1085 1587
343 1588
84 1589
285 1590
47 1591
436 1592
1348 1593
423 1594
55 1595
901 1596
1157 1597
1014 1598
243 1599
1244 1600
515 1601
1577 1602
1062 1603
8 1604
1237 1605
1532 1606
476 1607
399 1608
484 1609
456 1610
248 1611
1376 1612
494 1613
314 1614
369 1615
652 1616
663 1617
544 1618
1300 1619
1570 1620
1462 1621
878 1622
256 1623
330 1624
143 1625
1008 1626
1249 1627
1382 1628
1325 1629
574 1630
650 1631
1417 1632
938 1633
528 1634
798 1635
1397 1636
886 1637
323 1638
165 1639
496 1640
1292 1641
314 1642
14 1643
1550 1644
96 1645
516 1646
182 1647
1513 1648
761 1649
1422 1650
1184 1651
714 1652
1283 1653
1125 1654
1370 1655
1536 1656
116 1657
958 1658
281 1659
333 1660
1106 1661
885 1662
746 1663
446 1664
1009 1665
741 1666
1418 1667
512 1668
1265 1669
315 1670
557 1671
1314 1672
1088 1673
23 1674
17 1675
1430 1676
634 1677
1409 1678
1353 1679
436 1680
516 1681
1664 1682
508 1683
351 1684
922 1685
1184 1686
306 1687
275 1688
319 1689
257 1690
1306 1691
1088 1692
20 1693
1076 1694
1611 1695
716 1696
1490 1697
286 1698
1410 1699
873 1700
1460 1701
355 1702
1021 1703
1189 1704
956 1705
592 1706
178 1707
382 1708
514 1709
1354 1710
49 1711
1425 1712
1497 1713
1285 1714
812 1715
707 1716
992 1717
497 1718
1596 1719
129 1720
1113 1721
1166 1722
640 1723
1076 1724
1007 1725
57 1726
779 1727
1273 1728
902 1729
1692 1730
638 1731
1246 1732
736 1733
1055 1734
213 1735
448 1736
823 1737
332 1738
311 1739
95 1740
869 1741
701 1742
365 1743
561 1744
568 1745
878 1746
1246 1747
1082 1748
1515 1749
1142 1750
508 1751
474 1752
1546 1753
1548 1754
647 1755
1094 1756
674 1757
1621 1758
980 1759
1051 1760
148 1761
1122 1762
26 1763
346 1764
918 1765
28 1766
1047 1767
349 1768
1753 1769
365 1770
623 1771
659 1772
1203 1773
594 1774
1490 1775
589 1776
1236 1777
79 1778
18 1779
1317 1780
820 1781
1003 1782
886 1783
61 1784
465 1785
473 1786
608 1787
1532 1788
1233 1789
750 1790
270 1791
1385 1792
1258 1793
16 1794
548 1795
1519 1796
78 1797
1320 1798
833 1799
1729 1800
1000 1801
1131 1802
937 1803
236 1804
677 1805
1496 1806
468 1807
686 1808
600 1809
61 1810
1159 1811
982 1812
1555 1813
1047 1814
1409 1815
1309 1816
1488 1817
1684 1818
631 1819
725 1820
85 1821
331 1822
141 1823
1019 1824
456 1825
187 1826
1311 1827
1818 1828
1087 1829
473 1830
33 1831
577 1832
1577 1833
239 1834
1655 1835
630 1836
868 1837
1345 1838
778 1839
281 1840
1744 1841
764 1842
1160 1843
1037 1844
1796 1845
448 1846
834 1847
661 1848
759 1849
1177 1850
116 1851
692 1852
733 1853
1706 1854
1780 1855
32 1856
911 1857
1838 1858
1239 1859
1248 1860
1054 1861
78 1862
1236 1863
555 1864
1403 1865
1683 1866
798 1867
552 1868
1352 1869
1054 1870
689 1871
1385 1872
368 1873
1515 1874
833 1875
1053 1876
1211 1877
269 1878
1689 1879
678 1880
1738 1881
50 1882
835 1883
375 1884
1710 1885
996 1886
1000 1887
1283 1888
1525 1889
488 1890
387 1891
1294 1892
1123 1893
1061 1894
1381 1895
181 1896
680 1897
348 1898
643 1899
932 1900
1373 1901
304 1902
621 1903
988 1904
394 1905
887 1906
1057 1907
1662 1908
1038 1909
980 1910
1640 1911
319 1912
996 1913
441 1914
1477 1915
1670 1916
1137 1917
940 1918
1306 1919
1290 1920
903 1921
1844 1922
339 1923
31 1924
1895 1925
1192 1926
1157 1927
1111 1928
424 1929
1066 1930
1534 1931
418 1932
511 1933
87 1934
506 1935
627 1936
1413 1937
1535 1938
1236 1939
1518 1940
625 1941
173 1942
353 1943
544 1944
530 1945
1175 1946
1053 1947
7 1948
1064 1949
1836 1950
762 1951
975 1952
1553 1953
988 1954
1095 1955
1142 1956
1542 1957
46 1958
1458 1959
1516 1960
1901 1961
656 1962
915 1963
1369 1964
209 1965
1834 1966
1214 1967
1310 1968
1953 1969
1530 1970
1665 1971
498 1972
1349 1973
1933 1974
1061 1975
1959 1976
1602 1977
1928 1978
956 1979
1089 1980
1745 1981
456 1982
829 1983
1702 1984
684 1985
564 1986
124 1987
1448 1988
804 1989
1844 1990
1552 1991
1296 1992
874 1993
1497 1994
555 1995
418 1996
163 1997
1190 1998
569 1999
1957 2000
129 634
1860 483
1410 1070
1449 1688
265 1431
1293 970
997 1796
1242 1993
676 1622
1324 831
146 1041
1577 336
53 336
680 1252
1022 1989
1796 1339
1541 248
844 825
593 1678
1852 660
1540 1053
216 1
928 800
1854 735
504 244
403 427
881 882
1439 1808
1646 1964
114 644
1349 874
796 851
1702 663
775 316
826 1508
611 1874
1061 20
887 1118
726 448
1421 237
1214 1765
1186 1685
275 358
142 382
430 28
1312 460
1971 1208
1378 494
1124 1792
600 663
1664 1474
1135 748
1826 1882
1988 354
941 897
1930 1567
1184 931
1332 490
1199 1744
1388 728
622 1537
677 1559
1896 9
1191 825
635 906
32 497
1267 249
369 1014
1650 1340
1175 141
1265 1598
1281 156
1717 878
1314 874
1695 962
162 1804
660 1859
902 295
1714 1061
1441 229
242 1942
1917 1327
1506 1401
612 129
528 1736
300 453
1208 1780
988 1181
1382 373
1419 539
971 600
988 1850
909 695
357 107
158 1414
1834 1864
1792 99
890 1102
1452 1175
457 39
979 394
1997 543
357 448
796 1971
898 1424
1815 70
659 1988
1702 1765
1160 215
1047 1593
607 1663
754 1998
888 1240
669 1020
945 1897
1104 121
1690 177
653 1884
773 1393
551 181
157 689
1573 1006
989 1783
954 1004
1072 730
1752 590
712 1876
1749 1946
422 230
1353 1834
413 834
103 1090
106 67
1771 752
384 1908
1432 722
837 47
1133 1050
1208 227
1376 770
1356 1579
1249 608
964 619
1158 1969
73 1745
458 1400
627 1389
1278 1966
49 371
330 194
1971 961
1414 401
10 1900
1721 1521
1671 846
1083 237
857 1480
321 1840
530 1378
1467 453
898 1227
758 1247
50 1852
1766 1721
1147 1770
881 1139
172 1415
1185 632
588 1084
1090 1943
369 30
728 517
1322 642
205 522
815 1431
18 127
1530 1635
1117 423
1505 798
1796 1454
1667 1916
997 951
56 1380
836 1192
1084 232
276 845
1486 1273
438 913
714 119
179 975
1446 1103
1851 1412
1278 811
562 145
844 1073
411 1253
542 13
704 926
1144 1526
1016 35
1861 1173
435 1796
538 1081
588 384
215 487
930 1403
964 330
448 431
130 1100
1357 107
175 1869
204 1952
1309 1975
1072 433
1098 1971
1837 1239
228 1360
591 76
1800 206
1633 1721
1661 437
262 1132
944 256
835 555
792 1917
85 1433
1351 902
1165 80
1941 977
1193 524
1807 1153
1986 452
1946 1074
85 527
1391 122
1794 1425
1083 66
1876 862
1811 236
1423 163
1762 1163
193 457
1593 1556
1090 881
641 1412
1009 755
99 1320
808 1502
1143 1989
1142 346
1151 1079
1116 1305
1394 847
393 1359
1238 1642
982 664
440 1293
1570 1566
1205 1918
1394 1638
1708 155
231 1320
584 1801
60 343
1366 1981
808 200
664 1945
192 1231
1710 1529
428 1215
816 1160
832 674
1278 991
1788 593
1442 1914
1801 1887
1015 1603
602 1011
1169 1951
1854 572
1229 119
1370 902
1599 1880
563 1647
896 594
969 1890
718 434
242 221
160 406
568 1501
889 1902
1914 976
488 1211
1292 1233
1362 770
1416 698
730 1654
1125 1218
968 1662
358 5
1220 267
1852 1581
1106 135
1479 150
739 1071
381 1294
1713 13
626 1831
1632 1876
1546 438
947 46
455 1387
1643 458
1555 491
835 1084
1313 1076
201 765
1697 434
1628 421
442 1916
56 1114
56 1322
329 1213
438 1984
602 1016
461 672
460 1523
776 1683
1519 84
1425 1265
1963 1052
375 1041
1702 1889
315 159
545 1808
1528 349
954 1046
868 1020
745 329
984 344
153 1636
808 1334
1357 1750
1816 31
294 1905
1650 1414
1004 566
1494 1019
15 671
414 403
307 1758
1675 1691
701 47
307 1473
1515 1280
1760 713
1197 1916
991 190
1980 89
80 1682
1076 1539
105 337
210 1230
687 230
1958 1943
1993 403
76 171
1937 1043
1293 675
1814 1337
1610 1766
1842 1530
1111 12
578 1740
255 944
503 1297
1431 1682
141 293
667 1305
1443 1240
310 445
546 1564
1973 163
1782 1904
1535 1255
1273 848
871 1812
426 1032
1415 1528
183 348
1555 1167
1691 1786
1782 1541
579 663
1647 1724
482 1070
1823 348
1999 1493
320 1064
477 57
508 1411
1518 656
1139 326
108 771
39 1166
631 222
1367 1972
363 1656
1456 286
362 1599
1339 449
1747 85
1395 1888
717 103
1678 1630
1837 1555
409 1584
1421 271
1761 234
1969 304
798 255
1458 1839
436 644
189 1227
570 361
953 1767
1309 1788
1537 1798
432 243
994 1770
1581 956
1582 332
421 106
1567 196
1330 1537
107 428
1100 53
1482 599
1787 1221
1113 1749
1799 1603
514 1119
1884 725
377 958
173 1365
1712 760
1626 1574
247 615
115 538
1848 1386
229 1690
1964 253
1197 473
1648 1730
215 594
1190 217
314 167
515 579
491 240
683 41
790 1915
1358 1751
1965 934
1470 939
188 249
26 402
577 1077
580 671
827 6
373 767
1117 1268
436 751
868 687
224 173
246 1971
1602 1695
732 508
713 1333
114 234
1692 481
375 1610
4 313
394 1117
1737 1548
1704 231
1115 26
387 1387
4 1089
1250 1183
732 1341
663 809
1472 894
1617 1916
212 1235
1281 615
1267 314
1650 1681
204 460
333 625
3 533
258 1017
616 1932
465 558
178 1621
538 545
1719 452
1560 144
1772 922
755 1229
1807 815
1129 1652
672 498
144 1017
979 1797
859 1015
1456 1976
747 940
276 1651
1901 761
1258 454
941 919
1439 1533
1726 1034
787 975
371 1664
1452 965
1446 1964
994 1276
1054 1326
744 1827
336 468
33 1737
198 471
396 1232
1767 1392
314 1480
643 743
974 977
658 12
1894 188
1358 483
985 1415
474 809
191 1562
1676 1377
784 312
1059 98
882 917
431 619
1418 197
1017 806
447 195
1940 475
1713 1140
1219 862
1468 62
987 1021
950 255
1957 1977
492 1599
1340 534
210 843
1373 831
732 1803
1636 718
1300 1870
809 662
140 1986
1709 1136
1587 1386
95 1944
1517 1145
542 444
871 786
1350 1287
277 227
260 1272
938 43
1334 217
1862 300
1022 1820
1396 1009
662 1978
266 922
1021 1138
122 868
331 1883
1577 660
1299 1515
283 778
1367 1781
1314 455
1261 1076
245 281
1765 1318
593 1840
27 1984
1885 363
279 61
1756 1717
1342 522
961 498
1995 1501
934 994
1187 732
462 1696
650 1268
265 1031
666 154
282 339
57 935
386 1688
1726 1113
1296 721
506 589
1196 1747
1910 452
1340 1237
1869 56
226 978
379 1365
1348 238
939 1000
1053 491
1803 83
1427 102
1878 1242
669 1365
1620 238
1650 1843
1923 846
1929 1685
714 280
18 986
31 864
1472 1000
1294 1364
1784 237
450 1564
641 1142
1748 1090
204 962
623 377
1032 880
65 1940
1766 332
1057 1658
103 642
375 1323
1740 1923
664 717
532 246
1473 1848
813 942
1091 1338
1070 1897
190 1905
287 375
1186 1396
1067 247
1648 576
1272 1075
132 208
1203 369
1306 1929
72 1308
1172 252
1747 1595
800 676
1023 1277
1501 1571
1824 917
1649 1547
1205 1610
336 25
173 813
1712 91
511 649
835 178
620 198
910 235
532 109
1326 1817
1755 1638
1039 1076
535 1448
357 1099
7 104
1882 1492
813 293
1430 569
4 1814
1936 702
995 930
286 1092
1732 1679
1390 472
387 711
1672 1498
333 1610
560 1257
1137 155
1800 628
421 543
697 1095
1891 1121
883 1147
1696 993
1196 1335
1050 581
1061 475
1966 168
627 402
162 647
1739 835
1084 1552
1639 1259
1910 1654
743 1502
729 1183
1094 1889
732 672
1205 189
171 167
1576 1101
1394 1358
4 1804
1446 1869
469 948
438 1282
643 1536
402 215
1610 1246
1861 910
247 1892
1962 1621
1069 500
632 1250
1041 247
1045 100
372 1870
5 628
1108 778
781 1486
1829 1249
461 624
618 766
560 204
42 1589
786 1352
1994 1969
857 258
1347 38
1588 364
537 236
1142 661
470 1577
607 545
229 362
300 1031
1065 520
807 371
365 1335
1934 636
1588 20
790 1740
349 1339
1399 1053
502 1176
1762 1886
1893 926
1913 306
178 1927
163 1306
837 1877
1639 1656
1279 1485
1815 1346
192 303
773 334
938 541
294 1688
1625 626
1513 771
814 1591
885 784
160 777
76 917
1345 944
236 1781
918 1982
1198 1261
22 708
1283 501
1251 1389
64 1002
592 945
1737 144
1576 1340
891 1144
1687 1544
679 1347
1048 1540
1698 1107
1214 553
539 591
1815 1513
437 1931
480 1756
584 1887
416 404
1740 925
2000 1377
1434 1694
1189 951
500 148
1976 166
1602 1546
437 1543
1426 1958
277 36
288 1567
569 1775
214 161
1406 103
1513 114
905 1081
1003 458
640 1395
656 1580
764 1738
668 1808
983 1356
1861 1786
320 1165
400 947
29 1827
1843 60
595 385
699 760
632 1915
396 1138
682 1248
453 781
1289 600
1494 1698
807 710
1581 13
1768 1255
1747 1133
665 1998
1698 513
674 1968
1598 1329
225 1368
1713 1593
805 1857
1925 1487
1917 1122
1493 1690
1859 1104
482 449
341 553
1987 1024
1809 1668
1551 289
1567 662
1011 910
107 1963
100 1219
1053 478
1353 420
720 359
1636 1098
760 1342
1442 1534
181 1675
564 687
715 1730
586 312
536 1739
1527 87
1199 848
1679 73
408 1485
256 207
894 1946
516 99
1239 1140
1085 1246
35 303
1755 346
1309 194
915 1450
471 1718
1166 804
537 1952
1888 30
91 466
949 1856
936 653
633 1129
819 1744
865 142
442 393
1707 415
979 236
1772 979
1169 1512
979 457
1119 1251
114 1262
1472 275
949 1621
974 1290
900 1736
387 594
847 875
1666 165
941 77
1068 573
214 529
1333 498
1712 1138
1649 614
350 1597
947 1135
981 428
303 1825
290 1786
811 914
491 941
1842 679
58 1548
344 1838
478 1941
1380 1113
1039 689
467 636
634 624
1386 1400
600 1404
501 753
363 209
1231 1166
1351 1074
1163 1558
1288 319
661 768
1925 435
1146 227
51 1020
1225 974
1487 606
1556 623
947 976
902 992
226 1293
288 1396
37 1263
391 51
1139 1507
508 1042
1710 1963
930 1943
324 1272
1769 1971
419 606
1280 1583
655 1436
905 1295
1762 665
154 971
1859 973
1347 530
1128 881
1503 1985
296 1723
1213 1554
54 241
1744 713
1158 995
253 949
478 944
144 26
390 770
1245 953
1274 1446
453 1241
641 125
447 703
363 1511
797 920
1598 1656
1751 1363
1339 391
364 1127
852 286
1637 1961
1038 164
540 775
1394 837
1976 1938
1988 1684
545 1520
538 1578
453 1600
939 563
857 1284
1469 1172
1554 983
996 226
4 835
1627 1656
626 1235
998 1824
335 90
591 1608
233 1970
1648 20
245 548
1554 1731
1343 1579
1683 198
618 1475
1642 1558
131 1241
1524 578
845 253
1358 1906
1596 1919
1027 1564
1339 1276
1795 859
765 1245
1318 973
1538 533
665 1492
423 1016
1583 991
1463 647
1110 216
1685 821
1754 207
1583 745
801 1632
97 825
898 223
1940 1177
692 1599
1468 1984
594 406
1172 1406
315 1060
1409 383
1823 861
1021 851
1191 315
178 1206
955 213
1878 1537
1226 538
607 1038
453 1240
1467 221
1121 309
353 615
1228 240
681 1766
1078 266
254 1823
901 313
312 1798
1897 1465
642 176
2000 91
53 387
1775 1965
1911 7
266 1611
1106 1285
472 1558
329 277
994 55
1552 1613
679 1986
147 1156
3 764
682 1820
1359 1500
760 1118
1207 843
1617 1392
37 1865
387 1926
515 847
656 659
525 116
1134 362
404 1840
51 1683
1753 789
745 775
1700 867
379 975
1362 784
1598 1391
1804 981
283 801
327 941
1281 230
97 1920
754 1045
1734 1951
967 1668
1129 1395
115 317
494 759
204 715
1816 1375
1872 1663
373 956
1652 192
1508 1450
636 1708
1658 1268
1224 702
1783 873
1878 1649
1991 1924
721 1111
379 1057
1672 1546
794 1334
1742 348
24 842
173 1960
1940 57
187 724
475 1185
1436 91
1804 1920
1092 460
673 161
1746 1768
1749 942
831 1089
185 17
539 379
1438 86
496 1703
1021 1869
580 563
922 1150
992 1384
236 380
1147 690
1717 299
814 1817
1521 1188
43 627
1374 1701
1466 550
473 771
412 961
1401 1438
40 764
719 1870
683 434
248 1847
622 937
566 990
374 1114
845 1051
266 1918
1226 739
244 1069
1753 525
1374 466
355 1704
1998 1185
1258 1086
176 1590
1971 1234
716 1027
258 1927
1072 1504
381 244
1348 1213
524 1461
246 688
1052 777
1997 608
434 787
115 1790
1245 1539
166 643
1183 1169
146 884
1333 1796
1089 1451
1469 1616
1274 795
598 1192
1307 1425
102 673
994 6
1587 989
1848 1260
789 995
1250 1725
877 1293
785 201
271 1517
1325 1906
805 1528
534 1522
1553 1884
904 1676
1879 274
1325 1385
348 366
1752 1090
811 1930
1477 1544
1687 94
1654 484
335 439
1780 1393
1984 1943
1001 860
504 1883
591 1585
1594 1438
1211 1052
1738 162
958 451
1894 1297
6 300
416 786
565 1251
97 1261
1141 267
894 1351
1415 1521
1828 1636
1097 159
1872 1628
782 1021
1298 1928
169 506
1389 541
194 980
1492 448
1208 221
523 1848
341 1443
1190 1353
79 1727
716 688
1741 906
543 392
221 960
1058 306
324 1761
1607 166
64 504
1648 711
423 198
1800 600
1152 533
1949 1792
1888 1466
1418 1375
1749 1202
521 1891
312 1495
1201 296
1816 1287
700 437
1073 1949
159 601
1925 1541
1151 209
1470 1960
56 1769
611 603
679 1998
1007 609
1000 1725
581 694
1381 1633
1308 713
1832 1289
385 1866
1405 564
1924 883
900 799
283 355
1800 1194
1389 944
267 573
250 281
1379 1626
1071 1387
957 1958
753 778
298 1322
279 330
1950 657
1738 690
1814 1704
1009 959
463 1974
27 87
357 1878
1523 584
253 526
17 65
405 1844
700 770
495 979
1048 806
1175 1788
1232 1666
119 1916
1352 1802
1122 621
1345 1821
244 94
558 1815
911 37
1432 1965
1882 318
273 1518
867 615
1689 636
317 1181
177 1709
416 1928
115 567
116 181
1823 592
672 1667
265 1208
638 174
279 1113
1101 1946
1307 1341
813 1751
1215 308
292 1929
762 141
900 387
1583 243
1306 1549
168 348
1692 667
691 1489
423 604
567 1821
1610 1265
1540 312
1794 1538
1776 1982
813 1638
760 1726
121 88
1893 1288
110 985
1791 1195
1666 325
755 1563
840 1247
795 1844
1076 1013
433 833
1574 1957
987 385
1201 1102
1321 416
795 9
1961 730
1511 1114
1163 1596
1801 85
1254 1639
1772 486
1631 1510
1391 1923
171 657
190 998
936 999
1828 1169
599 358
85 1994
1856 838
397 165
379 1224
365 1238
524 1393
1480 345
1970 492
1695 726
1628 1432
1732 1467
1762 1825
1549 1898
210 429
1420 493
441 142
1778 1878
938 474
770 1818
1207 1769
1379 1553
123 290
1400 1851
362 1360
1941 674
1364 577
1411 147
578 1870
273 1196
917 365
1210 452
1600 968
1376 212
504 122
97 1101
1772 914
1059 532
146 964
1015 1782
593 620
1261 200
859 1218
1416 1230
159 1511
952 1614
1848 1745
312 717
1557 1315
1416 1809
860 1290
1142 572
458 818
1053 131
1245 1502
1903 1927
1385 445
1500 219
715 1919
766 546
90 761
1722 1757
1691 1285
456 414
1311 1817
1558 102
1666 305
208 1706
1584 1270
1684 945
1455 1782
1000 717
1180 1686
1607 218
381 956
1447 1101
110 873
1937 1991
1939 1582
393 1069
1028 1011
395 319
776 1160
1912 1336
1571 473
1038 282
1433 1321
238 1490
261 1183
347 613
499 1340
1575 461
1659 381
800 186
1912 1813
245 1559
473 1531
717 324
25 1719
1696 148
1345 1684
1962 674
885 1333
969 121
1288 505
1453 1169
1745 1740
1278 1866
992 536
1591 1311
1959 260
148 1345
231 1695
1709 1358
268 269
1914 509
1599 406
1130 1273
1923 1314
1736 1116
252 33
1788 1898
271 964
1874 33
478 1896
1984 214
912 1663
1516 1811
1268 1612
1882 226
1590 345
313 1923
1944 233
1263 1382
749 434
673 196
334 612
1150 586
1484 1218
1485 866
1791 996
1485 139
1507 416
434 766
137 783
1489 1825
14 1561
1910 612
229 1022
1758 1658
1837 1289
214 41
904 1951
776 87
988 1495
1767 1431
133 1876
573 622
1311 905
847 448
315 478
1877 1785
1987 891
216 1389
1603 1622
1411 575
283 515
1108 478
1916 1154
1169 887
1850 1941
1732 486
228 1688
831 1150
366 596
1468 1727
305 1879
1114 1003
1603 512
1857 1032
650 653
1023 798
98 1477
1135 472
132 1911
1738 1524
605 1537
1995 1359
1099 1549
1385 705
1681 1863
1468 182
490 740
110 1747
1376 1297
1258 1223
1552 882
1992 540
352 1513
575 493
1658 1775
231 1908
597 1014
1566 676
299 232
1298 1993
812 1727
110 1809
900 1116
683 398
637 466
1228 615
1347 529
1336 1275
82 1834
1017 618
702 228
79 714
1282 721
1168 1304
1309 283
1693 21
69 1111
786 850
355 164
74 866
956 1061
881 1265
797 954
1622 1783
314 1042
1287 1381
1912 769
1611 34
1099 1115
1299 548
989 1150
1078 912
1133 20
569 1227
364 514
1135 146
1193 283
1690 1256
750 1474
972 165
678 1746
642 1172
599 1135
1890 1303
410 766
1136 833
419 1882
1693 1846
8 91
1873 1449
888 1181
1060 1459
1299 1480
1719 1210
1568 803
1665 732
1948 1675
253 1321
338 1816
1109 1958
1781 1363
1800 1794
54 784
375 1132
458 1724
1142 494
1741 1328
504 1798
433 135
1956 609
1474 229
712 250
845 956
1114 1074
1966 48
1311 549
1955 82
647 1660
388 1428
457 644
1269 364
1095 1457
782 1920
595 1452
620 1904
1109 240
207 1851
829 334
1920 1063
1420 1214
1885 1511
1723 461
1775 721
1036 527
1685 491
1975 302
1107 605
1671 1453
1408 1748
1114 1832
1426 45
1983 1680
532 1921
396 1533
947 631
1350 307
1390 869
782 819
123 1193
627 1026
143 1505
1648 1310
549 1481
1109 222
1596 1812
868 894
651 1513
1123 162
1264 1997
1400 1586
1691 1763
1881 213
888 1506
1650 550
1755 1340
1694 131
440 966
1022 1351
72 181
175 221
1490 800
357 1599
1331 988
1706 960
1490 970
1167 336
1303 782
430 211
524 1548
1351 323
1983 1971
1737 20
570 344
323 1180
1408 1032
1691 1228
451 296
105 817
1934 941
1846 1980
952 1806
910 998
1663 12
1729 1867
610 683
1391 1241
407 818
667 1789
1510 661
1519 223
618 813
743 1945
451 608
1963 992
1529 1030
1728 944
1119 1754
1100 1293
788 1837
1427 1311
1828 1071
1778 750
1498 1656
213 625
422 1318
328 1494
588 1937
1326 613
115 767
1184 434
106 1494
352 223
1350 767
1605 1708
444 401
1 235
242 1199
568 1198
608 1178
1104 1737
841 1821
460 496
1478 811
1942 651
86 981
1946 14
1762 987
1278 20
986 287
1739 1258
1262 196
1554 1658
616 1510
1119 1818
939 940
207 581
29 1622
1416 1086
1149 364
698 917
1836 1957
128 641
348 638
16 209
1815 1092
483 741
1660 175
817 1286
1935 496
1606 1979
1896 556
1673 1014
1701 2000
110 1154
814 1325
893 1961
29 1888
1613 1341
1139 1711
1750 1485
1124 1613
840 1097
1281 1606
938 1601
1075 1402
530 705
485 1894
1078 909
1932 1290
1518 120
764 739
966 1874
1464 1103
457 620
1437 1913
1387 1994
430 166
220 1485
479 1138
707 808
700 653
527 645
613 370
475 40
1338 847
1768 1959
1847 1007
1169 105
514 1978
1669 879
1377 885
504 1746
708 1972
1528 1005
1825 1228
1295 204
134 443
1944 867
1961 1154
63 1726
294 256
1671 1237
1735 1478
1909 42
1677 422
603 160
1152 1872
1851 1392
299 205
1594 930
1324 1757
1293 1537
6 631
375 4
1144 1427
1873 1834
1229 1943
375 1263
1628 425
1312 270
89 1801
1444 1802
1305 1214
551 827
1315 1802
1855 1125
103 943
1482 1718
1154 150
497 1312
580 886
1968 1720
398 1436
224 710
1948 1953
1852 520
866 1368
1356 1292
223 592
276 1174
988 1922
104 1257
788 525
1570 1239
701 1773
644 175
423 1133
1503 1616
782 1503
1989 1822
205 1874
1149 1040
185 1039
1759 965
1080 7
396 751
1166 783
1827 343
58 1290
424 1356
1679 568
816 373
1790 1376
1643 1797
133 706
272 542
47 1029
509 212
704 1078
558 537
827 762
12 1815
1089 1715
646 1147
492 1172
1832 209
1924 364
990 347
1205 1281
836 1900
1983 1668
1081 221
1892 1549
1834 1304
1240 1304
197 664
1650 1502
1206 1138
1961 1252
373 1643
240 1187
830 1966
1981 1455
177 566
252 1211
1727 1003
756 1474
1351 1684
1712 1324
555 1900
243 1434
1711 1691
1206 1435
1914 553
1332 1512
548 1361
923 876
1932 1568
1380 113
69 555
1017 659
1086 1322
753 127
329 1532
1041 474
1408 1735
1654 1298
513 1118
949 1836
237 783
1296 1142
1983 1835
993 800
108 644
1370 696
85 1721
515 183
561 161
1001 400
24 1342
1944 1331
