2000 2100 1972
1 2
1 3
3 4
2 5
3 6
4 7
7 8
7 9
8 10
6 11
5 12
1 13
11 14
9 15
9 16
11 17
15 18
1 19
19 20
14 21
16 22
18 23
15 24
13 25
22 26
17 27
27 28
20 29
2 30
28 31
15 32
16 33
22 34
33 35
1 36
26 37
26 38
37 39
18 40
23 41
35 42
20 43
17 44
42 45
12 46
18 47
33 48
35 49
18 50
29 51
45 52
31 53
30 54
44 55
41 56
24 57
56 58
2 59
56 60
31 61
38 62
12 63
44 64
44 65
38 66
66 67
57 68
29 69
39 70
65 71
24 72
30 73
10 74
63 75
71 76
42 77
33 78
43 79
69 80
4 81
24 82
57 83
40 84
20 85
25 86
9 87
50 88
80 89
87 90
44 91
36 92
48 93
25 94
94 95
52 96
21 97
97 98
75 99
32 100
47 101
72 102
89 103
78 104
66 105
80 106
37 107
28 108
78 109
61 110
51 111
44 112
68 113
76 114
18 115
36 116
55 117
33 118
116 119
10 120
42 121
13 122
62 123
70 124
2 125
60 126
57 127
88 128
41 129
82 130
41 131
36 132
41 133
124 134
21 135
74 136
86 137
103 138
132 139
62 140
136 141
38 142
137 143
5 144
59 145
129 146
146 147
146 148
32 149
81 150
90 151
24 152
6 153
20 154
21 155
124 156
41 157
156 158
65 159
24 160
98 161
109 162
92 163
110 164
86 165
87 166
54 167
117 168
9 169
29 170
74 171
151 172
92 173
75 174
42 175
112 176
33 177
119 178
156 179
27 180
85 181
7 182
96 183
76 184
179 185
116 186
35 187
160 188
46 189
178 190
47 191
153 192
181 193
36 194
147 195
155 196
3 197
144 198
196 199
141 200
120 201
101 202
10 203
32 204
42 205
145 206
39 207
119 208
177 209
186 210
60 211
15 212
16 213
54 214
136 215
190 216
86 217
74 218
101 219
22 220
180 221
130 222
41 223
52 224
93 225
173 226
156 227
31 228
219 229
19 230
57 231
40 232
226 233
15 234
197 235
69 236
126 237
116 238
70 239
126 240
52 241
167 242
91 243
224 244
229 245
232 246
1 247
93 248
198 249
82 250
84 251
246 252
163 253
94 254
103 255
218 256
28 257
50 258
187 259
142 260
190 261
98 262
99 263
41 264
134 265
2 266
168 267
176 268
25 269
97 270
62 271
12 272
160 273
58 274
125 275
171 276
71 277
44 278
1 279
187 280
172 281
155 282
157 283
68 284
205 285
122 286
189 287
251 288
127 289
119 290
60 291
22 292
265 293
221 294
123 295
108 296
179 297
211 298
254 299
30 300
252 301
62 302
103 303
189 304
32 305
180 306
79 307
229 308
257 309
87 310
238 311
48 312
117 313
305 314
256 315
167 316
78 317
189 318
56 319
313 320
276 321
312 322
235 323
268 324
265 325
268 326
203 327
259 328
146 329
89 330
84 331
275 332
179 333
80 334
154 335
128 336
183 337
213 338
9 339
39 340
190 341
58 342
50 343
119 344
80 345
111 346
294 347
181 348
21 349
320 350
138 351
68 352
322 353
107 354
188 355
214 356
232 357
89 358
45 359
238 360
228 361
148 362
61 363
257 364
198 365
236 366
16 367
78 368
349 369
186 370
45 371
261 372
340 373
357 374
255 375
362 376
376 377
347 378
331 379
309 380
8 381
156 382
260 383
21 384
82 385
213 386
98 387
28 388
356 389
101 390
98 391
163 392
385 393
176 394
235 395
272 396
361 397
130 398
334 399
292 400
246 401
4 402
341 403
147 404
348 405
327 406
129 407
59 408
370 409
60 410
364 411
306 412
332 413
18 414
59 415
102 416
408 417
303 418
42 419
419 420
356 421
129 422
287 423
360 424
120 425
55 426
252 427
390 428
419 429
409 430
263 431
415 432
335 433
411 434
302 435
346 436
377 437
172 438
317 439
8 440
174 441
55 442
105 443
105 444
292 445
109 446
326 447
336 448
401 449
350 450
424 451
442 452
241 453
446 454
222 455
318 456
359 457
326 458
120 459
455 460
272 461
52 462
333 463
145 464
234 465
259 466
323 467
102 468
298 469
417 470
259 471
418 472
60 473
275 474
245 475
181 476
415 477
376 478
12 479
436 480
131 481
119 482
340 483
113 484
343 485
348 486
338 487
304 488
330 489
375 490
193 491
307 492
229 493
329 494
276 495
329 496
287 497
19 498
75 499
351 500
447 501
156 502
270 503
327 504
325 505
157 506
321 507
147 508
156 509
283 510
5 511
297 512
160 513
491 514
354 515
117 516
88 517
437 518
258 519
38 520
181 521
123 522
226 523
133 524
161 525
104 526
375 527
312 528
526 529
473 530
270 531
100 532
21 533
51 534
214 535
294 536
368 537
300 538
280 539
426 540
24 541
403 542
119 543
212 544
237 545
250 546
152 547
106 548
299 549
496 550
231 551
111 552
243 553
130 554
384 555
29 556
389 557
72 558
314 559
555 560
301 561
73 562
517 563
450 564
25 565
562 566
124 567
293 568
251 569
304 570
279 571
324 572
274 573
437 574
178 575
283 576
19 577
542 578
557 579
336 580
549 581
341 582
555 583
430 584
503 585
283 586
488 587
379 588
221 589
196 590
305 591
513 592
148 593
21 594
556 595
104 596
569 597
273 598
245 599
236 600
550 601
475 602
214 603
122 604
226 605
179 606
244 607
384 608
145 609
480 610
432 611
403 612
555 613
475 614
50 615
289 616
399 617
9 618
156 619
550 620
169 621
558 622
309 623
478 624
409 625
298 626
394 627
529 628
488 629
342 630
400 631
466 632
285 633
617 634
462 635
614 636
251 637
540 638
392 639
197 640
555 641
231 642
636 643
467 644
627 645
634 646
353 647
212 648
342 649
596 650
514 651
184 652
354 653
215 654
18 655
130 656
300 657
402 658
524 659
289 660
618 661
333 662
405 663
289 664
587 665
44 666
634 667
555 668
466 669
485 670
162 671
142 672
590 673
92 674
283 675
226 676
125 677
164 678
85 679
407 680
240 681
86 682
183 683
201 684
336 685
27 686
87 687
657 688
336 689
647 690
358 691
578 692
61 693
199 694
616 695
64 696
481 697
329 698
296 699
420 700
97 701
676 702
500 703
254 704
176 705
135 706
494 707
629 708
345 709
151 710
253 711
507 712
562 713
109 714
588 715
187 716
179 717
469 718
20 719
414 720
545 721
112 722
282 723
508 724
519 725
120 726
675 727
535 728
648 729
697 730
514 731
543 732
148 733
401 734
534 735
128 736
682 737
466 738
51 739
624 740
284 741
183 742
489 743
17 744
597 745
132 746
391 747
549 748
614 749
106 750
390 751
751 752
316 753
380 754
106 755
655 756
15 757
19 758
98 759
502 760
393 761
519 762
757 763
171 764
24 765
181 766
139 767
474 768
133 769
576 770
506 771
45 772
191 773
25 774
737 775
644 776
22 777
531 778
80 779
106 780
696 781
223 782
407 783
183 784
48 785
79 786
12 787
765 788
400 789
584 790
245 791
384 792
637 793
493 794
177 795
737 796
693 797
518 798
563 799
314 800
720 801
74 802
546 803
365 804
26 805
738 806
696 807
218 808
749 809
560 810
477 811
411 812
520 813
357 814
308 815
94 816
397 817
241 818
537 819
766 820
557 821
307 822
613 823
735 824
124 825
619 826
46 827
807 828
434 829
377 830
513 831
544 832
63 833
463 834
261 835
394 836
213 837
610 838
767 839
755 840
363 841
552 842
768 843
715 844
195 845
56 846
377 847
463 848
251 849
708 850
805 851
823 852
472 853
636 854
12 855
562 856
855 857
58 858
318 859
292 860
503 861
167 862
855 863
548 864
439 865
67 866
251 867
466 868
567 869
473 870
337 871
505 872
534 873
263 874
43 875
565 876
104 877
788 878
763 879
239 880
498 881
174 882
594 883
491 884
732 885
535 886
496 887
479 888
69 889
3 890
612 891
452 892
779 893
132 894
103 895
303 896
56 897
468 898
887 899
546 900
190 901
534 902
307 903
650 904
843 905
379 906
295 907
632 908
485 909
337 910
353 911
170 912
633 913
442 914
40 915
534 916
213 917
742 918
602 919
422 920
770 921
139 922
369 923
485 924
7 925
619 926
338 927
119 928
238 929
508 930
636 931
247 932
724 933
724 934
290 935
464 936
349 937
658 938
601 939
921 940
519 941
148 942
471 943
452 944
393 945
308 946
630 947
738 948
534 949
329 950
153 951
787 952
208 953
497 954
317 955
774 956
536 957
871 958
887 959
760 960
26 961
627 962
116 963
889 964
659 965
935 966
625 967
758 968
647 969
573 970
961 971
89 972
143 973
264 974
827 975
296 976
792 977
262 978
76 979
320 980
206 981
279 982
508 983
598 984
683 985
260 986
433 987
824 988
222 989
103 990
679 991
87 992
481 993
379 994
797 995
940 996
688 997
84 998
49 999
633 1000
596 1001
869 1002
275 1003
799 1004
690 1005
709 1006
887 1007
191 1008
751 1009
96 1010
810 1011
687 1012
765 1013
483 1014
204 1015
668 1016
936 1017
61 1018
315 1019
53 1020
772 1021
395 1022
728 1023
664 1024
856 1025
581 1026
849 1027
271 1028
752 1029
282 1030
990 1031
90 1032
384 1033
740 1034
457 1035
935 1036
970 1037
591 1038
336 1039
153 1040
40 1041
133 1042
109 1043
376 1044
965 1045
250 1046
76 1047
989 1048
916 1049
369 1050
550 1051
236 1052
39 1053
99 1054
127 1055
986 1056
941 1057
702 1058
364 1059
594 1060
671 1061
871 1062
943 1063
886 1064
534 1065
860 1066
313 1067
223 1068
890 1069
182 1070
1024 1071
13 1072
1052 1073
774 1074
453 1075
1071 1076
652 1077
1025 1078
851 1079
687 1080
877 1081
644 1082
616 1083
159 1084
534 1085
168 1086
452 1087
72 1088
909 1089
212 1090
773 1091
220 1092
966 1093
461 1094
1047 1095
202 1096
15 1097
221 1098
170 1099
220 1100
307 1101
391 1102
374 1103
803 1104
247 1105
343 1106
998 1107
83 1108
392 1109
165 1110
436 1111
603 1112
558 1113
508 1114
923 1115
413 1116
226 1117
315 1118
932 1119
463 1120
31 1121
1044 1122
70 1123
657 1124
432 1125
108 1126
308 1127
584 1128
975 1129
318 1130
748 1131
644 1132
689 1133
927 1134
1036 1135
977 1136
318 1137
770 1138
688 1139
242 1140
372 1141
103 1142
827 1143
687 1144
1143 1145
979 1146
276 1147
137 1148
755 1149
891 1150
808 1151
1028 1152
738 1153
962 1154
373 1155
719 1156
1132 1157
39 1158
963 1159
1007 1160
1042 1161
778 1162
390 1163
1027 1164
74 1165
464 1166
19 1167
600 1168
1002 1169
163 1170
1092 1171
492 1172
217 1173
922 1174
1023 1175
1144 1176
1039 1177
715 1178
476 1179
858 1180
564 1181
587 1182
455 1183
705 1184
207 1185
907 1186
201 1187
292 1188
1073 1189
504 1190
411 1191
1190 1192
758 1193
713 1194
615 1195
35 1196
352 1197
264 1198
154 1199
570 1200
726 1201
102 1202
1019 1203
880 1204
1104 1205
318 1206
288 1207
269 1208
1056 1209
621 1210
719 1211
1167 1212
349 1213
711 1214
1098 1215
703 1216
1028 1217
196 1218
12 1219
74 1220
251 1221
91 1222
250 1223
469 1224
1103 1225
5 1226
466 1227
116 1228
523 1229
581 1230
1129 1231
797 1232
569 1233
643 1234
514 1235
754 1236
164 1237
1071 1238
1076 1239
840 1240
649 1241
613 1242
206 1243
216 1244
843 1245
788 1246
437 1247
836 1248
309 1249
1099 1250
2 1251
492 1252
354 1253
1244 1254
684 1255
902 1256
548 1257
758 1258
138 1259
894 1260
1035 1261
198 1262
142 1263
974 1264
233 1265
398 1266
379 1267
253 1268
184 1269
566 1270
460 1271
349 1272
23 1273
1173 1274
606 1275
705 1276
349 1277
48 1278
685 1279
588 1280
1224 1281
1031 1282
41 1283
1103 1284
664 1285
1142 1286
333 1287
7 1288
1072 1289
499 1290
462 1291
1035 1292
699 1293
298 1294
369 1295
500 1296
609 1297
237 1298
479 1299
155 1300
1205 1301
191 1302
798 1303
313 1304
1046 1305
1304 1306
979 1307
1138 1308
1175 1309
1215 1310
654 1311
221 1312
1035 1313
338 1314
1178 1315
1117 1316
659 1317
766 1318
1051 1319
986 1320
383 1321
120 1322
782 1323
791 1324
885 1325
264 1326
630 1327
680 1328
90 1329
1248 1330
1310 1331
751 1332
1073 1333
92 1334
1263 1335
809 1336
1227 1337
880 1338
473 1339
700 1340
888 1341
809 1342
903 1343
300 1344
93 1345
1011 1346
477 1347
39 1348
1334 1349
1111 1350
916 1351
1263 1352
546 1353
253 1354
1172 1355
169 1356
1069 1357
813 1358
88 1359
312 1360
1068 1361
764 1362
214 1363
1187 1364
1241 1365
1257 1366
1360 1367
525 1368
856 1369
510 1370
697 1371
953 1372
162 1373
992 1374
613 1375
143 1376
991 1377
1241 1378
963 1379
547 1380
295 1381
1012 1382
472 1383
712 1384
10 1385
673 1386
619 1387
166 1388
1304 1389
570 1390
74 1391
1168 1392
182 1393
323 1394
213 1395
1242 1396
207 1397
1251 1398
132 1399
432 1400
532 1401
975 1402
643 1403
246 1404
221 1405
1281 1406
528 1407
164 1408
660 1409
931 1410
321 1411
1226 1412
61 1413
349 1414
496 1415
200 1416
1317 1417
1328 1418
323 1419
340 1420
434 1421
821 1422
565 1423
20 1424
1411 1425
920 1426
1421 1427
1377 1428
661 1429
1292 1430
665 1431
970 1432
988 1433
1165 1434
306 1435
1062 1436
1227 1437
761 1438
415 1439
635 1440
1409 1441
341 1442
1438 1443
1194 1444
360 1445
1267 1446
696 1447
1059 1448
43 1449
407 1450
882 1451
1270 1452
599 1453
1375 1454
1164 1455
432 1456
464 1457
313 1458
1030 1459
222 1460
567 1461
655 1462
1398 1463
832 1464
857 1465
702 1466
300 1467
531 1468
195 1469
382 1470
787 1471
1109 1472
292 1473
632 1474
806 1475
1336 1476
978 1477
182 1478
538 1479
1126 1480
246 1481
207 1482
1179 1483
16 1484
98 1485
1310 1486
865 1487
1419 1488
264 1489
1066 1490
1168 1491
1402 1492
554 1493
995 1494
1368 1495
515 1496
1120 1497
967 1498
454 1499
323 1500
1380 1501
175 1502
657 1503
1177 1504
1349 1505
1153 1506
1057 1507
399 1508
1044 1509
109 1510
703 1511
338 1512
1254 1513
121 1514
290 1515
333 1516
1242 1517
785 1518
950 1519
1159 1520
572 1521
1435 1522
425 1523
264 1524
830 1525
1505 1526
1070 1527
94 1528
94 1529
970 1530
749 1531
1452 1532
1140 1533
10 1534
739 1535
119 1536
591 1537
927 1538
1076 1539
986 1540
282 1541
403 1542
620 1543
647 1544
1363 1545
712 1546
1303 1547
16 1548
1513 1549
230 1550
1052 1551
752 1552
558 1553
817 1554
446 1555
1482 1556
458 1557
562 1558
1544 1559
1235 1560
180 1561
1537 1562
123 1563
681 1564
1255 1565
1470 1566
239 1567
1295 1568
1274 1569
211 1570
467 1571
833 1572
785 1573
894 1574
155 1575
1069 1576
963 1577
180 1578
1424 1579
80 1580
401 1581
1524 1582
642 1583
294 1584
132 1585
410 1586
408 1587
250 1588
906 1589
289 1590
118 1591
364 1592
1022 1593
1047 1594
461 1595
675 1596
410 1597
257 1598
1265 1599
1282 1600
930 1601
1312 1602
1304 1603
720 1604
1366 1605
603 1606
1226 1607
1498 1608
1386 1609
178 1610
408 1611
743 1612
1514 1613
438 1614
1136 1615
103 1616
949 1617
1443 1618
204 1619
118 1620
100 1621
532 1622
457 1623
1553 1624
190 1625
529 1626
1400 1627
710 1628
846 1629
392 1630
1510 1631
985 1632
1556 1633
260 1634
475 1635
736 1636
826 1637
1152 1638
706 1639
1414 1640
1577 1641
932 1642
394 1643
85 1644
1087 1645
522 1646
586 1647
1493 1648
784 1649
1229 1650
197 1651
568 1652
62 1653
180 1654
657 1655
1470 1656
787 1657
880 1658
110 1659
398 1660
1108 1661
1418 1662
390 1663
1052 1664
1598 1665
1611 1666
896 1667
1209 1668
1417 1669
225 1670
1259 1671
1634 1672
1518 1673
910 1674
870 1675
1082 1676
724 1677
2 1678
609 1679
239 1680
98 1681
1185 1682
1650 1683
1170 1684
895 1685
626 1686
1098 1687
1266 1688
478 1689
1238 1690
1348 1691
1549 1692
1208 1693
1552 1694
535 1695
1160 1696
387 1697
847 1698
496 1699
78 1700
879 1701
727 1702
1016 1703
1273 1704
1649 1705
1153 1706
1250 1707
243 1708
1359 1709
1165 1710
139 1711
951 1712
504 1713
1020 1714
261 1715
297 1716
943 1717
912 1718
1239 1719
223 1720
1695 1721
513 1722
221 1723
515 1724
329 1725
396 1726
331 1727
205 1728
615 1729
1481 1730
751 1731
308 1732
220 1733
771 1734
1358 1735
1499 1736
1180 1737
1680 1738
1110 1739
1014 1740
198 1741
1003 1742
1697 1743
577 1744
1618 1745
519 1746
163 1747
913 1748
313 1749
1324 1750
1002 1751
1584 1752
1052 1753
700 1754
251 1755
778 1756
1609 1757
48 1758
893 1759
691 1760
723 1761
1410 1762
1707 1763
471 1764
1305 1765
1080 1766
632 1767
776 1768
1703 1769
1747 1770
1160 1771
1006 1772
801 1773
1307 1774
1221 1775
191 1776
1191 1777
888 1778
305 1779
958 1780
1743 1781
128 1782
420 1783
855 1784
556 1785
1439 1786
1476 1787
1066 1788
1007 1789
62 1790
885 1791
657 1792
685 1793
1102 1794
966 1795
1788 1796
995 1797
535 1798
141 1799
1765 1800
1747 1801
1740 1802
91 1803
873 1804
1046 1805
281 1806
122 1807
615 1808
1708 1809
1243 1810
1215 1811
294 1812
1420 1813
388 1814
330 1815
1785 1816
271 1817
360 1818
1698 1819
1121 1820
294 1821
1234 1822
242 1823
136 1824
37 1825
526 1826
1788 1827
313 1828
1113 1829
811 1830
1275 1831
544 1832
1584 1833
1343 1834
993 1835
1428 1836
833 1837
1064 1838
534 1839
1426 1840
679 1841
1065 1842
208 1843
979 1844
1059 1845
156 1846
1626 1847
638 1848
673 1849
553 1850
1181 1851
968 1852
235 1853
1472 1854
1127 1855
1541 1856
1265 1857
311 1858
675 1859
3 1860
283 1861
676 1862
578 1863
1860 1864
488 1865
78 1866
876 1867
1259 1868
984 1869
652 1870
39 1871
1697 1872
1159 1873
205 1874
328 1875
1581 1876
601 1877
1202 1878
653 1879
1436 1880
150 1881
1733 1882
631 1883
1718 1884
866 1885
188 1886
1083 1887
1229 1888
256 1889
279 1890
505 1891
1730 1892
1864 1893
714 1894
1186 1895
490 1896
1072 1897
1768 1898
1034 1899
1414 1900
1121 1901
1152 1902
1441 1903
670 1904
1249 1905
241 1906
724 1907
1238 1908
1185 1909
1496 1910
1835 1911
822 1912
294 1913
1772 1914
990 1915
942 1916
1788 1917
1670 1918
1621 1919
1137 1920
1392 1921
24 1922
1478 1923
1264 1924
716 1925
1050 1926
1757 1927
1265 1928
290 1929
1482 1930
395 1931
280 1932
1733 1933
1560 1934
1287 1935
238 1936
1312 1937
1134 1938
1763 1939
603 1940
581 1941
1669 1942
885 1943
1654 1944
1153 1945
212 1946
1335 1947
1919 1948
415 1949
895 1950
234 1951
897 1952
1837 1953
602 1954
1503 1955
997 1956
1668 1957
1850 1958
663 1959
1166 1960
807 1961
1221 1962
1461 1963
43 1964
218 1965
1718 1966
1915 1967
1700 1968
1698 1969
1830 1970
1221 1971
1592 1972
443 1973
853 1974
1717 1975
1051 1976
208 1977
1615 1978
1042 1979
416 1980
289 1981
976 1982
1925 1983
1581 1984
1066 1985
41 1986
797 1987
1954 1988
329 1989
1525 1990
158 1991
673 1992
780 1993
1760 1994
1704 1995
996 1996
1550 1997
1621 1998
1818 1999
1803 2000
23 657
1311 1126
233 898
286 1905
1871 1777
1126 1273
1368 473
1644 1511
253 1962
1813 1282
740 1377
1654 319
1364 1376
479 345
719 112
1436 134
356 1593
683 1892
875 162
115 298
945 1881
25 1984
1884 1252
1521 1444
1791 1239
693 1754
804 1316
513 1475
1818 1371
777 110
93 1069
1325 543
1357 1642
969 786
892 435
1427 721
1783 508
1221 1825
1780 692
1800 1779
129 1108
345 857
748 256
114 444
1458 1086
924 1590
1067 31
554 761
1089 131
869 1026
180 1938
1644 1965
984 281
1189 616
1629 804
1561 362
1040 837
678 1275
1370 1641
1229 1614
1619 358
263 1471
41 1065
734 435
1580 1591
567 1055
1063 721
1714 678
1128 1538
1759 1730
997 606
262 1719
594 1212
389 1930
1532 1718
976 1613
356 1351
1154 636
1327 1067
838 1671
310 329
1243 1301
1867 1894
327 170
1035 288
589 826
1273 887
805 1242
458 1064
461 941
1838 210
406 1972
1328 678
1769 86
1646 1624
474 339
1459 862
1223 419
358 890
388 1447
632 706
