2000 1999 1000
1999 1998
1999 1997
1999 1996
1999 1995
1999 1994
1999 1993
1999 1992
1999 1991
1999 1990
1999 1989
1999 1988
1999 1987
1999 1986
1999 1985
1999 1984
1999 1983
1999 1982
1999 1981
1999 1980
1999 1979
1999 1978
1999 1977
1999 1976
1999 1975
1999 1974
1999 1973
1999 1972
1999 1971
1999 1970
1999 1969
1999 1968
1999 1967
1999 1966
1999 1965
1999 1964
1999 1963
1999 1962
1999 1961
1999 1960
1999 1959
1999 1958
1999 1957
1999 1956
1999 1955
1999 1954
1999 1953
1999 1952
1999 1951
1999 1950
1999 1949
1999 1948
1999 1947
1999 1946
1999 1945
1999 1944
1999 1943
1999 1942
1999 1941
1999 1940
1999 1939
1999 1938
1999 1937
1999 1936
1999 1935
1999 1934
1999 1933
1999 1932
1999 1931
1999 1930
1999 1929
1999 1928
1999 1927
1999 1926
1999 1925
1999 1924
1999 1923
1999 1922
1999 1921
1999 1920
1999 1919
1999 1918
1999 1917
1999 1916
1999 1915
1999 1914
1999 1913
1999 1912
1999 1911
1999 1910
1999 1909
1999 1908
1999 1907
1999 1906
1999 1905
1999 1904
1999 1903
1999 1902
1999 1901
1999 1900
1999 1899
1999 1898
1999 1897
1999 1896
1999 1895
1999 1894
1999 1893
1999 1892
1999 1891
1999 1890
1999 1889
1999 1888
1999 1887
1999 1886
1999 1885
1999 1884
1999 1883
1999 1882
1999 1881
1999 1880
1999 1879
1999 1878
1999 1877
1999 1876
1999 1875
1999 1874
1999 1873
1999 1872
1999 1871
1999 1870
1999 1869
1999 1868
1999 1867
1999 1866
1999 1865
1999 1864
1999 1863
1999 1862
1999 1861
1999 1860
1999 1859
1999 1858
1999 1857
1999 1856
1999 1855
1999 1854
1999 1853
1999 1852
1999 1851
1999 1850
1999 1849
1999 1848
1999 1847
1999 1846
1999 1845
1999 1844
1999 1843
1999 1842
1999 1841
1999 1840
1999 1839
1999 1838
1999 1837
1999 1836
1999 1835
1999 1834
1999 1833
1999 1832
1999 1831
1999 1830
1999 1829
1999 1828
1999 1827
1999 1826
1999 1825
1999 1824
1999 1823
1999 1822
1999 1821
1999 1820
1999 1819
1999 1818
1999 1817
1999 1816
1999 1815
1999 1814
1999 1813
1999 1812
1999 1811
1999 1810
1999 1809
1999 1808
1999 1807
1999 1806
1999 1805
1999 1804
1999 1803
1999 1802
1999 1801
1999 1800
1999 1799
1999 1798
1999 1797
1999 1796
1999 1795
1999 1794
1999 1793
1999 1792
1999 1791
1999 1790
1999 1789
1999 1788
1999 1787
1999 1786
1999 1785
1999 1784
1999 1783
1999 1782
1999 1781
1999 1780
1999 1779
1999 1778
1999 1777
1999 1776
1999 1775
1999 1774
1999 1773
1999 1772
1999 1771
1999 1770
1999 1769
1999 1768
1999 1767
1999 1766
1999 1765
1999 1764
1999 1763
1999 1762
1999 1761
1999 1760
1999 1759
1999 1758
1999 1757
1999 1756
1999 1755
1999 1754
1999 1753
1999 1752
1999 1751
1999 1750
1999 1749
1999 1748
1999 1747
1999 1746
1999 1745
1999 1744
1999 1743
1999 1742
1999 1741
1999 1740
1999 1739
1999 1738
1999 1737
1999 1736
1999 1735
1999 1734
1999 1733
1999 1732
1999 1731
1999 1730
1999 1729
1999 1728
1999 1727
1999 1726
1999 1725
1999 1724
1999 1723
1999 1722
1999 1721
1999 1720
1999 1719
1999 1718
1999 1717
1999 1716
1999 1715
1999 1714
1999 1713
1999 1712
1999 1711
1999 1710
1999 1709
1999 1708
1999 1707
1999 1706
1999 1705
1999 1704
1999 1703
1999 1702
1999 1701
1999 1700
1999 1699
1999 1698
1999 1697
1999 1696
1999 1695
1999 1694
1999 1693
1999 1692
1999 1691
1999 1690
1999 1689
1999 1688
1999 1687
1999 1686
1999 1685
1999 1684
1999 1683
1999 1682
1999 1681
1999 1680
1999 1679
1999 1678
1999 1677
1999 1676
1999 1675
1999 1674
1999 1673
1999 1672
1999 1671
1999 1670
1999 1669
1999 1668
1999 1667
1999 1666
1999 1665
1999 1664
1999 1663
1999 1662
1999 1661
1999 1660
1999 1659
1999 1658
1999 1657
1999 1656
1999 1655
1999 1654
1999 1653
1999 1652
1999 1651
1999 1650
1999 1649
1999 1648
1999 1647
1999 1646
1999 1645
1999 1644
1999 1643
1999 1642
1999 1641
1999 1640
1999 1639
1999 1638
1999 1637
1999 1636
1999 1635
1999 1634
1999 1633
1999 1632
1999 1631
1999 1630
1999 1629
1999 1628
1999 1627
1999 1626
1999 1625
1999 1624
1999 1623
1999 1622
1999 1621
1999 1620
1999 1619
1999 1618
1999 1617
1999 1616
1999 1615
1999 1614
1999 1613
1999 1612
1999 1611
1999 1610
1999 1609
1999 1608
1999 1607
1999 1606
1999 1605
1999 1604
1999 1603
1999 1602
1999 1601
1999 1600
1999 1599
1999 1598
1999 1597
1999 1596
1999 1595
1999 1594
1999 1593
1999 1592
1999 1591
1999 1590
1999 1589
1999 1588
1999 1587
1999 1586
1999 1585
1999 1584
1999 1583
1999 1582
1999 1581
1999 1580
1999 1579
1999 1578
1999 1577
1999 1576
1999 1575
1999 1574
1999 1573
1999 1572
1999 1571
1999 1570
1999 1569
1999 1568
1999 1567
1999 1566
1999 1565
1999 1564
1999 1563
1999 1562
1999 1561
1999 1560
1999 1559
1999 1558
1999 1557
1999 1556
1999 1555
1999 1554
1999 1553
1999 1552
1999 1551
1999 1550
1999 1549
1999 1548
1999 1547
1999 1546
1999 1545
1999 1544
1999 1543
1999 1542
1999 1541
1999 1540
1999 1539
1999 1538
1999 1537
1999 1536
1999 1535
1999 1534
1999 1533
1999 1532
1999 1531
1999 1530
1999 1529
1999 1528
1999 1527
1999 1526
1999 1525
1999 1524
1999 1523
1999 1522
1999 1521
1999 1520
1999 1519
1999 1518
1999 1517
1999 1516
1999 1515
1999 1514
1999 1513
1999 1512
1999 1511
1999 1510
1999 1509
1999 1508
1999 1507
1999 1506
1999 1505
1999 1504
1999 1503
1999 1502
1999 1501
1999 1500
1999 1499
1999 1498
1999 1497
1999 1496
1999 1495
1999 1494
1999 1493
1999 1492
1999 1491
1999 1490
1999 1489
1999 1488
1999 1487
1999 1486
1999 1485
1999 1484
1999 1483
1999 1482
1999 1481
1999 1480
1999 1479
1999 1478
1999 1477
1999 1476
1999 1475
1999 1474
1999 1473
1999 1472
1999 1471
1999 1470
1999 1469
1999 1468
1999 1467
1999 1466
1999 1465
1999 1464
1999 1463
1999 1462
1999 1461
1999 1460
1999 1459
1999 1458
1999 1457
1999 1456
1999 1455
1999 1454
1999 1453
1999 1452
1999 1451
1999 1450
1999 1449
1999 1448
1999 1447
1999 1446
1999 1445
1999 1444
1999 1443
1999 1442
1999 1441
1999 1440
1999 1439
1999 1438
1999 1437
1999 1436
1999 1435
1999 1434
1999 1433
1999 1432
1999 1431
1999 1430
1999 1429
1999 1428
1999 1427
1999 1426
1999 1425
1999 1424
1999 1423
1999 1422
1999 1421
1999 1420
1999 1419
1999 1418
1999 1417
1999 1416
1999 1415
1999 1414
1999 1413
1999 1412
1999 1411
1999 1410
1999 1409
1999 1408
1999 1407
1999 1406
1999 1405
1999 1404
1999 1403
1999 1402
1999 1401
1999 1400
1999 1399
1999 1398
1999 1397
1999 1396
1999 1395
1999 1394
1999 1393
1999 1392
1999 1391
1999 1390
1999 1389
1999 1388
1999 1387
1999 1386
1999 1385
1999 1384
1999 1383
1999 1382
1999 1381
1999 1380
1999 1379
1999 1378
1999 1377
1999 1376
1999 1375
1999 1374
1999 1373
1999 1372
1999 1371
1999 1370
1999 1369
1999 1368
1999 1367
1999 1366
1999 1365
1999 1364
1999 1363
1999 1362
1999 1361
1999 1360
1999 1359
1999 1358
1999 1357
1999 1356
1999 1355
1999 1354
1999 1353
1999 1352
1999 1351
1999 1350
1999 1349
1999 1348
1999 1347
1999 1346
1999 1345
1999 1344
1999 1343
1999 1342
1999 1341
1999 1340
1999 1339
1999 1338
1999 1337
1999 1336
1999 1335
1999 1334
1999 1333
1999 1332
1999 1331
1999 1330
1999 1329
1999 1328
1999 1327
1999 1326
1999 1325
1999 1324
1999 1323
1999 1322
1999 1321
1999 1320
1999 1319
1999 1318
1999 1317
1999 1316
1999 1315
1999 1314
1999 1313
1999 1312
1999 1311
1999 1310
1999 1309
1999 1308
1999 1307
1999 1306
1999 1305
1999 1304
1999 1303
1999 1302
1999 1301
1999 1300
1999 1299
1999 1298
1999 1297
1999 1296
1999 1295
1999 1294
1999 1293
1999 1292
1999 1291
1999 1290
1999 1289
1999 1288
1999 1287
1999 1286
1999 1285
1999 1284
1999 1283
1999 1282
1999 1281
1999 1280
1999 1279
1999 1278
1999 1277
1999 1276
1999 1275
1999 1274
1999 1273
1999 1272
1999 1271
1999 1270
1999 1269
1999 1268
1999 1267
1999 1266
1999 1265
1999 1264
1999 1263
1999 1262
1999 1261
1999 1260
1999 1259
1999 1258
1999 1257
1999 1256
1999 1255
1999 1254
1999 1253
1999 1252
1999 1251
1999 1250
1999 1249
1999 1248
1999 1247
1999 1246
1999 1245
1999 1244
1999 1243
1999 1242
1999 1241
1999 1240
1999 1239
1999 1238
1999 1237
1999 1236
1999 1235
1999 1234
1999 1233
1999 1232
1999 1231
1999 1230
1999 1229
1999 1228
1999 1227
1999 1226
1999 1225
1999 1224
1999 1223
1999 1222
1999 1221
1999 1220
1999 1219
1999 1218
1999 1217
1999 1216
1999 1215
1999 1214
1999 1213
1999 1212
1999 1211
1999 1210
1999 1209
1999 1208
1999 1207
1999 1206
1999 1205
1999 1204
1999 1203
1999 1202
1999 1201
1999 1200
1999 1199
1999 1198
1999 1197
1999 1196
1999 1195
1999 1194
1999 1193
1999 1192
1999 1191
1999 1190
1999 1189
1999 1188
1999 1187
1999 1186
1999 1185
1999 1184
1999 1183
1999 1182
1999 1181
1999 1180
1999 1179
1999 1178
1999 1177
1999 1176
1999 1175
1999 1174
1999 1173
1999 1172
1999 1171
1999 1170
1999 1169
1999 1168
1999 1167
1999 1166
1999 1165
1999 1164
1999 1163
1999 1162
1999 1161
1999 1160
1999 1159
1999 1158
1999 1157
1999 1156
1999 1155
1999 1154
1999 1153
1999 1152
1999 1151
1999 1150
1999 1149
1999 1148
1999 1147
1999 1146
1999 1145
1999 1144
1999 1143
1999 1142
1999 1141
1999 1140
1999 1139
1999 1138
1999 1137
1999 1136
1999 1135
1999 1134
1999 1133
1999 1132
1999 1131
1999 1130
1999 1129
1999 1128
1999 1127
1999 1126
1999 1125
1999 1124
1999 1123
1999 1122
1999 1121
1999 1120
1999 1119
1999 1118
1999 1117
1999 1116
1999 1115
1999 1114
1999 1113
1999 1112
1999 1111
1999 1110
1999 1109
1999 1108
1999 1107
1999 1106
1999 1105
1999 1104
1999 1103
1999 1102
1999 1101
1999 1100
1999 1099
1999 1098
1999 1097
1999 1096
1999 1095
1999 1094
1999 1093
1999 1092
1999 1091
1999 1090
1999 1089
1999 1088
1999 1087
1999 1086
1999 1085
1999 1084
1999 1083
1999 1082
1999 1081
1999 1080
1999 1079
1999 1078
1999 1077
1999 1076
1999 1075
1999 1074
1999 1073
1999 1072
1999 1071
1999 1070
1999 1069
1999 1068
1999 1067
1999 1066
1999 1065
1999 1064
1999 1063
1999 1062
1999 1061
1999 1060
1999 1059
1999 1058
1999 1057
1999 1056
1999 1055
1999 1054
1999 1053
1999 1052
1999 1051
1999 1050
1999 1049
1999 1048
1999 1047
1999 1046
1999 1045
1999 1044
1999 1043
1999 1042
1999 1041
1999 1040
1999 1039
1999 1038
1999 1037
1999 1036
1999 1035
1999 1034
1999 1033
1999 1032
1999 1031
1999 1030
1999 1029
1999 1028
1999 1027
1999 1026
1999 1025
1999 1024
1999 1023
1999 1022
1999 1021
1999 1020
1999 1019
1999 1018
1999 1017
1999 1016
1999 1015
1999 1014
1999 1013
1999 1012
1999 1011
1999 1010
1999 1009
1999 1008
1999 1007
1999 1006
1999 1005
1999 1004
1999 1003
1999 1002
1999 1001
1 1999
1 2000
2 2000
3 2000
4 2000
5 2000
6 2000
7 2000
8 2000
9 2000
10 2000
11 2000
12 2000
13 2000
14 2000
15 2000
16 2000
17 2000
18 2000
19 2000
20 2000
21 2000
22 2000
23 2000
24 2000
25 2000
26 2000
27 2000
28 2000
29 2000
30 2000
31 2000
32 2000
33 2000
34 2000
35 2000
36 2000
37 2000
38 2000
39 2000
40 2000
41 2000
42 2000
43 2000
44 2000
45 2000
46 2000
47 2000
48 2000
49 2000
50 2000
51 2000
52 2000
53 2000
54 2000
55 2000
56 2000
57 2000
58 2000
59 2000
60 2000
61 2000
62 2000
63 2000
64 2000
65 2000
66 2000
67 2000
68 2000
69 2000
70 2000
71 2000
72 2000
73 2000
74 2000
75 2000
76 2000
77 2000
78 2000
79 2000
80 2000
81 2000
82 2000
83 2000
84 2000
85 2000
86 2000
87 2000
88 2000
89 2000
90 2000
91 2000
92 2000
93 2000
94 2000
95 2000
96 2000
97 2000
98 2000
99 2000
100 2000
101 2000
102 2000
103 2000
104 2000
105 2000
106 2000
107 2000
108 2000
109 2000
110 2000
111 2000
112 2000
113 2000
114 2000
115 2000
116 2000
117 2000
118 2000
119 2000
120 2000
121 2000
122 2000
123 2000
124 2000
125 2000
126 2000
127 2000
128 2000
129 2000
130 2000
131 2000
132 2000
133 2000
134 2000
135 2000
136 2000
137 2000
138 2000
139 2000
140 2000
141 2000
142 2000
143 2000
144 2000
145 2000
146 2000
147 2000
148 2000
149 2000
150 2000
151 2000
152 2000
153 2000
154 2000
155 2000
156 2000
157 2000
158 2000
159 2000
160 2000
161 2000
162 2000
163 2000
164 2000
165 2000
166 2000
167 2000
168 2000
169 2000
170 2000
171 2000
172 2000
173 2000
174 2000
175 2000
176 2000
177 2000
178 2000
179 2000
180 2000
181 2000
182 2000
183 2000
184 2000
185 2000
186 2000
187 2000
188 2000
189 2000
190 2000
191 2000
192 2000
193 2000
194 2000
195 2000
196 2000
197 2000
198 2000
199 2000
200 2000
201 2000
202 2000
203 2000
204 2000
205 2000
206 2000
207 2000
208 2000
209 2000
210 2000
211 2000
212 2000
213 2000
214 2000
215 2000
216 2000
217 2000
218 2000
219 2000
220 2000
221 2000
222 2000
223 2000
224 2000
225 2000
226 2000
227 2000
228 2000
229 2000
230 2000
231 2000
232 2000
233 2000
234 2000
235 2000
236 2000
237 2000
238 2000
239 2000
240 2000
241 2000
242 2000
243 2000
244 2000
245 2000
246 2000
247 2000
248 2000
249 2000
250 2000
251 2000
252 2000
253 2000
254 2000
255 2000
256 2000
257 2000
258 2000
259 2000
260 2000
261 2000
262 2000
263 2000
264 2000
265 2000
266 2000
267 2000
268 2000
269 2000
270 2000
271 2000
272 2000
273 2000
274 2000
275 2000
276 2000
277 2000
278 2000
279 2000
280 2000
281 2000
282 2000
283 2000
284 2000
285 2000
286 2000
287 2000
288 2000
289 2000
290 2000
291 2000
292 2000
293 2000
294 2000
295 2000
296 2000
297 2000
298 2000
299 2000
300 2000
301 2000
302 2000
303 2000
304 2000
305 2000
306 2000
307 2000
308 2000
309 2000
310 2000
311 2000
312 2000
313 2000
314 2000
315 2000
316 2000
317 2000
318 2000
319 2000
320 2000
321 2000
322 2000
323 2000
324 2000
325 2000
326 2000
327 2000
328 2000
329 2000
330 2000
331 2000
332 2000
333 2000
334 2000
335 2000
336 2000
337 2000
338 2000
339 2000
340 2000
341 2000
342 2000
343 2000
344 2000
345 2000
346 2000
347 2000
348 2000
349 2000
350 2000
351 2000
352 2000
353 2000
354 2000
355 2000
356 2000
357 2000
358 2000
359 2000
360 2000
361 2000
362 2000
363 2000
364 2000
365 2000
366 2000
367 2000
368 2000
369 2000
370 2000
371 2000
372 2000
373 2000
374 2000
375 2000
376 2000
377 2000
378 2000
379 2000
380 2000
381 2000
382 2000
383 2000
384 2000
385 2000
386 2000
387 2000
388 2000
389 2000
390 2000
391 2000
392 2000
393 2000
394 2000
395 2000
396 2000
397 2000
398 2000
399 2000
400 2000
401 2000
402 2000
403 2000
404 2000
405 2000
406 2000
407 2000
408 2000
409 2000
410 2000
411 2000
412 2000
413 2000
414 2000
415 2000
416 2000
417 2000
418 2000
419 2000
420 2000
421 2000
422 2000
423 2000
424 2000
425 2000
426 2000
427 2000
428 2000
429 2000
430 2000
431 2000
432 2000
433 2000
434 2000
435 2000
436 2000
437 2000
438 2000
439 2000
440 2000
441 2000
442 2000
443 2000
444 2000
445 2000
446 2000
447 2000
448 2000
449 2000
450 2000
451 2000
452 2000
453 2000
454 2000
455 2000
456 2000
457 2000
458 2000
459 2000
460 2000
461 2000
462 2000
463 2000
464 2000
465 2000
466 2000
467 2000
468 2000
469 2000
470 2000
471 2000
472 2000
473 2000
474 2000
475 2000
476 2000
477 2000
478 2000
479 2000
480 2000
481 2000
482 2000
483 2000
484 2000
485 2000
486 2000
487 2000
488 2000
489 2000
490 2000
491 2000
492 2000
493 2000
494 2000
495 2000
496 2000
497 2000
498 2000
499 2000
500 2000
501 2000
502 2000
503 2000
504 2000
505 2000
506 2000
507 2000
508 2000
509 2000
510 2000
511 2000
512 2000
513 2000
514 2000
515 2000
516 2000
517 2000
518 2000
519 2000
520 2000
521 2000
522 2000
523 2000
524 2000
525 2000
526 2000
527 2000
528 2000
529 2000
530 2000
531 2000
532 2000
533 2000
534 2000
535 2000
536 2000
537 2000
538 2000
539 2000
540 2000
541 2000
542 2000
543 2000
544 2000
545 2000
546 2000
547 2000
548 2000
549 2000
550 2000
551 2000
552 2000
553 2000
554 2000
555 2000
556 2000
557 2000
558 2000
559 2000
560 2000
561 2000
562 2000
563 2000
564 2000
565 2000
566 2000
567 2000
568 2000
569 2000
570 2000
571 2000
572 2000
573 2000
574 2000
575 2000
576 2000
577 2000
578 2000
579 2000
580 2000
581 2000
582 2000
583 2000
584 2000
585 2000
586 2000
587 2000
588 2000
589 2000
590 2000
591 2000
592 2000
593 2000
594 2000
595 2000
596 2000
597 2000
598 2000
599 2000
600 2000
601 2000
602 2000
603 2000
604 2000
605 2000
606 2000
607 2000
608 2000
609 2000
610 2000
611 2000
612 2000
613 2000
614 2000
615 2000
616 2000
617 2000
618 2000
619 2000
620 2000
621 2000
622 2000
623 2000
624 2000
625 2000
626 2000
627 2000
628 2000
629 2000
630 2000
631 2000
632 2000
633 2000
634 2000
635 2000
636 2000
637 2000
638 2000
639 2000
640 2000
641 2000
642 2000
643 2000
644 2000
645 2000
646 2000
647 2000
648 2000
649 2000
650 2000
651 2000
652 2000
653 2000
654 2000
655 2000
656 2000
657 2000
658 2000
659 2000
660 2000
661 2000
662 2000
663 2000
664 2000
665 2000
666 2000
667 2000
668 2000
669 2000
670 2000
671 2000
672 2000
673 2000
674 2000
675 2000
676 2000
677 2000
678 2000
679 2000
680 2000
681 2000
682 2000
683 2000
684 2000
685 2000
686 2000
687 2000
688 2000
689 2000
690 2000
691 2000
692 2000
693 2000
694 2000
695 2000
696 2000
697 2000
698 2000
699 2000
700 2000
701 2000
702 2000
703 2000
704 2000
705 2000
706 2000
707 2000
708 2000
709 2000
710 2000
711 2000
712 2000
713 2000
714 2000
715 2000
716 2000
717 2000
718 2000
719 2000
720 2000
721 2000
722 2000
723 2000
724 2000
725 2000
726 2000
727 2000
728 2000
729 2000
730 2000
731 2000
732 2000
733 2000
734 2000
735 2000
736 2000
737 2000
738 2000
739 2000
740 2000
741 2000
742 2000
743 2000
744 2000
745 2000
746 2000
747 2000
748 2000
749 2000
750 2000
751 2000
752 2000
753 2000
754 2000
755 2000
756 2000
757 2000
758 2000
759 2000
760 2000
761 2000
762 2000
763 2000
764 2000
765 2000
766 2000
767 2000
768 2000
769 2000
770 2000
771 2000
772 2000
773 2000
774 2000
775 2000
776 2000
777 2000
778 2000
779 2000
780 2000
781 2000
782 2000
783 2000
784 2000
785 2000
786 2000
787 2000
788 2000
789 2000
790 2000
791 2000
792 2000
793 2000
794 2000
795 2000
796 2000
797 2000
798 2000
799 2000
800 2000
801 2000
802 2000
803 2000
804 2000
805 2000
806 2000
807 2000
808 2000
809 2000
810 2000
811 2000
812 2000
813 2000
814 2000
815 2000
816 2000
817 2000
818 2000
819 2000
820 2000
821 2000
822 2000
823 2000
824 2000
825 2000
826 2000
827 2000
828 2000
829 2000
830 2000
831 2000
832 2000
833 2000
834 2000
835 2000
836 2000
837 2000
838 2000
839 2000
840 2000
841 2000
842 2000
843 2000
844 2000
845 2000
846 2000
847 2000
848 2000
849 2000
850 2000
851 2000
852 2000
853 2000
854 2000
855 2000
856 2000
857 2000
858 2000
859 2000
860 2000
861 2000
862 2000
863 2000
864 2000
865 2000
866 2000
867 2000
868 2000
869 2000
870 2000
871 2000
872 2000
873 2000
874 2000
875 2000
876 2000
877 2000
878 2000
879 2000
880 2000
881 2000
882 2000
883 2000
884 2000
885 2000
886 2000
887 2000
888 2000
889 2000
890 2000
891 2000
892 2000
893 2000
894 2000
895 2000
896 2000
897 2000
898 2000
899 2000
900 2000
901 2000
902 2000
903 2000
904 2000
905 2000
906 2000
907 2000
908 2000
909 2000
910 2000
911 2000
912 2000
913 2000
914 2000
915 2000
916 2000
917 2000
918 2000
919 2000
920 2000
921 2000
922 2000
923 2000
924 2000
925 2000
926 2000
927 2000
928 2000
929 2000
930 2000
931 2000
932 2000
933 2000
934 2000
935 2000
936 2000
937 2000
938 2000
939 2000
940 2000
941 2000
942 2000
943 2000
944 2000
945 2000
946 2000
947 2000
948 2000
949 2000
950 2000
951 2000
952 2000
953 2000
954 2000
955 2000
956 2000
957 2000
958 2000
959 2000
960 2000
961 2000
962 2000
963 2000
964 2000
965 2000
966 2000
967 2000
968 2000
969 2000
970 2000
971 2000
972 2000
973 2000
974 2000
975 2000
976 2000
977 2000
978 2000
979 2000
980 2000
981 2000
982 2000
983 2000
984 2000
985 2000
986 2000
987 2000
988 2000
989 2000
990 2000
991 2000
992 2000
993 2000
994 2000
995 2000
996 2000
997 2000
998 2000
999 2000
1000 2000
