2000 1999 1998
3 669
3 1335
669 670
4 670
4 1336
670 671
5 671
5 1337
671 672
6 672
6 1338
672 673
7 673
7 1339
673 674
8 674
8 1340
674 675
9 675
9 1341
675 676
10 676
10 1342
676 677
11 677
11 1343
677 678
12 678
12 1344
678 679
13 679
13 1345
679 680
14 680
14 1346
680 681
15 681
15 1347
681 682
16 682
16 1348
682 683
17 683
17 1349
683 684
18 684
18 1350
684 685
19 685
19 1351
685 686
20 686
20 1352
686 687
21 687
21 1353
687 688
22 688
22 1354
688 689
23 689
23 1355
689 690
24 690
24 1356
690 691
25 691
25 1357
691 692
26 692
26 1358
692 693
27 693
27 1359
693 694
28 694
28 1360
694 695
29 695
29 1361
695 696
30 696
30 1362
696 697
31 697
31 1363
697 698
32 698
32 1364
698 699
33 699
33 1365
699 700
34 700
34 1366
700 701
35 701
35 1367
701 702
36 702
36 1368
702 703
37 703
37 1369
703 704
38 704
38 1370
704 705
39 705
39 1371
705 706
40 706
40 1372
706 707
41 707
41 1373
707 708
42 708
42 1374
708 709
43 709
43 1375
709 710
44 710
44 1376
710 711
45 711
45 1377
711 712
46 712
46 1378
712 713
47 713
47 1379
713 714
48 714
48 1380
714 715
49 715
49 1381
715 716
50 716
50 1382
716 717
51 717
51 1383
717 718
52 718
52 1384
718 719
53 719
53 1385
719 720
54 720
54 1386
720 721
55 721
55 1387
721 722
56 722
56 1388
722 723
57 723
57 1389
723 724
58 724
58 1390
724 725
59 725
59 1391
725 726
60 726
60 1392
726 727
61 727
61 1393
727 728
62 728
62 1394
728 729
63 729
63 1395
729 730
64 730
64 1396
730 731
65 731
65 1397
731 732
66 732
66 1398
732 733
67 733
67 1399
733 734
68 734
68 1400
734 735
69 735
69 1401
735 736
70 736
70 1402
736 737
71 737
71 1403
737 738
72 738
72 1404
738 739
73 739
73 1405
739 740
74 740
74 1406
740 741
75 741
75 1407
741 742
76 742
76 1408
742 743
77 743
77 1409
743 744
78 744
78 1410
744 745
79 745
79 1411
745 746
80 746
80 1412
746 747
81 747
81 1413
747 748
82 748
82 1414
748 749
83 749
83 1415
749 750
84 750
84 1416
750 751
85 751
85 1417
751 752
86 752
86 1418
752 753
87 753
87 1419
753 754
88 754
88 1420
754 755
89 755
89 1421
755 756
90 756
90 1422
756 757
91 757
91 1423
757 758
92 758
92 1424
758 759
93 759
93 1425
759 760
94 760
94 1426
760 761
95 761
95 1427
761 762
96 762
96 1428
762 763
97 763
97 1429
763 764
98 764
98 1430
764 765
99 765
99 1431
765 766
100 766
100 1432
766 767
101 767
101 1433
767 768
102 768
102 1434
768 769
103 769
103 1435
769 770
104 770
104 1436
770 771
105 771
105 1437
771 772
106 772
106 1438
772 773
107 773
107 1439
773 774
108 774
108 1440
774 775
109 775
109 1441
775 776
110 776
110 1442
776 777
111 777
111 1443
777 778
112 778
112 1444
778 779
113 779
113 1445
779 780
114 780
114 1446
780 781
115 781
115 1447
781 782
116 782
116 1448
782 783
117 783
117 1449
783 784
118 784
118 1450
784 785
119 785
119 1451
785 786
120 786
120 1452
786 787
121 787
121 1453
787 788
122 788
122 1454
788 789
123 789
123 1455
789 790
124 790
124 1456
790 791
125 791
125 1457
791 792
126 792
126 1458
792 793
127 793
127 1459
793 794
128 794
128 1460
794 795
129 795
129 1461
795 796
130 796
130 1462
796 797
131 797
131 1463
797 798
132 798
132 1464
798 799
133 799
133 1465
799 800
134 800
134 1466
800 801
135 801
135 1467
801 802
136 802
136 1468
802 803
137 803
137 1469
803 804
138 804
138 1470
804 805
139 805
139 1471
805 806
140 806
140 1472
806 807
141 807
141 1473
807 808
142 808
142 1474
808 809
143 809
143 1475
809 810
144 810
144 1476
810 811
145 811
145 1477
811 812
146 812
146 1478
812 813
147 813
147 1479
813 814
148 814
148 1480
814 815
149 815
149 1481
815 816
150 816
150 1482
816 817
151 817
151 1483
817 818
152 818
152 1484
818 819
153 819
153 1485
819 820
154 820
154 1486
820 821
155 821
155 1487
821 822
156 822
156 1488
822 823
157 823
157 1489
823 824
158 824
158 1490
824 825
159 825
159 1491
825 826
160 826
160 1492
826 827
161 827
161 1493
827 828
162 828
162 1494
828 829
163 829
163 1495
829 830
164 830
164 1496
830 831
165 831
165 1497
831 832
166 832
166 1498
832 833
167 833
167 1499
833 834
168 834
168 1500
834 835
169 835
169 1501
835 836
170 836
170 1502
836 837
171 837
171 1503
837 838
172 838
172 1504
838 839
173 839
173 1505
839 840
174 840
174 1506
840 841
175 841
175 1507
841 842
176 842
176 1508
842 843
177 843
177 1509
843 844
178 844
178 1510
844 845
179 845
179 1511
845 846
180 846
180 1512
846 847
181 847
181 1513
847 848
182 848
182 1514
848 849
183 849
183 1515
849 850
184 850
184 1516
850 851
185 851
185 1517
851 852
186 852
186 1518
852 853
187 853
187 1519
853 854
188 854
188 1520
854 855
189 855
189 1521
855 856
190 856
190 1522
856 857
191 857
191 1523
857 858
192 858
192 1524
858 859
193 859
193 1525
859 860
194 860
194 1526
860 861
195 861
195 1527
861 862
196 862
196 1528
862 863
197 863
197 1529
863 864
198 864
198 1530
864 865
199 865
199 1531
865 866
200 866
200 1532
866 867
201 867
201 1533
867 868
202 868
202 1534
868 869
203 869
203 1535
869 870
204 870
204 1536
870 871
205 871
205 1537
871 872
206 872
206 1538
872 873
207 873
207 1539
873 874
208 874
208 1540
874 875
209 875
209 1541
875 876
210 876
210 1542
876 877
211 877
211 1543
877 878
212 878
212 1544
878 879
213 879
213 1545
879 880
214 880
214 1546
880 881
215 881
215 1547
881 882
216 882
216 1548
882 883
217 883
217 1549
883 884
218 884
218 1550
884 885
219 885
219 1551
885 886
220 886
220 1552
886 887
221 887
221 1553
887 888
222 888
222 1554
888 889
223 889
223 1555
889 890
224 890
224 1556
890 891
225 891
225 1557
891 892
226 892
226 1558
892 893
227 893
227 1559
893 894
228 894
228 1560
894 895
229 895
229 1561
895 896
230 896
230 1562
896 897
231 897
231 1563
897 898
232 898
232 1564
898 899
233 899
233 1565
899 900
234 900
234 1566
900 901
235 901
235 1567
901 902
236 902
236 1568
902 903
237 903
237 1569
903 904
238 904
238 1570
904 905
239 905
239 1571
905 906
240 906
240 1572
906 907
241 907
241 1573
907 908
242 908
242 1574
908 909
243 909
243 1575
909 910
244 910
244 1576
910 911
245 911
245 1577
911 912
246 912
246 1578
912 913
247 913
247 1579
913 914
248 914
248 1580
914 915
249 915
249 1581
915 916
250 916
250 1582
916 917
251 917
251 1583
917 918
252 918
252 1584
918 919
253 919
253 1585
919 920
254 920
254 1586
920 921
255 921
255 1587
921 922
256 922
256 1588
922 923
257 923
257 1589
923 924
258 924
258 1590
924 925
259 925
259 1591
925 926
260 926
260 1592
926 927
261 927
261 1593
927 928
262 928
262 1594
928 929
263 929
263 1595
929 930
264 930
264 1596
930 931
265 931
265 1597
931 932
266 932
266 1598
932 933
267 933
267 1599
933 934
268 934
268 1600
934 935
269 935
269 1601
935 936
270 936
270 1602
936 937
271 937
271 1603
937 938
272 938
272 1604
938 939
273 939
273 1605
939 940
274 940
274 1606
940 941
275 941
275 1607
941 942
276 942
276 1608
942 943
277 943
277 1609
943 944
278 944
278 1610
944 945
279 945
279 1611
945 946
280 946
280 1612
946 947
281 947
281 1613
947 948
282 948
282 1614
948 949
283 949
283 1615
949 950
284 950
284 1616
950 951
285 951
285 1617
951 952
286 952
286 1618
952 953
287 953
287 1619
953 954
288 954
288 1620
954 955
289 955
289 1621
955 956
290 956
290 1622
956 957
291 957
291 1623
957 958
292 958
292 1624
958 959
293 959
293 1625
959 960
294 960
294 1626
960 961
295 961
295 1627
961 962
296 962
296 1628
962 963
297 963
297 1629
963 964
298 964
298 1630
964 965
299 965
299 1631
965 966
300 966
300 1632
966 967
301 967
301 1633
967 968
302 968
302 1634
968 969
303 969
303 1635
969 970
304 970
304 1636
970 971
305 971
305 1637
971 972
306 972
306 1638
972 973
307 973
307 1639
973 974
308 974
308 1640
974 975
309 975
309 1641
975 976
310 976
310 1642
976 977
311 977
311 1643
977 978
312 978
312 1644
978 979
313 979
313 1645
979 980
314 980
314 1646
980 981
315 981
315 1647
981 982
316 982
316 1648
982 983
317 983
317 1649
983 984
318 984
318 1650
984 985
319 985
319 1651
985 986
320 986
320 1652
986 987
321 987
321 1653
987 988
322 988
322 1654
988 989
323 989
323 1655
989 990
324 990
324 1656
990 991
325 991
325 1657
991 992
326 992
326 1658
992 993
327 993
327 1659
993 994
328 994
328 1660
994 995
329 995
329 1661
995 996
330 996
330 1662
996 997
331 997
331 1663
997 998
332 998
332 1664
998 999
333 999
333 1665
999 1000
334 1000
334 1666
1000 1001
335 1001
335 1667
1001 1002
336 1002
336 1668
1002 1003
337 1003
337 1669
1003 1004
338 1004
338 1670
1004 1005
339 1005
339 1671
1005 1006
340 1006
340 1672
1006 1007
341 1007
341 1673
1007 1008
342 1008
342 1674
1008 1009
343 1009
343 1675
1009 1010
344 1010
344 1676
1010 1011
345 1011
345 1677
1011 1012
346 1012
346 1678
1012 1013
347 1013
347 1679
1013 1014
348 1014
348 1680
1014 1015
349 1015
349 1681
1015 1016
350 1016
350 1682
1016 1017
351 1017
351 1683
1017 1018
352 1018
352 1684
1018 1019
353 1019
353 1685
1019 1020
354 1020
354 1686
1020 1021
355 1021
355 1687
1021 1022
356 1022
356 1688
1022 1023
357 1023
357 1689
1023 1024
358 1024
358 1690
1024 1025
359 1025
359 1691
1025 1026
360 1026
360 1692
1026 1027
361 1027
361 1693
1027 1028
362 1028
362 1694
1028 1029
363 1029
363 1695
1029 1030
364 1030
364 1696
1030 1031
365 1031
365 1697
1031 1032
366 1032
366 1698
1032 1033
367 1033
367 1699
1033 1034
368 1034
368 1700
1034 1035
369 1035
369 1701
1035 1036
370 1036
370 1702
1036 1037
371 1037
371 1703
1037 1038
372 1038
372 1704
1038 1039
373 1039
373 1705
1039 1040
374 1040
374 1706
1040 1041
375 1041
375 1707
1041 1042
376 1042
376 1708
1042 1043
377 1043
377 1709
1043 1044
378 1044
378 1710
1044 1045
379 1045
379 1711
1045 1046
380 1046
380 1712
1046 1047
381 1047
381 1713
1047 1048
382 1048
382 1714
1048 1049
383 1049
383 1715
1049 1050
384 1050
384 1716
1050 1051
385 1051
385 1717
1051 1052
386 1052
386 1718
1052 1053
387 1053
387 1719
1053 1054
388 1054
388 1720
1054 1055
389 1055
389 1721
1055 1056
390 1056
390 1722
1056 1057
391 1057
391 1723
1057 1058
392 1058
392 1724
1058 1059
393 1059
393 1725
1059 1060
394 1060
394 1726
1060 1061
395 1061
395 1727
1061 1062
396 1062
396 1728
1062 1063
397 1063
397 1729
1063 1064
398 1064
398 1730
1064 1065
399 1065
399 1731
1065 1066
400 1066
400 1732
1066 1067
401 1067
401 1733
1067 1068
402 1068
402 1734
1068 1069
403 1069
403 1735
1069 1070
404 1070
404 1736
1070 1071
405 1071
405 1737
1071 1072
406 1072
406 1738
1072 1073
407 1073
407 1739
1073 1074
408 1074
408 1740
1074 1075
409 1075
409 1741
1075 1076
410 1076
410 1742
1076 1077
411 1077
411 1743
1077 1078
412 1078
412 1744
1078 1079
413 1079
413 1745
1079 1080
414 1080
414 1746
1080 1081
415 1081
415 1747
1081 1082
416 1082
416 1748
1082 1083
417 1083
417 1749
1083 1084
418 1084
418 1750
1084 1085
419 1085
419 1751
1085 1086
420 1086
420 1752
1086 1087
421 1087
421 1753
1087 1088
422 1088
422 1754
1088 1089
423 1089
423 1755
1089 1090
424 1090
424 1756
1090 1091
425 1091
425 1757
1091 1092
426 1092
426 1758
1092 1093
427 1093
427 1759
1093 1094
428 1094
428 1760
1094 1095
429 1095
429 1761
1095 1096
430 1096
430 1762
1096 1097
431 1097
431 1763
1097 1098
432 1098
432 1764
1098 1099
433 1099
433 1765
1099 1100
434 1100
434 1766
1100 1101
435 1101
435 1767
1101 1102
436 1102
436 1768
1102 1103
437 1103
437 1769
1103 1104
438 1104
438 1770
1104 1105
439 1105
439 1771
1105 1106
440 1106
440 1772
1106 1107
441 1107
441 1773
1107 1108
442 1108
442 1774
1108 1109
443 1109
443 1775
1109 1110
444 1110
444 1776
1110 1111
445 1111
445 1777
1111 1112
446 1112
446 1778
1112 1113
447 1113
447 1779
1113 1114
448 1114
448 1780
1114 1115
449 1115
449 1781
1115 1116
450 1116
450 1782
1116 1117
451 1117
451 1783
1117 1118
452 1118
452 1784
1118 1119
453 1119
453 1785
1119 1120
454 1120
454 1786
1120 1121
455 1121
455 1787
1121 1122
456 1122
456 1788
1122 1123
457 1123
457 1789
1123 1124
458 1124
458 1790
1124 1125
459 1125
459 1791
1125 1126
460 1126
460 1792
1126 1127
461 1127
461 1793
1127 1128
462 1128
462 1794
1128 1129
463 1129
463 1795
1129 1130
464 1130
464 1796
1130 1131
465 1131
465 1797
1131 1132
466 1132
466 1798
1132 1133
467 1133
467 1799
1133 1134
468 1134
468 1800
1134 1135
469 1135
469 1801
1135 1136
470 1136
470 1802
1136 1137
471 1137
471 1803
1137 1138
472 1138
472 1804
1138 1139
473 1139
473 1805
1139 1140
474 1140
474 1806
1140 1141
475 1141
475 1807
1141 1142
476 1142
476 1808
1142 1143
477 1143
477 1809
1143 1144
478 1144
478 1810
1144 1145
479 1145
479 1811
1145 1146
480 1146
480 1812
1146 1147
481 1147
481 1813
1147 1148
482 1148
482 1814
1148 1149
483 1149
483 1815
1149 1150
484 1150
484 1816
1150 1151
485 1151
485 1817
1151 1152
486 1152
486 1818
1152 1153
487 1153
487 1819
1153 1154
488 1154
488 1820
1154 1155
489 1155
489 1821
1155 1156
490 1156
490 1822
1156 1157
491 1157
491 1823
1157 1158
492 1158
492 1824
1158 1159
493 1159
493 1825
1159 1160
494 1160
494 1826
1160 1161
495 1161
495 1827
1161 1162
496 1162
496 1828
1162 1163
497 1163
497 1829
1163 1164
498 1164
498 1830
1164 1165
499 1165
499 1831
1165 1166
500 1166
500 1832
1166 1167
501 1167
501 1833
1167 1168
502 1168
502 1834
1168 1169
503 1169
503 1835
1169 1170
504 1170
504 1836
1170 1171
505 1171
505 1837
1171 1172
506 1172
506 1838
1172 1173
507 1173
507 1839
1173 1174
508 1174
508 1840
1174 1175
509 1175
509 1841
1175 1176
510 1176
510 1842
1176 1177
511 1177
511 1843
1177 1178
512 1178
512 1844
1178 1179
513 1179
513 1845
1179 1180
514 1180
514 1846
1180 1181
515 1181
515 1847
1181 1182
516 1182
516 1848
1182 1183
517 1183
517 1849
1183 1184
518 1184
518 1850
1184 1185
519 1185
519 1851
1185 1186
520 1186
520 1852
1186 1187
521 1187
521 1853
1187 1188
522 1188
522 1854
1188 1189
523 1189
523 1855
1189 1190
524 1190
524 1856
1190 1191
525 1191
525 1857
1191 1192
526 1192
526 1858
1192 1193
527 1193
527 1859
1193 1194
528 1194
528 1860
1194 1195
529 1195
529 1861
1195 1196
530 1196
530 1862
1196 1197
531 1197
531 1863
1197 1198
532 1198
532 1864
1198 1199
533 1199
533 1865
1199 1200
534 1200
534 1866
1200 1201
535 1201
535 1867
1201 1202
536 1202
536 1868
1202 1203
537 1203
537 1869
1203 1204
538 1204
538 1870
1204 1205
539 1205
539 1871
1205 1206
540 1206
540 1872
1206 1207
541 1207
541 1873
1207 1208
542 1208
542 1874
1208 1209
543 1209
543 1875
1209 1210
544 1210
544 1876
1210 1211
545 1211
545 1877
1211 1212
546 1212
546 1878
1212 1213
547 1213
547 1879
1213 1214
548 1214
548 1880
1214 1215
549 1215
549 1881
1215 1216
550 1216
550 1882
1216 1217
551 1217
551 1883
1217 1218
552 1218
552 1884
1218 1219
553 1219
553 1885
1219 1220
554 1220
554 1886
1220 1221
555 1221
555 1887
1221 1222
556 1222
556 1888
1222 1223
557 1223
557 1889
1223 1224
558 1224
558 1890
1224 1225
559 1225
559 1891
1225 1226
560 1226
560 1892
1226 1227
561 1227
561 1893
1227 1228
562 1228
562 1894
1228 1229
563 1229
563 1895
1229 1230
564 1230
564 1896
1230 1231
565 1231
565 1897
1231 1232
566 1232
566 1898
1232 1233
567 1233
567 1899
1233 1234
568 1234
568 1900
1234 1235
569 1235
569 1901
1235 1236
570 1236
570 1902
1236 1237
571 1237
571 1903
1237 1238
572 1238
572 1904
1238 1239
573 1239
573 1905
1239 1240
574 1240
574 1906
1240 1241
575 1241
575 1907
1241 1242
576 1242
576 1908
1242 1243
577 1243
577 1909
1243 1244
578 1244
578 1910
1244 1245
579 1245
579 1911
1245 1246
580 1246
580 1912
1246 1247
581 1247
581 1913
1247 1248
582 1248
582 1914
1248 1249
583 1249
583 1915
1249 1250
584 1250
584 1916
1250 1251
585 1251
585 1917
1251 1252
586 1252
586 1918
1252 1253
587 1253
587 1919
1253 1254
588 1254
588 1920
1254 1255
589 1255
589 1921
1255 1256
590 1256
590 1922
1256 1257
591 1257
591 1923
1257 1258
592 1258
592 1924
1258 1259
593 1259
593 1925
1259 1260
594 1260
594 1926
1260 1261
595 1261
595 1927
1261 1262
596 1262
596 1928
1262 1263
597 1263
597 1929
1263 1264
598 1264
598 1930
1264 1265
599 1265
599 1931
1265 1266
600 1266
600 1932
1266 1267
601 1267
601 1933
1267 1268
602 1268
602 1934
1268 1269
603 1269
603 1935
1269 1270
604 1270
604 1936
1270 1271
605 1271
605 1937
1271 1272
606 1272
606 1938
1272 1273
607 1273
607 1939
1273 1274
608 1274
608 1940
1274 1275
609 1275
609 1941
1275 1276
610 1276
610 1942
1276 1277
611 1277
611 1943
1277 1278
612 1278
612 1944
1278 1279
613 1279
613 1945
1279 1280
614 1280
614 1946
1280 1281
615 1281
615 1947
1281 1282
616 1282
616 1948
1282 1283
617 1283
617 1949
1283 1284
618 1284
618 1950
1284 1285
619 1285
619 1951
1285 1286
620 1286
620 1952
1286 1287
621 1287
621 1953
1287 1288
622 1288
622 1954
1288 1289
623 1289
623 1955
1289 1290
624 1290
624 1956
1290 1291
625 1291
625 1957
1291 1292
626 1292
626 1958
1292 1293
627 1293
627 1959
1293 1294
628 1294
628 1960
1294 1295
629 1295
629 1961
1295 1296
630 1296
630 1962
1296 1297
631 1297
631 1963
1297 1298
632 1298
632 1964
1298 1299
633 1299
633 1965
1299 1300
634 1300
634 1966
1300 1301
635 1301
635 1967
1301 1302
636 1302
636 1968
1302 1303
637 1303
637 1969
1303 1304
638 1304
638 1970
1304 1305
639 1305
639 1971
1305 1306
640 1306
640 1972
1306 1307
641 1307
641 1973
1307 1308
642 1308
642 1974
1308 1309
643 1309
643 1975
1309 1310
644 1310
644 1976
1310 1311
645 1311
645 1977
1311 1312
646 1312
646 1978
1312 1313
647 1313
647 1979
1313 1314
648 1314
648 1980
1314 1315
649 1315
649 1981
1315 1316
650 1316
650 1982
1316 1317
651 1317
651 1983
1317 1318
652 1318
652 1984
1318 1319
653 1319
653 1985
1319 1320
654 1320
654 1986
1320 1321
655 1321
655 1987
1321 1322
656 1322
656 1988
1322 1323
657 1323
657 1989
1323 1324
658 1324
658 1990
1324 1325
659 1325
659 1991
1325 1326
660 1326
660 1992
1326 1327
661 1327
661 1993
1327 1328
662 1328
662 1994
1328 1329
663 1329
663 1995
1329 1330
664 1330
664 1996
1330 1331
665 1331
665 1997
1331 1332
666 1332
666 1998
1332 1333
667 1333
667 1999
1333 1334
668 1334
668 2000
1 2000
2 2000
