2000 4000 1000
1001 1002
1002 1003
1003 1004
1004 1005
1005 1006
1006 1007
1007 1008
1008 1009
1009 1010
1010 1011
1011 1012
1012 1013
1013 1014
1014 1015
1015 1016
1016 1017
1017 1018
1018 1019
1019 1020
1020 1021
1021 1022
1022 1023
1023 1024
1024 1025
1025 1026
1026 1027
1027 1028
1028 1029
1029 1030
1030 1031
1031 1032
1032 1033
1033 1034
1034 1035
1035 1036
1036 1037
1037 1038
1038 1039
1039 1040
1040 1041
1041 1042
1042 1043
1043 1044
1044 1045
1045 1046
1046 1047
1047 1048
1048 1049
1049 1050
1050 1051
1051 1052
1052 1053
1053 1054
1054 1055
1055 1056
1056 1057
1057 1058
1058 1059
1059 1060
1060 1061
1061 1062
1062 1063
1063 1064
1064 1065
1065 1066
1066 1067
1067 1068
1068 1069
1069 1070
1070 1071
1071 1072
1072 1073
1073 1074
1074 1075
1075 1076
1076 1077
1077 1078
1078 1079
1079 1080
1080 1081
1081 1082
1082 1083
1083 1084
1084 1085
1085 1086
1086 1087
1087 1088
1088 1089
1089 1090
1090 1091
1091 1092
1092 1093
1093 1094
1094 1095
1095 1096
1096 1097
1097 1098
1098 1099
1099 1100
1100 1101
1101 1102
1102 1103
1103 1104
1104 1105
1105 1106
1106 1107
1107 1108
1108 1109
1109 1110
1110 1111
1111 1112
1112 1113
1113 1114
1114 1115
1115 1116
1116 1117
1117 1118
1118 1119
1119 1120
1120 1121
1121 1122
1122 1123
1123 1124
1124 1125
1125 1126
1126 1127
1127 1128
1128 1129
1129 1130
1130 1131
1131 1132
1132 1133
1133 1134
1134 1135
1135 1136
1136 1137
1137 1138
1138 1139
1139 1140
1140 1141
1141 1142
1142 1143
1143 1144
1144 1145
1145 1146
1146 1147
1147 1148
1148 1149
1149 1150
1150 1151
1151 1152
1152 1153
1153 1154
1154 1155
1155 1156
1156 1157
1157 1158
1158 1159
1159 1160
1160 1161
1161 1162
1162 1163
1163 1164
1164 1165
1165 1166
1166 1167
1167 1168
1168 1169
1169 1170
1170 1171
1171 1172
1172 1173
1173 1174
1174 1175
1175 1176
1176 1177
1177 1178
1178 1179
1179 1180
1180 1181
1181 1182
1182 1183
1183 1184
1184 1185
1185 1186
1186 1187
1187 1188
1188 1189
1189 1190
1190 1191
1191 1192
1192 1193
1193 1194
1194 1195
1195 1196
1196 1197
1197 1198
1198 1199
1199 1200
1200 1201
1201 1202
1202 1203
1203 1204
1204 1205
1205 1206
1206 1207
1207 1208
1208 1209
1209 1210
1210 1211
1211 1212
1212 1213
1213 1214
1214 1215
1215 1216
1216 1217
1217 1218
1218 1219
1219 1220
1220 1221
1221 1222
1222 1223
1223 1224
1224 1225
1225 1226
1226 1227
1227 1228
1228 1229
1229 1230
1230 1231
1231 1232
1232 1233
1233 1234
1234 1235
1235 1236
1236 1237
1237 1238
1238 1239
1239 1240
1240 1241
1241 1242
1242 1243
1243 1244
1244 1245
1245 1246
1246 1247
1247 1248
1248 1249
1249 1250
1250 1251
1251 1252
1252 1253
1253 1254
1254 1255
1255 1256
1256 1257
1257 1258
1258 1259
1259 1260
1260 1261
1261 1262
1262 1263
1263 1264
1264 1265
1265 1266
1266 1267
1267 1268
1268 1269
1269 1270
1270 1271
1271 1272
1272 1273
1273 1274
1274 1275
1275 1276
1276 1277
1277 1278
1278 1279
1279 1280
1280 1281
1281 1282
1282 1283
1283 1284
1284 1285
1285 1286
1286 1287
1287 1288
1288 1289
1289 1290
1290 1291
1291 1292
1292 1293
1293 1294
1294 1295
1295 1296
1296 1297
1297 1298
1298 1299
1299 1300
1300 1301
1301 1302
1302 1303
1303 1304
1304 1305
1305 1306
1306 1307
1307 1308
1308 1309
1309 1310
1310 1311
1311 1312
1312 1313
1313 1314
1314 1315
1315 1316
1316 1317
1317 1318
1318 1319
1319 1320
1320 1321
1321 1322
1322 1323
1323 1324
1324 1325
1325 1326
1326 1327
1327 1328
1328 1329
1329 1330
1330 1331
1331 1332
1332 1333
1333 1334
1334 1335
1335 1336
1336 1337
1337 1338
1338 1339
1339 1340
1340 1341
1341 1342
1342 1343
1343 1344
1344 1345
1345 1346
1346 1347
1347 1348
1348 1349
1349 1350
1350 1351
1351 1352
1352 1353
1353 1354
1354 1355
1355 1356
1356 1357
1357 1358
1358 1359
1359 1360
1360 1361
1361 1362
1362 1363
1363 1364
1364 1365
1365 1366
1366 1367
1367 1368
1368 1369
1369 1370
1370 1371
1371 1372
1372 1373
1373 1374
1374 1375
1375 1376
1376 1377
1377 1378
1378 1379
1379 1380
1380 1381
1381 1382
1382 1383
1383 1384
1384 1385
1385 1386
1386 1387
1387 1388
1388 1389
1389 1390
1390 1391
1391 1392
1392 1393
1393 1394
1394 1395
1395 1396
1396 1397
1397 1398
1398 1399
1399 1400
1400 1401
1401 1402
1402 1403
1403 1404
1404 1405
1405 1406
1406 1407
1407 1408
1408 1409
1409 1410
1410 1411
1411 1412
1412 1413
1413 1414
1414 1415
1415 1416
1416 1417
1417 1418
1418 1419
1419 1420
1420 1421
1421 1422
1422 1423
1423 1424
1424 1425
1425 1426
1426 1427
1427 1428
1428 1429
1429 1430
1430 1431
1431 1432
1432 1433
1433 1434
1434 1435
1435 1436
1436 1437
1437 1438
1438 1439
1439 1440
1440 1441
1441 1442
1442 1443
1443 1444
1444 1445
1445 1446
1446 1447
1447 1448
1448 1449
1449 1450
1450 1451
1451 1452
1452 1453
1453 1454
1454 1455
1455 1456
1456 1457
1457 1458
1458 1459
1459 1460
1460 1461
1461 1462
1462 1463
1463 1464
1464 1465
1465 1466
1466 1467
1467 1468
1468 1469
1469 1470
1470 1471
1471 1472
1472 1473
1473 1474
1474 1475
1475 1476
1476 1477
1477 1478
1478 1479
1479 1480
1480 1481
1481 1482
1482 1483
1483 1484
1484 1485
1485 1486
1486 1487
1487 1488
1488 1489
1489 1490
1490 1491
1491 1492
1492 1493
1493 1494
1494 1495
1495 1496
1496 1497
1497 1498
1498 1499
1499 1500
1500 1501
1501 1502
1502 1503
1503 1504
1504 1505
1505 1506
1506 1507
1507 1508
1508 1509
1509 1510
1510 1511
1511 1512
1512 1513
1513 1514
1514 1515
1515 1516
1516 1517
1517 1518
1518 1519
1519 1520
1520 1521
1521 1522
1522 1523
1523 1524
1524 1525
1525 1526
1526 1527
1527 1528
1528 1529
1529 1530
1530 1531
1531 1532
1532 1533
1533 1534
1534 1535
1535 1536
1536 1537
1537 1538
1538 1539
1539 1540
1540 1541
1541 1542
1542 1543
1543 1544
1544 1545
1545 1546
1546 1547
1547 1548
1548 1549
1549 1550
1550 1551
1551 1552
1552 1553
1553 1554
1554 1555
1555 1556
1556 1557
1557 1558
1558 1559
1559 1560
1560 1561
1561 1562
1562 1563
1563 1564
1564 1565
1565 1566
1566 1567
1567 1568
1568 1569
1569 1570
1570 1571
1571 1572
1572 1573
1573 1574
1574 1575
1575 1576
1576 1577
1577 1578
1578 1579
1579 1580
1580 1581
1581 1582
1582 1583
1583 1584
1584 1585
1585 1586
1586 1587
1587 1588
1588 1589
1589 1590
1590 1591
1591 1592
1592 1593
1593 1594
1594 1595
1595 1596
1596 1597
1597 1598
1598 1599
1599 1600
1600 1601
1601 1602
1602 1603
1603 1604
1604 1605
1605 1606
1606 1607
1607 1608
1608 1609
1609 1610
1610 1611
1611 1612
1612 1613
1613 1614
1614 1615
1615 1616
1616 1617
1617 1618
1618 1619
1619 1620
1620 1621
1621 1622
1622 1623
1623 1624
1624 1625
1625 1626
1626 1627
1627 1628
1628 1629
1629 1630
1630 1631
1631 1632
1632 1633
1633 1634
1634 1635
1635 1636
1636 1637
1637 1638
1638 1639
1639 1640
1640 1641
1641 1642
1642 1643
1643 1644
1644 1645
1645 1646
1646 1647
1647 1648
1648 1649
1649 1650
1650 1651
1651 1652
1652 1653
1654 1655
1655 1656
1656 1657
1657 1658
1658 1659
1659 1660
1660 1661
1661 1662
1662 1663
1663 1664
1664 1665
1665 1666
1666 1667
1667 1668
1668 1669
1669 1670
1670 1671
1671 1672
1672 1673
1673 1674
1674 1675
1675 1676
1676 1677
1677 1678
1678 1679
1679 1680
1680 1681
1681 1682
1682 1683
1683 1684
1684 1685
1685 1686
1686 1687
1687 1688
1688 1689
1689 1690
1690 1691
1691 1692
1692 1693
1693 1694
1694 1695
1695 1696
1696 1697
1697 1698
1698 1699
1699 1700
1700 1701
1701 1702
1702 1703
1703 1704
1704 1705
1705 1706
1706 1707
1707 1708
1708 1709
1709 1710
1710 1711
1711 1712
1712 1713
1713 1714
1714 1715
1715 1716
1716 1717
1717 1718
1718 1719
1719 1720
1720 1721
1721 1722
1722 1723
1723 1724
1724 1725
1725 1726
1726 1727
1727 1728
1728 1729
1729 1730
1730 1731
1731 1732
1732 1733
1733 1734
1734 1735
1735 1736
1736 1737
1737 1738
1738 1739
1739 1740
1740 1741
1741 1742
1742 1743
1743 1744
1744 1745
1745 1746
1746 1747
1747 1748
1748 1749
1749 1750
1750 1751
1751 1752
1752 1753
1753 1754
1754 1755
1755 1756
1756 1757
1757 1758
1758 1759
1759 1760
1760 1761
1761 1762
1762 1763
1763 1764
1764 1765
1765 1766
1766 1767
1767 1768
1768 1769
1769 1770
1770 1771
1771 1772
1772 1773
1773 1774
1774 1775
1775 1776
1776 1777
1777 1778
1778 1779
1779 1780
1780 1781
1781 1782
1782 1783
1783 1784
1784 1785
1785 1786
1786 1787
1787 1788
1788 1789
1789 1790
1790 1791
1791 1792
1792 1793
1793 1794
1794 1795
1795 1796
1796 1797
1797 1798
1798 1799
1799 1800
1800 1801
1801 1802
1802 1803
1803 1804
1804 1805
1805 1806
1807 1808
1808 1809
1809 1810
1810 1811
1811 1812
1812 1813
1813 1814
1814 1815
1815 1816
1816 1817
1817 1818
1818 1819
1819 1820
1820 1821
1821 1822
1822 1823
1823 1824
1824 1825
1825 1826
1826 1827
1827 1828
1828 1829
1829 1830
1830 1831
1831 1832
1832 1833
1833 1834
1834 1835
1835 1836
1836 1837
1837 1838
1838 1839
1839 1840
1840 1841
1841 1842
1842 1843
1843 1844
1844 1845
1845 1846
1846 1847
1847 1848
1848 1849
1849 1850
1850 1851
1851 1852
1852 1853
1853 1854
1854 1855
1855 1856
1856 1857
1857 1858
1858 1859
1859 1860
1860 1861
1861 1862
1862 1863
1863 1864
1864 1865
1865 1866
1866 1867
1867 1868
1868 1869
1869 1870
1870 1871
1871 1872
1872 1873
1873 1874
1874 1875
1875 1876
1876 1877
1877 1878
1878 1879
1879 1880
1880 1881
1881 1882
1882 1883
1883 1884
1884 1885
1885 1886
1886 1887
1887 1888
1888 1889
1889 1890
1890 1891
1891 1892
1892 1893
1893 1894
1894 1895
1895 1896
1896 1897
1897 1898
1898 1899
1899 1900
1900 1901
1901 1902
1902 1903
1903 1904
1904 1905
1905 1906
1906 1907
1907 1908
1908 1909
1909 1910
1910 1911
1911 1912
1912 1913
1913 1914
1914 1915
1915 1916
1916 1917
1917 1918
1918 1919
1919 1920
1920 1921
1921 1922
1922 1923
1923 1924
1924 1925
1925 1926
1926 1927
1927 1928
1928 1929
1929 1930
1930 1931
1931 1932
1932 1933
1933 1934
1934 1935
1935 1936
1936 1937
1937 1938
1938 1939
1939 1940
1940 1941
1941 1942
1942 1943
1943 1944
1944 1945
1945 1946
1946 1947
1947 1948
1948 1949
1949 1950
1950 1951
1951 1952
1952 1953
1953 1954
1954 1955
1955 1956
1956 1957
1957 1958
1958 1959
1959 1960
1960 1961
1961 1962
1962 1963
1963 1964
1964 1965
1965 1966
1966 1967
1967 1968
1968 1969
1969 1970
1970 1971
1971 1972
1972 1973
1973 1974
1974 1975
1975 1976
1976 1977
1977 1978
1978 1979
1979 1980
1980 1981
1981 1982
1982 1983
1983 1984
1984 1985
1985 1986
1986 1987
1987 1988
1988 1989
1989 1990
1990 1991
1991 1992
1992 1993
1993 1994
1994 1995
1995 1996
1996 1997
1997 1998
1998 1999
1999 2000
1 1653
1 1806
1 2000
2 1505
3 1924
4 1202
5 1613
6 1716
7 1818
8 1765
9 1257
10 1344
11 1996
12 1087
13 1339
14 1984
15 1636
16 1987
17 1343
18 1819
19 1308
20 1584
21 1664
22 1285
23 1491
24 1087
25 1902
26 1375
27 1860
28 1893
29 1759
30 1134
31 1918
32 1504
33 1346
34 1384
35 1899
36 1090
37 1905
38 1463
39 1277
40 1467
41 1992
42 1232
43 1378
44 1374
45 1331
46 1557
47 1790
48 1452
49 1704
50 1292
51 1161
52 1050
53 1594
54 1780
55 1930
56 1410
57 1104
58 1702
59 1428
60 1357
61 1054
62 1012
63 1229
64 1269
65 1262
66 1104
67 1820
68 1043
69 1035
70 1279
71 1745
72 1858
73 1556
74 1453
75 1717
76 1061
77 1143
78 1338
79 1900
80 1985
81 1463
82 1166
83 1089
84 1911
85 1536
86 1865
87 1562
88 1030
89 1568
90 1180
91 1546
92 1178
93 1645
94 1938
95 1635
96 1693
97 1574
98 1294
99 1029
100 1029
101 1521
102 1747
103 1912
104 1476
105 1092
106 1930
107 1645
108 1699
109 1586
110 1585
111 1760
112 1541
113 1414
114 1699
115 1759
116 1758
117 1089
118 1222
119 1855
120 1206
121 1551
122 1437
123 1248
124 1946
125 1340
126 1124
127 1299
128 1216
129 1136
130 1570
131 1894
132 1858
133 1443
134 1092
135 1923
136 1766
137 1331
138 1384
139 1653
140 1290
141 1223
142 1142
143 1703
144 1778
145 1344
146 1412
147 1095
148 1942
149 1022
150 1947
151 1497
152 1508
153 1006
154 1473
155 1305
156 1897
157 1298
158 1810
159 1369
160 1208
161 1436
162 1401
163 1533
164 1463
165 1829
166 1434
167 1732
168 1965
169 1982
170 1934
171 1828
172 1206
173 1605
174 1108
175 1448
176 1614
177 1178
178 1384
179 1397
180 1148
181 1662
182 1226
183 1401
184 1922
185 1953
186 1256
187 1225
188 1293
189 1326
190 1318
191 1966
192 1644
193 1752
194 1849
195 1647
196 1018
197 1693
198 1013
199 1682
200 1503
201 1550
202 1519
203 1612
204 1224
205 1241
206 1480
207 1587
208 1479
209 1587
210 1893
211 1643
212 1777
213 1039
214 1857
215 1267
216 1423
217 1369
218 1459
219 1580
220 1490
221 1383
222 1354
223 1194
224 1795
225 1452
226 1832
227 1192
228 1594
229 1527
230 1949
231 1317
232 1054
233 1044
234 1644
235 1370
236 1313
237 1474
238 1655
239 1944
240 1008
241 1211
242 1288
243 1772
244 1849
245 1265
246 1458
247 1203
248 1521
249 1245
250 1063
251 1825
252 1851
253 1001
254 1968
255 1832
256 1343
257 1954
258 1109
259 1838
260 1334
261 1354
262 1434
263 1411
264 1860
265 1488
266 1129
267 1455
268 1102
269 1269
270 1584
271 1979
272 1114
273 1346
274 1930
275 1657
276 1992
277 1820
278 1917
279 1031
280 1940
281 1439
282 1732
283 1971
284 1146
285 1701
286 1572
287 1121
288 1186
289 1407
290 1948
291 1151
292 1852
293 1890
294 1478
295 1648
296 1494
297 1913
298 1866
299 1823
300 1533
301 1973
302 1949
303 1283
304 1900
305 1448
306 1874
307 1998
308 1586
309 1559
310 1935
311 1035
312 1707
313 1447
314 1020
315 1826
316 1738
317 1527
318 1791
319 1450
320 1014
321 1665
322 1597
323 1174
324 1196
325 1137
326 1636
327 1247
328 1826
329 1971
330 1555
331 1113
332 1957
333 1444
334 1688
335 1072
336 1442
337 1492
338 1751
339 1125
340 1004
341 1025
342 1268
343 1811
344 1792
345 1450
346 1040
347 1380
348 1280
349 1208
350 1532
351 1143
352 1167
353 1223
354 1816
355 1515
356 1741
357 1928
358 1759
359 1140
360 1454
361 1931
362 1445
363 1635
364 1561
365 1123
366 1073
367 1513
368 1633
369 1516
370 1897
371 1195
372 1975
373 1537
374 1477
375 1994
376 1531
377 1339
378 1522
379 1031
380 1781
381 1394
382 1272
383 1665
384 1459
385 1756
386 1620
387 1643
388 1403
389 1174
390 1063
391 1242
392 1951
393 1132
394 1540
395 1630
396 1382
397 1092
398 1012
399 1761
400 1376
401 1288
402 1876
403 1201
404 1588
405 1435
406 1868
407 1503
408 1987
409 1301
410 1121
411 1521
412 1540
413 1721
414 1289
415 1387
416 1093
417 1171
418 1310
419 1693
420 1205
421 1468
422 1041
423 1345
424 1318
425 1580
426 1395
427 1187
428 1763
429 1682
430 1010
431 1915
432 1949
433 1386
434 1918
435 1933
436 1724
437 1177
438 1125
439 1638
440 1322
441 1303
442 1631
443 1560
444 1014
445 1070
446 1107
447 1719
448 1256
449 1472
450 1262
451 1882
452 1448
453 1513
454 1662
455 1901
456 1013
457 1450
458 1543
459 1610
460 1951
461 1068
462 1100
463 1914
464 1202
465 1856
466 1797
467 1150
468 1494
469 1887
470 1818
471 1545
472 1976
473 1971
474 1965
475 1275
476 1201
477 1718
478 1880
479 1766
480 1263
481 1243
482 1430
483 1197
484 1581
485 1814
486 1539
487 1185
488 1721
489 1602
490 1810
491 1365
492 1862
493 1743
494 1218
495 1709
496 1869
497 1685
498 1332
499 1951
500 1600
501 1750
502 1956
503 1633
504 1008
505 1861
506 1384
507 1322
508 1869
509 1714
510 1424
511 1833
512 1272
513 1035
514 1555
515 1166
516 1162
517 1968
518 1560
519 1733
520 1545
521 1952
522 1172
523 1465
524 1133
525 1560
526 1755
527 1210
528 1227
529 1216
530 1859
531 1184
532 1826
533 1993
534 1455
535 1508
536 1926
537 1688
538 1126
539 1602
540 1767
541 1297
542 1299
543 1530
544 1347
545 1892
546 1600
547 1554
548 1354
549 1361
550 1300
551 1339
552 1993
553 1454
554 1012
555 1909
556 1234
557 1548
558 1186
559 1452
560 1276
561 1716
562 1413
563 1273
564 1968
565 1592
566 1824
567 1602
568 1958
569 1188
570 1006
571 1901
572 1633
573 1479
574 1157
575 1664
576 1789
577 1828
578 1463
579 1361
580 1640
581 1154
582 1146
583 1561
584 1465
585 1424
586 1864
587 1255
588 1283
589 1019
590 1516
591 1454
592 1578
593 1791
594 1149
595 1078
596 1516
597 1417
598 1136
599 1770
600 1528
601 1266
602 1320
603 1691
604 1831
605 1060
606 1509
607 1698
608 1394
609 1946
610 1214
611 1536
612 1491
613 1601
614 1780
615 1469
616 1759
617 1376
618 1837
619 1861
620 1114
621 1883
622 1187
623 1237
624 1120
625 1320
626 1883
627 1851
628 1170
629 1315
630 1937
631 1011
632 1827
633 1244
634 1448
635 1839
636 1196
637 1785
638 1372
639 1666
640 1794
641 1594
642 1171
643 1522
644 1223
645 1349
646 1541
647 1176
648 1183
649 1188
650 1908
651 1700
652 1428
653 1357
654 1930
655 1341
656 1125
657 1703
658 1475
659 1413
660 1139
661 1797
662 1390
663 1436
664 1582
665 1508
666 1454
667 1472
668 1727
669 1365
670 1475
671 1124
672 1540
673 1398
674 1209
675 1755
676 1082
677 1855
678 1957
679 1435
680 1383
681 1674
682 1788
683 1555
684 1985
685 1672
686 1120
687 1504
688 1513
689 1994
690 1193
691 1996
692 1585
693 1597
694 1044
695 1594
696 1890
697 1382
698 1208
699 1280
700 1801
701 1848
702 1401
703 1530
704 1167
705 1809
706 1936
707 1982
708 1788
709 1579
710 1699
711 1514
712 1548
713 1943
714 1423
715 1774
716 1820
717 1866
718 1220
719 1173
720 1417
721 1316
722 1937
723 1896
724 1981
725 1452
726 1420
727 1793
728 1877
729 1315
730 1415
731 1079
732 1487
733 1646
734 1386
735 1621
736 1920
737 1277
738 1785
739 1003
740 1730
741 1479
742 1819
743 1310
744 1639
745 1277
746 1626
747 1825
748 1572
749 1344
750 1529
751 1706
752 1842
753 1630
754 1211
755 1382
756 1304
757 1143
758 1328
759 1258
760 1297
761 1190
762 1596
763 1363
764 1637
765 1208
766 1324
767 1540
768 1359
769 1284
770 1023
771 1983
772 1821
773 1838
774 1852
775 1593
776 1429
777 1435
778 1075
779 1578
780 1270
781 1832
782 1195
783 1934
784 1476
785 1365
786 1096
787 1910
788 1502
789 1905
790 1368
791 1088
792 1001
793 1790
794 1938
795 1385
796 1518
797 1483
798 1585
799 1788
800 1366
801 1625
802 1716
803 1022
804 1920
805 1201
806 1252
807 1413
808 1648
809 1985
810 1010
811 1794
812 1678
813 1394
814 1203
815 1237
816 1710
817 1254
818 1081
819 1340
820 1226
821 1269
822 1022
823 1562
824 1234
825 1472
826 1292
827 1215
828 1637
829 1622
830 1855
831 1916
832 1576
833 1326
834 1553
835 1674
836 1149
837 1318
838 1409
839 1602
840 1381
841 1678
842 1710
843 1136
844 1582
845 1044
846 1218
847 1906
848 1939
849 1888
850 1354
851 1294
852 1899
853 1542
854 1830
855 1115
856 1002
857 1185
858 1136
859 1225
860 1377
861 1631
862 1810
863 1114
864 1371
865 1069
866 1896
867 1668
868 1509
869 1127
870 1156
871 1811
872 1181
873 1583
874 1258
875 1049
876 1345
877 1150
878 1960
879 1178
880 1349
881 1689
882 1420
883 1787
884 1354
885 1073
886 1743
887 1516
888 1185
889 1472
890 1682
891 1046
892 1979
893 1011
894 1195
895 1772
896 1999
897 1735
898 1252
899 1023
900 1669
901 1138
902 1924
903 1858
904 1780
905 1201
906 2000
907 1236
908 1808
909 1595
910 1142
911 1411
912 1562
913 1253
914 1162
915 1727
916 1100
917 1661
918 1492
919 1705
920 1674
921 1499
922 1375
923 1846
924 1067
925 1174
926 1265
927 1442
928 1864
929 1120
930 1310
931 1789
932 1551
933 1902
934 1030
935 1245
936 1458
937 1796
938 1071
939 1206
940 1822
941 1476
942 1295
943 1132
944 1852
945 1796
946 1260
947 1734
948 1106
949 1309
950 1961
951 1535
952 1215
953 1513
954 1222
955 1061
956 1564
957 1450
958 1408
959 1744
960 1567
961 1147
962 1140
963 1098
964 1073
965 1570
966 1256
967 1855
968 1729
969 1499
970 1408
971 1683
972 1737
973 1057
974 1770
975 1670
976 1536
977 1631
978 1982
979 1768
980 1886
981 1329
982 1333
983 1033
984 1573
985 1091
986 1841
987 1774
988 1350
989 1522
990 1795
991 1082
992 1782
993 1145
994 1295
995 1733
996 1768
997 1447
998 1146
999 1358
1000 1185
514 1162
750 1175
530 1807
467 1123
74 1688
440 1798
971 1724
343 1897
528 1744
878 1717
759 1860
57 1603
411 1414
703 1006
755 1955
778 1787
856 1641
190 1429
738 1726
10 1407
512 1468
974 1075
762 1977
231 1625
420 1017
142 1505
621 1209
558 1988
273 1331
189 1582
954 1450
304 1340
459 1937
763 1533
129 1765
947 1851
310 1617
875 1920
522 1268
176 1714
684 1109
200 1985
244 1781
382 1276
511 1487
587 1358
250 1048
356 1735
966 1516
718 1971
165 1183
603 1401
54 1787
664 1950
689 1947
974 1898
927 1520
556 1793
599 1236
399 1526
996 1505
744 1588
310 1441
118 1475
456 1574
141 1194
313 1307
605 1282
31 1362
234 1771
116 1126
67 1962
566 1017
10 1715
468 1490
465 1063
609 1980
956 1478
846 1390
153 1674
450 1500
522 1840
67 1414
143 1365
94 1932
887 1366
327 1664
708 1490
977 1057
783 1252
603 1700
679 1523
514 1169
455 1057
504 1918
21 1492
36 1125
253 1609
653 1598
589 1819
997 1190
9 1231
325 1840
730 1850
269 1815
191 1399
579 1570
785 1845
476 1212
588 1027
817 1952
137 1176
417 1825
350 1792
359 1806
412 1268
182 1090
161 1834
921 1378
836 1055
297 1360
356 1881
12 1777
284 1708
226 1658
705 1208
905 1263
666 1752
834 1025
283 1529
201 1880
245 1873
168 1905
200 1727
846 1225
850 1168
856 1660
609 1475
224 1689
115 1058
847 1429
273 1382
958 1099
88 1739
632 1381
209 1423
835 1905
452 1983
380 1271
736 1998
451 1634
806 1544
700 1619
180 1263
109 1093
149 1372
315 1750
78 1669
249 1922
904 1583
227 1749
911 1139
851 1675
86 1122
931 1557
918 1143
542 1699
500 1054
432 1261
277 1100
291 1430
665 1733
748 1274
503 1618
401 1341
85 1395
719 1328
846 1893
499 1634
818 1025
479 1534
426 1859
777 1586
300 1050
549 1681
896 1519
132 1087
845 1525
592 1520
213 1246
315 1448
528 1234
753 1343
385 1247
313 1466
669 1139
194 1023
948 1281
222 1478
213 1833
353 1942
412 1464
796 1580
540 1877
329 1668
332 1008
83 1417
103 1400
782 1772
526 1595
617 1903
163 1852
626 1357
157 1620
530 1681
918 1170
947 1149
699 1613
792 1589
51 1207
92 1102
988 1852
966 1397
775 1778
740 1950
504 1449
410 1649
53 1069
403 1947
815 1981
34 1503
168 1955
583 1525
69 1341
264 1843
416 1197
712 1897
208 1432
272 1449
154 1456
840 1468
604 1253
948 1924
837 1215
110 1369
83 1833
97 1487
317 1594
896 1735
581 1006
528 1638
903 1277
757 1682
58 1029
728 1808
816 1924
467 1779
354 1789
573 1202
877 1815
777 1139
567 1545
707 1972
453 1353
49 1225
886 1454
127 1266
492 1229
105 1242
575 1128
961 1169
31 1231
197 1831
344 1559
709 1494
2 1532
132 1970
349 1922
565 1439
651 1379
468 1935
1000 1522
827 1497
184 1991
27 1582
617 1117
675 1604
958 1532
713 1290
276 1866
168 1738
576 1651
663 1220
852 1357
316 1459
250 1003
231 1568
993 1783
376 1052
323 1523
903 1605
344 1727
464 1046
760 1125
337 1399
604 1492
331 1502
554 1601
351 1600
292 1161
912 1073
154 1986
357 1328
888 1778
327 1759
594 1972
333 1524
20 1010
613 1977
411 1436
802 1855
855 1880
922 1801
153 1373
283 1751
459 1723
634 1835
36 1452
547 1620
281 1014
178 1187
104 1736
492 1488
92 1951
779 1061
578 1499
85 1212
685 1499
757 1821
619 1026
732 1987
102 1437
254 1301
403 1209
726 1918
74 1136
246 1639
957 1266
947 1541
974 1091
535 1582
188 1670
525 1137
868 1255
440 1308
585 1231
485 1121
618 1187
199 1245
47 1648
948 1331
95 1429
394 1578
989 1206
942 1726
594 1794
593 1614
940 1568
619 1119
202 1454
530 1017
519 1445
45 1207
361 1406
831 1582
789 1449
330 1349
778 1920
628 1136
195 1372
116 1729
344 1167
403 1745
693 1053
824 1141
721 1459
214 1339
312 1506
100 1498
502 1626
895 1113
703 1045
363 1574
336 1868
105 1004
887 1210
520 1667
649 1129
809 1480
220 1497
699 1819
200 1152
109 1641
870 1991
832 1468
443 1093
248 1384
973 1840
878 1103
73 1248
758 1599
805 1710
172 1152
694 1200
648 1598
787 1789
522 1022
533 1819
346 1485
589 1100
115 1130
67 1423
452 1175
168 1569
972 1049
228 1563
24 1146
400 1904
558 1725
359 1182
483 1979
258 1174
605 1928
331 1661
998 1812
818 1623
988 1099
860 1702
301 1948
916 1451
717 1542
938 1977
269 1635
394 1872
776 1628
351 1142
904 1235
389 1609
350 1020
10 1901
50 1904
36 1397
856 1007
18 1621
355 1486
594 1244
617 1424
1000 1658
692 1316
100 1806
784 1883
599 1925
302 1969
517 1889
54 1619
167 1177
554 1706
215 1513
855 1002
765 1564
546 1758
972 1750
783 1277
650 1492
26 1077
70 1446
481 1261
207 1876
209 1561
367 1539
518 1146
771 1623
612 1392
539 1703
288 1343
442 1320
144 1389
29 1361
226 1822
279 1812
733 1641
840 1927
334 1381
251 1863
395 1426
665 1027
454 1019
689 1314
19 1490
584 1242
354 1931
668 1361
567 1452
621 1767
764 1333
229 1743
881 1217
583 1793
219 1869
525 1167
409 1462
189 1757
419 1388
169 1148
200 1986
765 1723
413 1573
386 1109
420 1679
234 1238
834 1318
432 1403
471 1031
113 1447
962 1660
685 1778
782 1436
972 1089
757 1063
414 1043
522 1587
667 1637
828 1500
884 1536
264 1427
980 1361
773 1126
613 1809
363 1973
758 1641
532 1902
462 1507
483 1912
850 1719
468 1236
121 1059
496 1822
535 1600
498 1355
491 1959
405 1809
137 1675
146 1042
849 1984
557 1368
577 1554
830 1889
392 1334
945 1341
348 1661
601 1385
78 1299
558 1757
70 1198
406 1380
62 1683
279 1915
942 1593
149 1008
762 1855
670 1984
663 1509
83 1251
155 1523
528 1550
905 1378
702 1860
884 1346
310 1863
849 1191
918 1566
696 1155
50 1163
611 1044
435 1399
547 1094
46 1400
362 1980
875 1570
149 1129
929 1507
296 1897
306 1301
731 1211
760 1478
108 1799
662 1556
958 1083
68 1469
736 1813
794 1821
467 1672
757 1583
17 1018
542 1235
732 1045
271 1748
58 1412
273 1437
316 1598
676 1250
496 1403
702 1699
900 1704
741 1949
933 1933
943 1682
661 1144
282 1597
959 1084
908 1932
741 1684
436 1332
308 1016
837 1753
571 1284
825 1986
275 1888
826 1639
562 1832
187 1162
415 1494
546 1215
849 1382
694 1028
721 1039
858 1890
983 1508
780 1481
31 1644
954 1972
794 1140
137 1670
540 1828
32 1200
303 1369
340 1250
772 1187
910 1081
613 1236
325 1338
896 1109
845 1759
251 1481
291 1488
40 1939
804 1418
982 1380
190 1936
632 1114
217 1085
519 1273
986 1509
354 1510
203 1825
653 1264
135 1875
409 1017
471 1615
829 1991
243 1022
188 1792
680 1208
964 1972
677 1589
6 1965
79 1434
920 1034
250 1543
236 1423
233 1878
530 1818
54 1427
778 1891
713 1393
958 1783
480 1834
882 1650
408 1833
399 1425
827 1924
92 1420
161 1672
606 1332
236 1235
617 1794
368 1292
640 1242
805 1829
879 1011
959 1348
572 1931
818 1432
417 1835
24 1535
432 1003
259 1509
182 1170
601 1643
625 1453
830 1672
991 1305
897 1214
780 1088
552 1545
265 1598
377 1931
363 1184
742 1933
166 1760
882 1877
688 1966
535 1405
605 1178
704 1552
675 1938
871 1857
157 1790
822 1561
524 1432
592 1334
523 1703
148 1638
255 1425
359 1184
376 1544
107 1886
73 1345
19 1352
401 1418
104 1810
892 1965
799 1207
399 1106
387 1761
719 1673
749 1996
919 1936
546 1977
712 1490
705 1925
739 1997
246 1398
888 1169
602 1961
567 1875
548 1604
353 1920
861 1286
367 1322
201 1268
865 1556
624 1452
807 1225
637 1241
95 1708
663 1936
503 1544
1000 1126
288 1728
465 1173
247 1033
544 1643
560 1981
818 1814
709 1737
849 1359
166 1781
548 1487
177 1254
157 1785
989 1174
236 1107
731 1173
437 1378
682 1988
769 1731
54 1135
304 1961
223 1300
647 1592
117 1142
340 1897
89 1315
245 1123
973 1913
983 1772
26 1346
811 1376
515 1302
103 1922
865 1059
30 1787
579 1380
513 1657
243 1452
799 1708
799 1289
261 1465
812 1890
967 1302
580 1248
723 1002
813 1793
585 1015
27 1232
352 1833
730 1148
251 1175
34 1360
853 1435
661 1294
886 1273
806 1952
293 1111
980 1751
815 1852
104 1445
156 1107
527 1014
321 1247
288 1747
340 1739
794 1547
887 1950
869 1310
331 1992
529 1155
860 1434
940 1071
32 1850
539 1408
477 1966
483 1112
410 1255
566 1699
465 1961
621 1968
528 1437
910 1134
140 1485
723 1334
783 1785
547 1661
469 1147
58 1794
535 1025
563 1922
824 1018
252 1272
343 1178
673 1968
638 1052
315 1361
97 1782
426 1807
37 1930
640 1399
465 1444
944 1257
569 1908
64 1863
962 1233
669 1789
806 1766
6 1782
581 1357
877 1564
508 1377
174 1168
862 1344
669 1598
71 1440
796 1751
52 1115
185 1828
474 1036
266 1869
334 1321
938 1628
232 1068
350 1576
12 1139
911 1212
423 1333
388 1201
779 1114
422 1257
476 1341
427 1776
370 1371
264 1578
305 1394
640 1061
3 1384
402 1632
392 1830
663 1408
32 1718
826 1504
396 1539
858 1492
230 1272
996 1816
660 1269
419 1894
221 1807
405 1248
431 1115
509 1195
124 1226
78 1519
43 1922
830 1026
875 1667
718 1651
162 1021
367 1749
275 1659
844 1431
916 1026
163 1919
11 1509
563 1217
710 1487
52 1596
763 1404
143 1038
174 1258
295 1441
844 1248
219 1526
665 1271
201 1062
844 1887
452 1879
862 1048
185 1888
953 1021
300 1244
328 1930
115 1689
764 1889
453 1094
655 1652
632 1233
56 1203
551 1935
245 1551
161 1855
135 1195
294 1988
60 1139
372 1071
382 1699
838 1727
164 1089
951 1625
729 1804
162 1630
535 1832
103 1045
626 1704
706 1395
853 1573
362 1750
563 1194
144 1476
851 1567
88 1122
687 1564
913 1717
545 1343
640 1681
732 1507
65 1600
31 1354
683 1702
163 1834
562 1782
692 1304
975 1758
494 1493
575 1948
326 1526
678 1921
555 1170
670 1967
656 1812
188 1362
573 1139
440 1002
206 1631
818 1846
229 1926
64 1755
497 1251
250 1880
61 1672
839 1982
748 1264
502 1460
529 1006
91 1264
817 1906
180 1732
420 1421
624 1283
899 1335
655 1221
996 1274
46 1242
685 1691
131 1316
280 1066
407 1538
817 1973
67 1857
19 1578
955 1266
239 1613
249 1836
78 1089
984 1397
258 1622
24 1602
29 1621
576 1042
759 1407
511 1627
432 1928
931 1059
984 1910
521 1347
180 1821
301 1860
891 1730
878 1603
966 1663
67 1698
538 1468
727 1427
664 1425
134 1697
32 1552
259 1617
578 1067
102 1845
676 1133
640 1664
98 1154
474 1306
811 1711
384 1266
387 1722
218 1399
861 1497
496 1843
812 1619
80 1559
430 1643
747 1125
1 1846
793 1311
435 1047
491 1597
461 1952
18 1573
140 1570
317 1831
153 1745
176 1758
402 1786
997 1458
730 1887
176 1357
171 1911
841 1876
661 1015
657 1897
183 1957
102 1265
164 1524
472 1622
609 1372
240 1063
381 1189
983 1339
662 1140
345 1150
901 1839
559 1956
63 1230
55 1888
101 1899
651 1176
477 1938
206 1976
144 1980
102 1452
286 1174
975 1132
612 1641
766 1946
981 1481
376 1939
742 1184
349 1797
378 1612
510 1408
771 1968
162 1452
782 1014
511 1685
853 1926
328 1879
162 1769
389 1151
852 1252
905 1056
699 1357
10 1502
767 1129
202 1565
660 1588
764 1912
49 1413
777 1581
458 1762
739 1180
571 1419
325 1028
484 1199
853 1580
987 1552
849 1907
673 1013
673 1370
813 1507
540 1119
541 1482
772 1998
417 1399
761 1370
892 1811
57 1884
817 1213
578 1117
405 1732
487 1669
965 1232
748 1365
86 1563
960 1027
816 1653
95 1241
60 1028
765 1486
907 1797
599 1213
18 1673
486 1463
821 1717
758 1579
930 1771
225 1802
92 1849
624 1602
360 1095
973 1030
505 1185
862 1628
909 1700
590 1446
791 1843
270 1341
85 1294
735 1477
651 1289
781 1488
670 1701
492 1351
335 1090
47 1337
600 1026
503 1557
516 1027
500 1726
278 1644
609 1877
155 1995
591 1079
156 1586
366 1678
506 1954
52 1077
152 1036
433 1590
944 1310
94 1398
214 1360
704 1008
280 1041
382 1364
479 1414
777 1440
776 1485
668 1187
464 1530
355 1224
555 1118
254 1162
803 1182
472 1879
344 1616
430 1521
267 1915
949 1492
914 1497
390 1141
945 1255
798 1635
264 1375
863 1462
129 1362
72 1472
157 1109
23 1438
775 1324
771 1257
312 1199
254 1944
880 1702
472 1804
715 1659
723 1166
882 1367
180 1771
791 1189
651 1990
27 1963
196 1798
325 1333
578 1487
520 1902
249 1826
444 1892
794 1566
848 1841
423 1465
461 1788
450 1937
535 1401
245 1646
506 1965
10 1167
118 1355
306 1399
554 1663
705 1399
515 1028
653 1430
117 1768
102 1201
824 1653
691 1409
526 1188
373 1291
598 1082
879 1574
172 1504
980 1536
669 1012
55 1521
689 1111
664 1505
773 1086
304 1722
376 1992
612 1297
756 1477
427 1408
839 1529
89 1417
247 1480
468 1181
719 1589
423 2000
636 1096
890 1090
190 1994
653 1028
450 1610
842 1444
174 1816
90 1359
338 1501
141 1123
830 1339
52 1982
860 1182
608 1305
575 1939
829 1948
282 1379
950 1664
437 1680
592 1668
933 1156
70 1185
16 1899
448 1176
384 1156
464 1211
777 1061
511 1439
235 1600
619 1813
869 1702
328 1583
645 1508
573 1810
357 1484
284 1135
840 1601
812 1475
324 1023
756 1890
801 1456
157 1765
919 1463
134 1019
90 1307
870 1364
105 1426
271 1584
458 1011
455 1159
736 1522
152 1083
596 1794
205 1636
462 1614
954 1429
579 1230
856 1016
200 1783
31 1165
362 1996
794 1159
53 1834
984 1074
820 1457
673 1498
742 1457
745 1873
218 1754
195 1479
140 1365
114 1244
988 1055
385 1787
678 1928
479 1422
139 1965
998 1122
672 1191
366 1955
932 1672
698 1572
493 1277
30 1061
436 1690
313 1314
339 1526
872 1070
323 1798
232 1951
432 1200
655 1474
399 1063
596 1582
374 1777
64 1594
131 1916
69 1349
723 1672
655 1752
180 1208
972 1497
164 1767
897 1564
843 1881
295 1032
354 1098
51 1346
974 1564
763 1706
456 1532
828 1846
583 1437
351 1617
586 1205
537 1619
721 1567
705 1427
393 1252
250 1298
804 1652
591 1133
661 1282
944 1561
984 1807
219 1688
706 1293
197 1255
853 1259
913 1689
718 1234
885 1284
690 1593
595 1371
704 1839
360 1960
258 1250
836 1584
103 1510
710 1532
189 1194
7 1932
264 1868
925 1258
429 1510
225 1164
182 1211
84 1410
717 1703
713 1997
112 1978
366 1473
599 1320
717 1281
824 1827
263 1349
531 1158
637 1494
180 1205
644 1216
344 1890
699 1160
225 1869
805 1662
983 1526
662 1254
83 1603
948 1561
83 1061
961 1781
632 1365
285 1819
90 1426
436 1832
464 1051
117 1114
801 1169
205 1097
673 1785
116 1365
766 1783
689 1336
549 1340
870 1679
990 1404
212 1008
59 1620
650 1646
929 1122
806 1176
930 1151
392 1550
241 1697
360 1475
117 1847
133 1497
535 1424
87 1194
392 1558
974 1566
555 1632
68 1159
272 1594
733 1603
760 1005
49 1434
562 1873
640 1308
245 1244
128 1588
149 1220
566 1290
507 1531
978 1689
531 1632
571 1549
403 1675
906 1419
559 1679
38 1900
810 1167
88 1262
417 1300
5 1459
746 1684
350 1633
671 1820
926 1500
234 1386
945 1947
9 1035
442 1189
824 1985
879 1441
14 1712
755 1145
698 1521
412 1751
449 1943
267 1139
238 1780
752 1072
408 1575
6 1030
792 1138
877 1748
465 1458
677 1034
618 1867
575 1191
95 1846
274 1231
697 1989
866 1398
117 1517
872 1146
185 1549
261 1791
947 1658
1 1335
123 1151
204 1845
238 1658
391 1069
944 1692
632 1991
292 1137
210 1146
775 1194
892 1901
617 1148
800 1103
303 1031
919 1769
971 1099
133 1584
442 1387
829 1887
136 1937
55 1020
864 1149
372 1697
543 1122
484 1623
770 1818
548 1796
927 1134
601 1540
717 1360
774 1576
536 1256
505 1290
235 1697
521 1714
221 1865
798 1564
279 1518
627 1827
367 1804
83 1343
43 1369
991 1814
630 1720
928 1717
811 1764
859 1088
887 1763
512 1903
617 1702
845 1756
981 1466
610 1962
648 1234
373 1268
597 1347
14 1994
789 1528
673 1744
499 1803
967 1900
799 1464
563 1866
604 1561
67 1991
168 1330
930 1836
576 1217
879 1246
439 1073
215 1908
55 1177
606 1048
904 1300
662 1063
899 1808
717 1167
631 1792
875 1770
79 1332
126 1373
435 1508
644 1367
875 1737
471 1831
181 1547
317 1786
339 1541
687 1755
156 1467
558 1601
679 1248
690 1796
453 1665
904 1262
614 1527
555 1189
708 1863
588 1309
389 1014
259 1846
724 1692
540 1589
342 1475
400 1038
201 1492
177 1563
291 1879
302 1368
107 1263
902 1477
326 1601
309 1636
968 1787
952 1621
771 1692
874 1638
610 1971
240 1118
7 1637
10 1721
870 1064
132 1321
354 1792
501 1164
763 1662
518 1591
283 1515
3 1275
197 1687
169 1604
408 1703
366 1460
223 1124
426 1465
834 1803
628 1359
194 1368
963 1254
47 1324
61 1881
360 1466
157 1245
239 1248
568 1692
661 1466
615 1362
940 1139
147 1821
511 1582
307 1440
659 1117
732 1859
102 1564
842 1848
405 1193
914 1465
612 1104
977 1224
203 1351
942 1362
763 1203
10 1501
165 1148
415 1805
660 1047
445 1426
707 1045
624 1729
505 1359
571 1623
90 1916
530 1180
888 1208
380 1180
305 1083
141 1125
921 1707
129 1414
205 1977
910 1989
257 1906
696 1957
425 1645
811 1549
89 1039
137 1756
761 1563
502 1505
995 1297
310 1143
819 1115
10 1538
553 1111
337 1183
832 1282
234 1466
220 1324
725 1773
867 1378
501 1376
281 1390
284 1179
454 1071
667 1821
764 1309
865 1043
312 1235
700 1273
691 1241
663 1846
115 1167
529 1417
941 1971
326 1347
7 1648
425 1378
111 1769
628 1120
227 1878
97 1520
677 1368
186 1217
710 1323
807 1977
899 1676
131 1809
320 1816
485 1774
801 1252
895 1945
597 1954
315 1862
791 1512
813 1674
617 1236
499 1059
396 1222
820 1250
26 1835
417 1559
100 1131
909 1969
423 1727
876 1213
934 1095
710 1788
260 1130
669 1315
668 1794
347 1944
832 1283
269 1492
308 1896
867 1768
480 1578
817 1608
680 1268
736 1003
768 1783
769 1483
683 1936
861 1204
845 1894
918 1476
157 1266
446 1781
64 1504
417 1908
68 1153
962 1251
172 1193
747 1625
621 1246
283 1057
414 1467
54 1325
82 1922
303 1795
429 1394
542 1352
495 1484
725 1019
833 1492
637 1268
130 1659
444 1478
967 1698
7 1618
149 1677
954 1793
997 1803
823 1916
584 1872
349 1254
445 1708
980 1200
295 1658
480 1832
707 1808
977 1398
354 1255
785 1969
875 1912
616 1903
428 1097
477 1174
453 1522
793 1111
80 1391
40 1882
477 1613
517 1913
9 1726
915 1972
693 1793
861 1804
704 1844
104 1107
902 1401
241 1222
321 1225
841 1343
108 1425
553 1096
77 1462
194 1199
603 1382
38 1448
272 1598
775 1638
33 1419
220 1680
947 1439
978 1930
515 1453
409 1416
549 1432
298 1037
911 1763
537 1208
595 1670
246 1874
543 1933
92 1833
941 1596
923 1603
397 1990
597 1321
801 1424
816 1019
552 1889
394 1803
919 1569
136 1955
637 1611
367 1331
468 1068
389 1561
190 1942
394 1091
26 1764
433 1631
788 1793
506 1036
844 1672
444 1101
296 1214
657 1009
905 1738
137 1393
561 1107
284 1225
588 1936
74 1048
676 1344
59 1961
472 1247
998 1803
85 1983
222 1205
178 1777
973 1994
141 1520
32 1583
804 1274
285 1399
167 1389
455 1811
904 1388
491 1015
184 1491
923 1210
272 1405
693 1821
161 1630
475 1866
174 1655
895 1940
975 1704
431 1693
536 1699
363 1359
74 1436
254 1540
843 1376
461 1954
177 1652
11 1596
779 1501
53 1601
559 1908
649 1779
927 1059
184 1494
796 1121
643 1033
529 1997
722 1549
529 1509
644 1173
703 1996
158 1290
265 1491
66 1381
98 1261
128 1051
807 1103
364 1666
55 1324
446 1182
199 1556
628 1080
367 1763
298 1251
74 1036
22 1645
595 1568
7 1841
206 1554
278 1641
248 1915
109 1513
742 1964
