2000 4000 1000
1001 1002
1002 1003
1003 1004
1004 1005
1005 1006
1006 1007
1007 1008
1008 1009
1009 1010
1010 1011
1011 1012
1012 1013
1013 1014
1014 1015
1015 1016
1016 1017
1017 1018
1018 1019
1019 1020
1020 1021
1021 1022
1022 1023
1023 1024
1024 1025
1025 1026
1026 1027
1027 1028
1028 1029
1029 1030
1030 1031
1031 1032
1032 1033
1033 1034
1034 1035
1035 1036
1036 1037
1037 1038
1038 1039
1039 1040
1040 1041
1041 1042
1042 1043
1043 1044
1044 1045
1045 1046
1046 1047
1047 1048
1048 1049
1049 1050
1050 1051
1051 1052
1052 1053
1053 1054
1054 1055
1055 1056
1056 1057
1057 1058
1058 1059
1059 1060
1060 1061
1061 1062
1062 1063
1063 1064
1064 1065
1065 1066
1066 1067
1067 1068
1068 1069
1069 1070
1070 1071
1071 1072
1072 1073
1073 1074
1074 1075
1075 1076
1076 1077
1077 1078
1078 1079
1079 1080
1080 1081
1081 1082
1082 1083
1083 1084
1084 1085
1085 1086
1086 1087
1087 1088
1088 1089
1089 1090
1090 1091
1091 1092
1092 1093
1093 1094
1094 1095
1095 1096
1096 1097
1097 1098
1098 1099
1099 1100
1100 1101
1101 1102
1102 1103
1103 1104
1104 1105
1105 1106
1106 1107
1107 1108
1108 1109
1109 1110
1110 1111
1111 1112
1112 1113
1113 1114
1114 1115
1115 1116
1116 1117
1117 1118
1118 1119
1119 1120
1120 1121
1121 1122
1122 1123
1123 1124
1124 1125
1125 1126
1126 1127
1127 1128
1128 1129
1129 1130
1130 1131
1131 1132
1132 1133
1133 1134
1134 1135
1135 1136
1136 1137
1137 1138
1138 1139
1139 1140
1140 1141
1141 1142
1142 1143
1143 1144
1144 1145
1145 1146
1146 1147
1147 1148
1148 1149
1149 1150
1150 1151
1151 1152
1152 1153
1153 1154
1154 1155
1155 1156
1156 1157
1157 1158
1158 1159
1159 1160
1160 1161
1161 1162
1162 1163
1163 1164
1164 1165
1165 1166
1166 1167
1167 1168
1168 1169
1169 1170
1170 1171
1171 1172
1172 1173
1173 1174
1174 1175
1175 1176
1176 1177
1177 1178
1178 1179
1179 1180
1180 1181
1181 1182
1182 1183
1183 1184
1184 1185
1185 1186
1186 1187
1187 1188
1188 1189
1189 1190
1190 1191
1191 1192
1192 1193
1193 1194
1194 1195
1195 1196
1196 1197
1197 1198
1198 1199
1199 1200
1200 1201
1201 1202
1202 1203
1203 1204
1204 1205
1205 1206
1206 1207
1207 1208
1208 1209
1209 1210
1210 1211
1211 1212
1212 1213
1213 1214
1214 1215
1215 1216
1216 1217
1217 1218
1218 1219
1219 1220
1220 1221
1221 1222
1222 1223
1223 1224
1224 1225
1225 1226
1226 1227
1227 1228
1228 1229
1229 1230
1230 1231
1231 1232
1232 1233
1233 1234
1234 1235
1235 1236
1236 1237
1237 1238
1238 1239
1239 1240
1240 1241
1241 1242
1242 1243
1243 1244
1244 1245
1245 1246
1246 1247
1247 1248
1248 1249
1249 1250
1250 1251
1251 1252
1252 1253
1253 1254
1254 1255
1255 1256
1256 1257
1257 1258
1258 1259
1259 1260
1260 1261
1261 1262
1262 1263
1263 1264
1264 1265
1265 1266
1266 1267
1267 1268
1268 1269
1269 1270
1270 1271
1271 1272
1272 1273
1273 1274
1274 1275
1275 1276
1276 1277
1277 1278
1278 1279
1279 1280
1280 1281
1281 1282
1282 1283
1283 1284
1284 1285
1285 1286
1286 1287
1287 1288
1288 1289
1289 1290
1290 1291
1291 1292
1292 1293
1293 1294
1294 1295
1295 1296
1296 1297
1297 1298
1298 1299
1299 1300
1300 1301
1301 1302
1303 1304
1304 1305
1305 1306
1306 1307
1307 1308
1308 1309
1309 1310
1310 1311
1311 1312
1312 1313
1313 1314
1314 1315
1315 1316
1316 1317
1317 1318
1318 1319
1319 1320
1320 1321
1321 1322
1322 1323
1323 1324
1324 1325
1325 1326
1326 1327
1327 1328
1328 1329
1329 1330
1330 1331
1331 1332
1332 1333
1333 1334
1334 1335
1335 1336
1336 1337
1337 1338
1338 1339
1339 1340
1340 1341
1341 1342
1342 1343
1343 1344
1344 1345
1345 1346
1346 1347
1347 1348
1348 1349
1349 1350
1350 1351
1351 1352
1352 1353
1353 1354
1354 1355
1355 1356
1356 1357
1357 1358
1358 1359
1359 1360
1360 1361
1361 1362
1362 1363
1363 1364
1364 1365
1365 1366
1366 1367
1367 1368
1368 1369
1369 1370
1370 1371
1371 1372
1372 1373
1373 1374
1374 1375
1375 1376
1376 1377
1377 1378
1378 1379
1379 1380
1380 1381
1381 1382
1382 1383
1383 1384
1384 1385
1385 1386
1386 1387
1387 1388
1388 1389
1389 1390
1390 1391
1391 1392
1392 1393
1393 1394
1394 1395
1395 1396
1396 1397
1397 1398
1398 1399
1399 1400
1400 1401
1401 1402
1402 1403
1403 1404
1404 1405
1405 1406
1406 1407
1407 1408
1408 1409
1409 1410
1410 1411
1411 1412
1412 1413
1413 1414
1414 1415
1415 1416
1416 1417
1417 1418
1418 1419
1419 1420
1420 1421
1421 1422
1422 1423
1423 1424
1424 1425
1425 1426
1426 1427
1427 1428
1428 1429
1429 1430
1430 1431
1431 1432
1432 1433
1433 1434
1434 1435
1435 1436
1436 1437
1437 1438
1438 1439
1439 1440
1440 1441
1441 1442
1442 1443
1443 1444
1444 1445
1445 1446
1446 1447
1447 1448
1448 1449
1449 1450
1450 1451
1451 1452
1452 1453
1453 1454
1454 1455
1455 1456
1456 1457
1457 1458
1458 1459
1459 1460
1460 1461
1461 1462
1462 1463
1463 1464
1464 1465
1465 1466
1466 1467
1467 1468
1468 1469
1469 1470
1470 1471
1471 1472
1472 1473
1473 1474
1474 1475
1475 1476
1476 1477
1477 1478
1478 1479
1479 1480
1480 1481
1481 1482
1482 1483
1483 1484
1484 1485
1485 1486
1486 1487
1487 1488
1488 1489
1489 1490
1490 1491
1491 1492
1492 1493
1493 1494
1494 1495
1495 1496
1496 1497
1497 1498
1498 1499
1500 1501
1501 1502
1502 1503
1503 1504
1504 1505
1505 1506
1506 1507
1507 1508
1508 1509
1509 1510
1510 1511
1511 1512
1512 1513
1513 1514
1514 1515
1515 1516
1516 1517
1517 1518
1518 1519
1519 1520
1520 1521
1521 1522
1522 1523
1523 1524
1524 1525
1525 1526
1526 1527
1527 1528
1528 1529
1529 1530
1530 1531
1531 1532
1532 1533
1533 1534
1534 1535
1535 1536
1536 1537
1537 1538
1538 1539
1539 1540
1540 1541
1541 1542
1542 1543
1543 1544
1544 1545
1545 1546
1546 1547
1547 1548
1548 1549
1549 1550
1550 1551
1551 1552
1552 1553
1553 1554
1554 1555
1555 1556
1556 1557
1557 1558
1558 1559
1559 1560
1560 1561
1561 1562
1562 1563
1563 1564
1564 1565
1565 1566
1566 1567
1567 1568
1568 1569
1569 1570
1570 1571
1571 1572
1572 1573
1573 1574
1574 1575
1575 1576
1576 1577
1577 1578
1578 1579
1579 1580
1580 1581
1581 1582
1582 1583
1583 1584
1584 1585
1585 1586
1586 1587
1587 1588
1588 1589
1589 1590
1590 1591
1591 1592
1592 1593
1593 1594
1594 1595
1595 1596
1596 1597
1597 1598
1598 1599
1599 1600
1600 1601
1601 1602
1602 1603
1603 1604
1604 1605
1605 1606
1606 1607
1607 1608
1608 1609
1609 1610
1610 1611
1611 1612
1612 1613
1613 1614
1614 1615
1615 1616
1616 1617
1617 1618
1618 1619
1619 1620
1620 1621
1621 1622
1622 1623
1623 1624
1624 1625
1625 1626
1626 1627
1627 1628
1628 1629
1629 1630
1630 1631
1631 1632
1632 1633
1633 1634
1634 1635
1635 1636
1636 1637
1637 1638
1638 1639
1639 1640
1640 1641
1641 1642
1642 1643
1643 1644
1644 1645
1645 1646
1646 1647
1647 1648
1648 1649
1649 1650
1650 1651
1651 1652
1652 1653
1653 1654
1654 1655
1655 1656
1656 1657
1657 1658
1658 1659
1659 1660
1660 1661
1661 1662
1662 1663
1663 1664
1664 1665
1665 1666
1666 1667
1667 1668
1668 1669
1669 1670
1670 1671
1671 1672
1672 1673
1673 1674
1674 1675
1675 1676
1676 1677
1677 1678
1678 1679
1679 1680
1680 1681
1681 1682
1682 1683
1683 1684
1684 1685
1685 1686
1686 1687
1687 1688
1688 1689
1689 1690
1690 1691
1691 1692
1692 1693
1693 1694
1694 1695
1695 1696
1696 1697
1697 1698
1698 1699
1699 1700
1700 1701
1701 1702
1702 1703
1703 1704
1704 1705
1705 1706
1706 1707
1707 1708
1708 1709
1709 1710
1710 1711
1711 1712
1712 1713
1713 1714
1714 1715
1715 1716
1716 1717
1717 1718
1718 1719
1719 1720
1720 1721
1721 1722
1722 1723
1723 1724
1724 1725
1725 1726
1726 1727
1727 1728
1728 1729
1729 1730
1730 1731
1731 1732
1732 1733
1733 1734
1734 1735
1735 1736
1736 1737
1737 1738
1738 1739
1739 1740
1740 1741
1741 1742
1742 1743
1743 1744
1744 1745
1745 1746
1746 1747
1747 1748
1748 1749
1749 1750
1750 1751
1751 1752
1752 1753
1753 1754
1754 1755
1755 1756
1756 1757
1757 1758
1758 1759
1759 1760
1761 1762
1762 1763
1763 1764
1764 1765
1765 1766
1766 1767
1767 1768
1768 1769
1769 1770
1770 1771
1771 1772
1772 1773
1773 1774
1774 1775
1775 1776
1776 1777
1777 1778
1778 1779
1779 1780
1780 1781
1781 1782
1782 1783
1783 1784
1784 1785
1785 1786
1786 1787
1787 1788
1788 1789
1789 1790
1790 1791
1791 1792
1792 1793
1793 1794
1794 1795
1796 1797
1797 1798
1798 1799
1799 1800
1800 1801
1802 1803
1803 1804
1804 1805
1805 1806
1806 1807
1807 1808
1808 1809
1809 1810
1810 1811
1811 1812
1812 1813
1813 1814
1814 1815
1815 1816
1816 1817
1817 1818
1818 1819
1819 1820
1820 1821
1821 1822
1822 1823
1823 1824
1824 1825
1825 1826
1826 1827
1827 1828
1828 1829
1829 1830
1830 1831
1831 1832
1832 1833
1833 1834
1834 1835
1835 1836
1836 1837
1837 1838
1838 1839
1839 1840
1840 1841
1841 1842
1842 1843
1843 1844
1844 1845
1845 1846
1846 1847
1847 1848
1848 1849
1849 1850
1850 1851
1851 1852
1852 1853
1853 1854
1854 1855
1855 1856
1856 1857
1857 1858
1858 1859
1859 1860
1860 1861
1861 1862
1862 1863
1863 1864
1864 1865
1865 1866
1866 1867
1867 1868
1868 1869
1869 1870
1870 1871
1871 1872
1872 1873
1873 1874
1874 1875
1875 1876
1876 1877
1877 1878
1878 1879
1879 1880
1880 1881
1881 1882
1882 1883
1883 1884
1884 1885
1885 1886
1886 1887
1887 1888
1888 1889
1889 1890
1890 1891
1891 1892
1892 1893
1893 1894
1894 1895
1895 1896
1896 1897
1897 1898
1898 1899
1899 1900
1900 1901
1901 1902
1902 1903
1903 1904
1904 1905
1905 1906
1906 1907
1907 1908
1908 1909
1909 1910
1910 1911
1911 1912
1912 1913
1913 1914
1914 1915
1915 1916
1916 1917
1917 1918
1918 1919
1919 1920
1920 1921
1921 1922
1922 1923
1923 1924
1924 1925
1925 1926
1926 1927
1927 1928
1928 1929
1929 1930
1930 1931
1931 1932
1932 1933
1933 1934
1934 1935
1935 1936
1936 1937
1937 1938
1938 1939
1939 1940
1940 1941
1941 1942
1942 1943
1943 1944
1944 1945
1946 1947
1947 1948
1948 1949
1949 1950
1950 1951
1951 1952
1952 1953
1953 1954
1954 1955
1955 1956
1956 1957
1957 1958
1958 1959
1959 1960
1960 1961
1961 1962
1962 1963
1963 1964
1964 1965
1965 1966
1966 1967
1967 1968
1968 1969
1969 1970
1970 1971
1971 1972
1972 1973
1973 1974
1974 1975
1975 1976
1976 1977
1977 1978
1978 1979
1979 1980
1980 1981
1981 1982
1982 1983
1983 1984
1984 1985
1985 1986
1986 1987
1987 1988
1988 1989
1989 1990
1990 1991
1991 1992
1992 1993
1993 1994
1994 1995
1995 1996
1996 1997
1997 1998
1998 1999
1999 2000
1 1760
1 1795
1 1801
1 1302
1 1945
1 1499
1 2000
2 1379
3 1840
4 1601
5 1241
6 1890
7 1749
8 1766
9 1378
10 1515
11 1553
12 1844
13 1296
14 1410
15 1307
16 1695
17 1910
18 1389
19 1566
20 1014
21 1188
22 1469
23 1008
24 1278
25 1138
26 1200
27 1551
28 1504
29 1744
30 1747
31 1521
32 1594
33 1198
34 1009
35 1692
36 1238
37 1870
38 1746
39 1184
40 1772
41 1293
42 1576
43 1962
44 1219
45 1981
46 1044
47 1814
48 1795
49 1190
50 1778
51 1314
52 1113
53 1952
54 1286
55 1528
56 1541
57 1442
58 1211
59 1638
60 1786
61 1580
62 1766
63 1372
64 1420
65 1022
66 1828
67 1600
68 1391
69 1336
70 1678
71 1361
72 1986
73 1679
74 1048
75 1262
76 1318
77 1904
78 1726
79 1838
80 1060
81 1467
82 1315
83 1843
84 1642
85 1079
86 1380
87 1820
88 1164
89 1160
90 1883
91 1742
92 1734
93 1616
94 1237
95 1052
96 1310
97 1625
98 1726
99 1083
100 1163
101 1667
102 1394
103 1534
104 1379
105 1798
106 1798
107 1565
108 1884
109 1043
110 1802
111 1249
112 1228
113 1293
114 1051
115 1382
116 1125
117 1529
118 1602
119 1565
120 1951
121 1008
122 1417
123 1660
124 1059
125 1748
126 1179
127 1425
128 1960
129 1366
130 1696
131 1128
132 1746
133 1873
134 1790
135 1138
136 1268
137 1980
138 1509
139 1204
140 1629
141 1489
142 1333
143 1418
144 1832
145 1553
146 1616
147 1947
148 1184
149 1845
150 1018
151 1686
152 1374
153 1944
154 1445
155 1256
156 1554
157 1684
158 1446
159 1464
160 1165
161 1186
162 1215
163 1738
164 1499
165 1633
166 1253
167 1933
168 1217
169 1124
170 1459
171 1352
172 1616
173 1545
174 1385
175 1171
176 1048
177 1364
178 1619
179 1468
180 1062
181 1537
182 1458
183 1495
184 1596
185 1305
186 1054
187 1434
188 1293
189 1644
190 1379
191 1838
192 1581
193 1171
194 1235
195 1634
196 1190
197 1515
198 1649
199 1430
200 1715
201 1568
202 1782
203 1726
204 1042
205 1224
206 1300
207 1835
208 1196
209 1434
210 1194
211 1390
212 1537
213 1500
214 1400
215 1827
216 1498
217 1232
218 1485
219 1100
220 1278
221 1427
222 1479
223 1208
224 1948
225 1482
226 1836
227 1498
228 1911
229 1981
230 1637
231 1696
232 1773
233 1465
234 1515
235 1075
236 1581
237 1263
238 1920
239 1464
240 1106
241 1864
242 1905
243 1041
244 1390
245 1628
246 1936
247 1218
248 1755
249 1662
250 1077
251 1716
252 1717
253 1792
254 1037
255 1636
256 1187
257 1053
258 1598
259 1089
260 1280
261 1419
262 1790
263 1223
264 1964
265 1795
266 1238
267 1848
268 1547
269 1108
270 1960
271 1262
272 1952
273 1835
274 1305
275 1949
276 1247
277 1603
278 1205
279 1177
280 1975
281 1958
282 1411
283 1975
284 1312
285 1393
286 1089
287 1587
288 1458
289 1887
290 1158
291 1652
292 1779
293 1537
294 1117
295 1522
296 1523
297 1812
298 1717
299 1812
300 1311
301 1917
302 1377
303 1259
304 1554
305 1679
306 1587
307 1105
308 1313
309 1246
310 1530
311 1927
312 1790
313 1910
314 1306
315 1834
316 1189
317 1409
318 1304
319 1166
320 1622
321 1839
322 1674
323 1657
324 1797
325 1691
326 1260
327 1939
328 1851
329 1454
330 1908
331 1318
332 1273
333 1014
334 1052
335 1694
336 1485
337 1641
338 1820
339 1886
340 1874
341 1712
342 1186
343 1226
344 1884
345 1774
346 1262
347 1939
348 1543
349 1071
350 1421
351 1905
352 1614
353 1651
354 1577
355 1861
356 1397
357 1349
358 1961
359 1349
360 1111
361 1591
362 1035
363 1646
364 1399
365 1580
366 1316
367 1151
368 1375
369 1522
370 1639
371 1622
372 1387
373 1245
374 1624
375 1577
376 1586
377 1428
378 1553
379 1478
380 1745
381 1321
382 1652
383 1554
384 1888
385 1528
386 1460
387 1389
388 1662
389 1902
390 1897
391 1149
392 1336
393 1869
394 1285
395 1677
396 1249
397 1341
398 1398
399 1795
400 1848
401 1487
402 1346
403 1728
404 1595
405 1619
406 1504
407 1296
408 1029
409 1886
410 1798
411 1204
412 1859
413 1369
414 1712
415 1795
416 1294
417 1745
418 1429
419 1752
420 1584
421 1788
422 1512
423 1153
424 1054
425 1783
426 1044
427 1322
428 1987
429 1025
430 1628
431 1658
432 1024
433 1020
434 1289
435 1950
436 1554
437 1558
438 1843
439 1129
440 1402
441 1542
442 1076
443 1783
444 1452
445 1798
446 1456
447 1339
448 1137
449 1299
450 1314
451 1138
452 1295
453 1512
454 1105
455 1296
456 1871
457 1090
458 1737
459 1778
460 1491
461 1929
462 1868
463 1668
464 1467
465 1762
466 1203
467 1112
468 1679
469 1728
470 1190
471 1286
472 1268
473 1966
474 1346
475 1103
476 1954
477 1070
478 1183
479 1285
480 1410
481 1965
482 1077
483 1969
484 1847
485 1397
486 1058
487 1519
488 1926
489 1427
490 1221
491 1350
492 1286
493 1838
494 1214
495 1729
496 1934
497 1416
498 1974
499 1353
500 1022
501 1708
502 1835
503 1290
504 1744
505 1334
506 1010
507 1977
508 1385
509 1806
510 1507
511 1454
512 1496
513 1758
514 1441
515 1301
516 1615
517 1108
518 1750
519 1304
520 1498
521 1891
522 1938
523 1828
524 1199
525 1339
526 1937
527 1475
528 1123
529 1637
530 1654
531 1420
532 1304
533 1757
534 1800
535 1391
536 1293
537 1970
538 1159
539 1599
540 1048
541 1687
542 1708
543 1430
544 1829
545 1080
546 1534
547 1847
548 1392
549 1950
550 1917
551 1726
552 1014
553 1831
554 1488
555 1839
556 1807
557 1496
558 1188
559 1943
560 2000
561 1780
562 1779
563 1519
564 1574
565 1607
566 1578
567 1070
568 1947
569 1387
570 1818
571 1609
572 1747
573 1225
574 1126
575 1563
576 1842
577 1506
578 1183
579 1919
580 1392
581 1636
582 1063
583 1537
584 1189
585 1569
586 1576
587 1148
588 1521
589 1166
590 1959
591 1774
592 1909
593 1695
594 1838
595 1371
596 1180
597 1214
598 1019
599 1932
600 1740
601 1574
602 1137
603 1795
604 1650
605 1566
606 1228
607 1370
608 1604
609 1301
610 1792
611 1807
612 1990
613 1269
614 1729
615 1342
616 1021
617 1773
618 1984
619 1459
620 1452
621 1995
622 1484
623 1604
624 1358
625 1057
626 1428
627 1032
628 1796
629 1190
630 1751
631 1637
632 1626
633 1933
634 1917
635 1203
636 1282
637 1842
638 1374
639 1892
640 1779
641 1158
642 1894
643 1527
644 1855
645 1218
646 1023
647 1973
648 1830
649 1550
650 1610
651 1068
652 1221
653 1722
654 1301
655 1136
656 1089
657 1239
658 1425
659 1182
660 1249
661 1115
662 1338
663 1590
664 1813
665 1242
666 1573
667 1715
668 1461
669 1629
670 1480
671 1986
672 1123
673 1625
674 1555
675 1583
676 1723
677 1011
678 1755
679 1007
680 1613
681 1754
682 1052
683 1722
684 1920
685 1703
686 1268
687 1257
688 1290
689 1041
690 1096
691 1870
692 1826
693 1002
694 1489
695 1048
696 1995
697 1389
698 1476
699 1386
700 1016
701 1075
702 1529
703 1822
704 1479
705 1668
706 1064
707 1933
708 1370
709 1856
710 1696
711 1520
712 1619
713 1147
714 1179
715 1826
716 1803
717 1166
718 1532
719 1325
720 1789
721 1740
722 1654
723 1075
724 1895
725 1771
726 1024
727 1841
728 1745
729 1649
730 1577
731 1418
732 1705
733 1702
734 1601
735 1265
736 1834
737 1739
738 1816
739 1188
740 1496
741 1387
742 1317
743 1672
744 1238
745 1083
746 1295
747 1546
748 1057
749 1327
750 1475
751 1322
752 1726
753 1189
754 1771
755 1176
756 1378
757 1242
758 1089
759 1912
760 1916
761 1241
762 1584
763 1219
764 1086
765 1102
766 1621
767 1139
768 1871
769 1177
770 1492
771 1231
772 1832
773 1392
774 1654
775 1153
776 1688
777 1642
778 1634
779 1124
780 1511
781 1709
782 1149
783 1008
784 1355
785 1987
786 1003
787 1372
788 1807
789 1125
790 1387
791 1254
792 1832
793 1243
794 1797
795 1258
796 1553
797 1153
798 1891
799 1349
800 1937
801 1985
802 1270
803 1493
804 1902
805 1758
806 1054
807 1811
808 1665
809 1734
810 1674
811 1529
812 1138
813 1366
814 1756
815 1557
816 1122
817 1532
818 1669
819 1618
820 1332
821 1438
822 1280
823 1940
824 1026
825 1280
826 1100
827 1902
828 1739
829 1905
830 2000
831 1114
832 1929
833 1680
834 1170
835 1795
836 1750
837 1404
838 1499
839 1985
840 1760
841 1957
842 1429
843 1722
844 1158
845 1645
846 1013
847 1999
848 1054
849 1504
850 1369
851 1866
852 1751
853 1824
854 1494
855 1448
856 1538
857 1377
858 1456
859 1359
860 1766
861 1287
862 1447
863 1421
864 1306
865 1862
866 1147
867 1756
868 1315
869 1626
870 1278
871 1557
872 1490
873 1300
874 1452
875 1059
876 1012
877 1272
878 1759
879 1336
880 1766
881 1310
882 1748
883 1285
884 1532
885 1974
886 1697
887 1604
888 1162
889 1607
890 1840
891 1259
892 1513
893 1077
894 1556
895 1242
896 1825
897 1568
898 1426
899 1992
900 1668
901 1962
902 1603
903 1868
904 1875
905 1692
906 1380
907 1775
908 1285
909 1264
910 1604
911 1898
912 1879
913 1335
914 1161
915 1703
916 1774
917 1416
918 1623
919 1550
920 1774
921 1889
922 1723
923 1607
924 1506
925 1911
926 1511
927 1754
928 1868
929 1748
930 1721
931 1587
932 1012
933 1092
934 1904
935 1354
936 1833
937 1720
938 1234
939 1122
940 1633
941 1546
942 1788
943 1504
944 1099
945 1439
946 1492
947 1162
948 1853
949 1337
950 1045
951 1175
952 1570
953 1071
954 1779
955 1656
956 1550
957 1619
958 1706
959 1395
960 1574
961 1534
962 1907
963 1546
964 1019
965 1956
966 1419
967 1559
968 1200
969 1532
970 1073
971 1186
972 1860
973 1666
974 1675
975 1494
976 1118
977 1939
978 1282
979 1197
980 1230
981 1391
982 1532
983 1010
984 1408
985 1789
986 1565
987 1885
988 1620
989 1645
990 1565
991 1074
992 1868
993 1279
994 1048
995 1325
996 1043
997 1961
998 1966
999 1707
1000 1534
974 1927
487 1502
196 1024
588 1240
299 1319
131 1236
873 1923
998 1341
77 1127
556 1338
20 1239
613 1835
902 1206
231 1018
575 1553
417 1415
343 1935
710 1436
611 1186
75 1709
364 1333
288 1501
313 1537
75 1292
480 1459
671 1587
305 1578
547 1097
882 1065
273 1624
491 1906
62 1262
883 1465
383 1286
6 1605
416 1099
529 1108
878 1892
620 1523
658 1572
347 1610
237 1516
136 1439
120 1473
366 1503
812 1505
105 1629
274 1403
746 1986
338 1203
839 1291
607 1952
208 1166
849 1751
590 1226
502 1185
614 1476
740 1344
643 1101
83 1948
706 1554
963 1479
796 1818
934 1636
917 1003
44 1242
304 1881
468 1070
579 1364
100 1345
524 1700
603 1422
962 1979
17 1080
100 1312
158 1877
330 1471
134 1017
372 1067
638 1106
679 1742
528 1048
344 1605
133 1420
974 1002
631 1566
183 1887
458 1402
998 1644
418 1863
629 1166
404 1180
231 1373
345 1200
845 1190
239 1290
55 1575
362 1570
162 1020
621 1560
115 1567
131 1158
586 1990
968 1759
132 1050
225 1829
956 1884
598 1107
475 1299
254 1473
706 1820
592 1736
960 1262
548 1959
109 1778
307 1433
85 1278
650 1329
154 1127
851 1270
205 1516
371 1985
697 1502
530 1531
9 1648
365 1325
834 1869
480 1343
106 1376
709 1593
433 1765
619 1744
899 1601
291 1089
988 1686
531 1956
63 1563
375 1082
7 1129
749 1716
140 1278
956 1981
930 1513
537 1580
940 1944
634 1028
31 1801
621 1412
204 1174
469 1762
450 1234
192 1994
248 1663
209 1412
700 1469
541 1207
788 1405
758 1360
312 1882
716 1593
975 1894
37 1063
481 1726
111 1521
961 1648
822 1019
532 1839
287 1966
450 1752
3 1151
864 1024
154 1184
858 1432
85 1807
149 1250
986 1827
258 1504
208 1686
993 1339
420 1159
241 1358
905 1852
778 1031
751 1980
438 1139
23 1794
328 1281
753 1543
148 1666
324 1997
250 1716
369 1509
391 1858
364 1200
369 1860
340 1078
703 1298
156 1118
319 1930
242 1362
478 1971
163 1417
636 1208
28 1034
133 1026
614 1794
643 1392
407 1848
734 1257
539 1195
787 1296
711 1017
500 1293
826 1925
565 1562
32 1311
91 1472
212 1417
905 1325
4 1313
175 1288
105 1063
153 1270
949 1136
624 1079
931 1128
619 1899
391 1383
516 1729
52 1286
532 1437
466 1393
919 1206
642 1784
123 1427
148 1129
109 1055
579 1360
980 1071
913 1996
50 1892
701 1586
968 1103
723 1208
202 1787
575 1611
204 1381
649 1017
907 1778
879 1767
547 1805
720 1181
146 1520
882 1234
936 1884
513 1844
450 1316
477 1656
908 1374
954 1055
564 1652
908 1471
238 1520
648 1266
769 1492
427 1990
272 1706
659 1961
864 1974
545 1226
505 1221
569 1669
312 1903
359 1046
187 1624
170 1054
19 1446
767 1708
880 1349
385 1779
903 1517
422 1436
307 1084
24 1263
947 1897
823 1826
678 1326
758 1273
978 1444
509 1108
981 1017
456 1516
56 1203
534 1362
612 1175
725 1782
486 1428
637 1485
135 1611
971 1488
767 1195
750 1303
713 1619
498 1471
101 1220
51 1111
891 1529
848 1806
350 1912
975 1533
746 1108
178 1854
884 1005
575 1665
2 1274
761 1376
875 1139
605 1527
681 1911
446 1602
643 1498
371 1291
495 1789
108 1774
538 1676
485 1080
918 1297
350 1377
606 1663
133 1812
33 1772
744 1268
302 1594
930 1635
906 1052
644 1503
388 1468
328 2000
328 1507
784 1919
45 1929
800 1762
810 1782
759 1544
874 1078
795 1896
876 1587
643 1154
703 1451
395 1993
742 1473
77 1087
653 1365
432 1902
335 1457
194 1041
570 1045
333 1733
488 1670
584 1383
360 1923
282 1467
850 1797
595 1617
767 1165
897 1286
116 1064
789 1582
895 1506
311 1438
124 1920
631 1010
297 1632
727 1431
838 1329
577 1555
983 1341
792 1412
598 1172
411 1575
866 1258
471 1844
647 1162
102 1144
138 1659
363 1491
692 1597
176 1421
453 1862
226 1386
79 1076
925 1684
473 1999
729 1753
285 1645
491 1304
437 1932
44 1735
128 1103
80 1639
347 1489
208 1848
584 1557
232 1298
987 1252
947 1576
414 1425
415 1939
200 1680
565 1694
310 1952
973 1225
7 1970
59 1616
185 1668
42 1097
512 1169
677 1574
500 1773
60 1131
544 1760
423 1359
464 1524
894 1046
670 1051
558 1144
362 1597
818 1518
28 1702
242 1669
366 1198
366 1754
734 1962
13 1386
582 1480
748 1262
205 1483
606 1816
9 1964
277 1396
492 1216
911 1866
587 1301
605 1383
554 1780
435 1573
117 1246
165 1678
853 1672
540 1384
992 1661
269 1224
319 1189
412 1268
618 1801
749 1524
865 1414
326 1126
825 1826
584 1645
733 1690
361 1353
745 1571
747 1894
118 1528
872 1842
128 1288
923 1137
318 1004
933 1648
33 1700
107 1809
918 1061
310 1503
970 1577
972 1199
206 1586
102 1445
732 1142
989 1020
557 1253
625 1806
778 1761
278 1499
515 1470
615 1318
387 1873
414 1150
385 1724
529 1725
300 1992
157 1298
778 1313
164 1709
780 1414
315 1424
504 1006
854 1807
611 1036
869 1532
679 1314
347 1212
906 1424
475 1614
98 1615
680 1601
785 1709
753 1227
304 1147
532 1875
472 1123
385 1501
182 1080
716 1989
187 1416
699 1299
830 1068
811 1738
575 1274
400 1529
805 1886
276 1527
210 1890
773 1403
431 1444
588 1928
10 1135
575 1770
187 1628
547 1702
504 1750
554 1858
350 1967
695 1406
681 1392
34 1003
683 1523
151 1786
731 1656
618 1854
503 1687
759 1547
215 1169
383 1408
655 1527
578 1468
177 1302
812 1932
688 1336
958 1049
559 1558
56 1438
807 1855
261 1852
655 1573
309 1384
384 1980
720 1751
985 1672
449 1426
452 1471
158 1257
595 1007
682 1997
853 1227
445 1866
891 1357
376 1176
973 1579
458 1942
389 1396
56 1963
574 1436
250 1625
911 1579
714 1658
907 1108
300 1133
193 1060
725 1632
869 1497
346 1662
624 1025
763 1724
233 1477
142 1478
847 1810
151 1723
616 1748
795 1092
877 1476
500 1670
974 1583
326 1129
420 1659
11 1979
396 1548
940 1263
608 1863
119 1177
142 1875
166 1322
41 1961
228 1130
77 1188
607 1457
997 1841
56 1443
363 1826
488 1777
395 1974
107 1067
572 1756
495 1181
789 1084
862 1169
605 1984
860 1545
930 1593
793 1876
984 1577
645 1757
850 1181
960 1804
712 1114
630 1579
623 1908
704 1066
475 1198
580 1458
46 1118
656 1288
818 1124
212 1115
395 1560
508 1597
429 1980
609 1663
480 1408
664 1482
527 1554
275 1791
830 1360
834 1548
610 1453
909 1613
782 1592
563 1995
627 1281
722 1625
528 1676
278 1338
157 1689
37 1577
905 1333
469 1444
510 1352
611 1514
726 1190
533 1900
273 1116
148 1230
647 1773
128 1039
80 1225
143 1058
24 1661
223 1303
400 1358
87 1998
1000 1886
387 1877
150 1365
328 1372
396 1164
964 1899
551 1130
754 1372
768 1044
330 1166
28 1249
761 1158
761 1194
500 1969
361 1269
350 1259
188 1979
593 1097
36 1156
155 1645
233 1047
527 1970
527 1474
589 1356
314 1136
570 1986
196 1006
837 1785
830 1843
429 1209
78 1381
812 1921
932 1913
654 1116
662 1668
487 1618
969 1536
941 1168
264 1996
854 1931
644 1225
162 1113
812 1740
739 1672
469 1517
733 1113
289 1447
370 1839
273 1489
71 1136
33 1038
621 1280
202 1424
691 1099
560 1490
475 1228
607 1625
797 1969
671 1705
380 1527
294 1586
459 1171
264 1500
151 1657
844 1829
271 1939
216 1070
264 1920
468 1903
506 1426
587 1394
131 1093
577 1023
644 1957
273 1362
215 1166
165 1943
458 1285
936 1755
141 1808
828 1265
579 1051
35 1590
905 1572
786 1443
145 1639
169 1148
341 1020
707 1165
675 1178
84 1085
924 1242
753 1825
357 1236
916 1590
39 1504
985 1948
904 1008
742 1834
216 1385
81 1260
165 1975
138 1002
140 1557
986 1378
384 1276
786 1355
333 1637
817 1288
972 1008
819 1294
28 1897
509 1372
758 1045
274 1906
188 1117
357 1545
208 1285
759 1510
56 1675
900 1395
530 1424
854 1782
475 1807
253 1487
763 1387
230 1268
410 1464
774 1784
151 1919
772 1275
482 1942
215 1034
587 1126
639 1867
939 1536
264 1557
700 1462
572 1327
295 1564
224 1194
211 1398
193 1391
362 1969
117 1058
720 1142
505 1202
1 1453
137 1878
511 1016
752 1494
36 1518
970 1404
702 1630
582 1545
804 1408
123 1671
174 1893
52 1219
656 1634
225 1276
260 1626
660 1951
583 1744
115 1260
349 1899
374 1398
529 1975
489 1338
246 1351
759 1714
634 1018
584 1710
174 1729
807 1790
787 1540
324 1252
786 1589
57 1480
187 1193
838 1967
62 1430
952 1307
203 1380
743 1156
979 1280
999 1291
433 1674
383 1790
806 1818
207 1694
146 1944
853 1097
81 1701
612 1766
921 1029
687 1065
161 1565
561 1416
329 1940
413 1103
712 1821
596 1013
882 1173
992 1148
138 1321
112 1135
554 1791
706 1446
332 1708
486 1681
484 1793
169 1822
114 1246
77 1077
876 1132
460 1600
416 1157
950 1477
145 1604
501 1173
912 1872
313 1913
624 1394
15 1378
640 1462
953 1942
90 1807
479 1736
611 1303
549 1711
628 1079
886 1208
71 1230
719 1615
392 1566
327 1093
600 1418
757 1719
891 1224
353 1573
981 1026
751 1170
534 1187
55 1814
77 1383
778 1498
176 1201
249 1022
449 1057
856 1667
655 1653
796 1838
492 1777
539 1112
810 1610
300 1394
1000 1163
992 1543
298 1260
953 1651
895 1206
41 1031
675 1304
994 1196
207 1197
344 1726
729 1559
370 1864
581 1822
820 1756
515 1306
336 1824
272 1632
77 1790
329 1890
655 1858
179 1915
992 1023
723 1383
742 1956
236 1837
240 1839
143 1777
652 1008
807 1140
738 1159
81 1839
968 1762
71 1137
318 1781
403 1654
52 1440
875 1864
37 1841
852 1456
518 1970
425 1793
78 1005
571 1293
788 1085
785 1131
675 1845
447 1963
547 1864
628 1981
429 1265
53 1206
894 1342
419 1282
361 1953
402 1868
671 1825
978 1119
400 1472
266 1055
649 1319
491 1437
228 1398
681 1799
862 1864
127 1027
532 1155
364 1254
485 1651
530 1824
8 1187
506 1659
171 1311
380 1469
613 1027
973 1430
687 1596
346 1043
391 1648
979 1847
994 1376
518 1408
184 1111
836 1635
198 1732
900 1635
406 1699
628 1289
390 1894
523 1049
844 1790
506 1647
98 1851
383 1390
760 1183
366 1090
932 1096
389 1412
239 1813
391 1320
645 1706
530 1598
87 1631
17 1127
97 1839
768 1382
192 1415
960 1134
272 1288
721 1988
399 1584
697 1825
165 1810
777 1511
45 1278
119 1610
566 1223
347 1087
411 1181
854 1848
711 1016
662 1607
598 1419
527 1625
441 1185
400 1878
455 1260
785 1410
796 1204
329 1660
142 1419
524 1599
340 1442
289 1104
440 1104
12 1803
121 1540
911 1432
17 1111
160 1549
103 1760
877 1186
734 1335
622 1856
455 1883
867 1882
325 1413
646 1107
712 1090
120 1105
499 1708
738 1841
934 1527
255 1412
105 1600
422 1857
729 1751
667 1980
254 1956
822 1236
804 1116
373 1966
180 1271
395 1666
925 1386
553 1204
796 1355
306 1168
543 1553
778 1449
110 1089
771 1541
599 1401
738 1014
387 1565
171 1549
903 1929
475 1414
66 1874
656 1263
111 1545
186 1898
45 1516
564 1962
926 1866
233 1231
766 1941
941 1885
699 1689
873 1019
444 1663
105 1139
746 1792
152 1548
788 1167
337 1736
163 1846
911 1919
472 1918
809 1896
254 1059
87 1915
164 1493
110 1084
359 1890
667 1835
778 1793
975 1726
824 1110
222 1420
688 1496
878 1916
320 1708
463 1772
488 1558
770 1620
703 1525
124 1612
477 1370
734 1918
78 1302
365 1496
196 1500
249 1169
427 1399
101 1347
223 1845
10 1394
236 1740
20 1805
279 1478
602 1031
159 1749
321 1199
148 1204
44 1690
331 1421
571 1592
183 1506
121 1584
629 1098
463 1582
220 1890
86 1936
713 1144
962 1198
305 1654
577 1593
876 1490
18 1494
774 1944
117 1010
575 1987
802 1146
664 1038
470 1779
327 1333
773 1037
638 1028
902 1491
831 1365
908 1618
395 1212
725 1114
256 1039
890 1682
10 1209
188 1523
90 1410
413 1444
888 1254
940 1297
850 1058
313 1668
495 1880
108 1552
19 1998
620 1305
609 1795
498 1546
409 1690
628 1859
487 1449
77 1969
647 1557
338 1650
83 1570
581 1719
257 1170
606 1695
294 1336
782 1721
268 1243
318 1796
619 1377
274 1252
607 1873
636 1820
657 1109
521 1991
597 1551
999 1340
812 1472
171 1452
809 1971
80 1866
524 1426
253 1734
847 1933
786 1645
664 1706
309 1367
958 1735
793 1377
512 1876
646 1824
723 1733
338 1589
560 1123
793 1563
537 1303
723 1122
900 1946
471 1489
925 1629
817 1517
919 1122
56 1005
60 1120
421 1505
193 1909
877 1428
91 1261
791 1200
62 1817
882 1166
9 1803
445 1297
936 1711
445 1438
793 1146
246 1795
743 1317
86 1420
885 1010
599 1156
399 1472
68 1995
914 1784
161 1887
414 1796
227 1733
184 1935
776 1813
688 1890
24 1573
119 1169
49 1354
582 1576
808 1081
581 1401
855 1480
665 1054
139 1259
301 1377
11 1279
421 1019
680 1051
544 1250
587 1006
477 1901
634 1130
125 1249
700 1284
536 1906
277 1787
666 1504
69 1512
955 1610
160 1266
401 1687
902 1756
682 1452
572 1176
242 1081
192 1292
325 1461
110 1010
472 1887
677 1498
836 1623
490 1098
520 1777
592 1830
343 1948
5 1538
74 1314
335 1567
58 1650
308 1540
263 1051
608 1071
685 1341
527 1023
290 1974
235 1608
742 1621
470 1683
719 1996
340 1090
962 1230
433 1657
865 1656
693 1732
735 1211
377 1528
792 1429
929 1458
582 1090
237 1819
688 1867
564 1795
33 1386
71 1519
838 1401
533 1040
55 1389
63 1168
446 1240
733 1072
494 1139
2 1037
405 1528
673 1403
937 1736
775 1838
366 1310
563 1577
518 1056
782 1688
697 1475
58 1181
280 1346
106 1608
879 1017
719 1556
59 1489
524 1251
927 1920
115 1305
311 1107
210 1896
672 1432
132 1585
363 1522
540 1204
319 1104
368 1748
548 1797
599 1117
701 1585
712 1569
628 1468
385 1687
828 1215
345 1143
251 1657
556 1212
270 1466
405 1559
438 1970
172 1329
9 1327
591 1488
363 1226
936 1644
543 1567
533 1080
427 1776
949 1726
714 1977
676 1978
281 1090
223 1865
627 1846
863 1752
918 1990
857 1106
400 1316
771 1595
685 1351
799 1446
353 1158
893 1938
178 1236
342 1304
145 1783
573 1975
517 1815
802 1412
781 1345
627 1842
82 1055
891 1527
190 1112
502 1268
845 1850
702 1846
109 1689
776 1864
537 1785
678 1102
620 1324
81 1554
621 1895
340 1165
914 2000
209 1457
872 1036
698 1240
663 1323
844 1413
886 1166
74 1145
743 1720
6 1839
376 1648
284 1086
19 1115
252 1112
149 1242
268 1747
75 1811
222 1821
325 1752
683 1836
973 1405
453 1586
118 1137
598 1319
706 1541
760 1311
608 1544
901 1638
793 1110
490 1042
950 1522
219 1928
395 1271
156 1200
665 1799
116 1629
957 1693
960 1586
667 1922
13 1328
816 1656
283 1892
190 1986
943 1001
739 1154
468 1989
451 1023
768 1735
697 1114
380 1231
821 1857
973 1036
162 1965
343 1994
679 1473
729 1366
872 1223
64 1693
574 1783
79 1751
581 1156
866 1316
201 1482
87 1774
263 1174
973 1372
123 2000
524 1908
610 1129
984 1795
284 1661
376 1572
440 1426
420 1018
7 1618
956 1941
495 1600
714 1009
352 1507
480 1221
370 1422
141 1327
256 1245
658 1341
666 1045
370 1898
572 1523
617 1561
506 1716
529 1042
95 1101
460 1770
264 1719
59 1714
138 1776
882 1949
728 1089
767 1613
657 1142
274 1764
494 1063
355 1620
713 1250
35 1582
652 1584
767 1388
689 1359
675 1222
286 1644
763 1160
411 1869
844 1275
753 1146
408 1489
97 1615
269 1336
304 1684
126 1405
955 1811
158 1847
557 1829
150 1216
695 1557
687 1270
356 1847
214 1289
713 1521
507 1926
112 1415
871 1748
402 1803
80 1566
508 1796
80 1098
791 1520
759 1412
390 1367
576 1905
984 1185
473 1330
932 1791
107 1151
601 1861
938 1778
352 1976
317 1239
390 1965
172 1452
264 1924
8 1933
757 1254
446 1035
607 1026
266 1748
724 1949
190 1421
391 1404
741 1234
643 1953
14 1415
182 1042
484 1118
692 1190
801 1154
991 1491
376 1012
511 1758
607 1860
480 1657
402 1971
758 1364
583 1046
651 1268
73 1786
442 1549
119 1255
805 1919
942 1947
978 1512
638 1083
314 1098
143 1916
124 1314
783 1247
155 1801
138 1879
967 1521
577 1263
81 1582
944 1567
564 1515
247 1876
598 1372
645 1437
934 1530
335 1857
416 1345
963 1960
228 1357
2 1839
932 1591
130 1034
944 1730
905 1553
591 1305
366 1612
916 1591
559 1619
311 1998
511 1476
697 1510
959 1858
70 1294
545 1352
593 1729
152 1227
514 1521
221 1579
852 1127
243 1716
806 1422
707 1106
964 1426
742 1482
745 1706
912 1317
247 1853
345 1880
846 1517
665 1658
135 1267
44 1494
853 1619
662 1236
990 1247
786 1173
878 1784
34 1460
351 1183
441 1120
426 1075
320 1724
28 1370
930 1539
933 1382
301 1154
238 1324
14 1832
34 1544
761 1919
598 1344
30 1469
369 1764
781 1767
452 1804
695 1068
749 1980
559 1629
78 1441
562 1284
101 1066
24 1345
922 1580
298 1116
517 1964
477 1094
742 1876
962 1050
543 1357
827 1564
546 1601
776 1837
947 1542
597 1285
522 1228
658 1274
381 1016
345 1472
653 1927
864 1705
394 1248
541 1649
241 1196
386 1658
109 1357
378 1776
89 1127
689 1363
496 1175
459 1447
946 1836
348 1619
245 1128
464 1689
375 1935
469 1300
701 1963
747 1940
138 1385
569 1050
820 1993
306 1150
213 1192
454 1116
239 1318
319 1443
944 1301
235 1964
209 1461
657 1472
278 1215
670 1476
650 1503
842 1370
55 1114
213 1598
92 1599
7 1777
430 1964
737 1678
680 1486
504 1106
964 1168
636 1513
788 1620
395 1601
225 1536
652 1573
412 1199
390 1252
87 1630
81 1046
493 1493
973 1206
536 1097
76 1650
579 1547
6 1935
434 1799
662 1890
326 1044
95 1157
211 1266
857 1401
60 1421
947 1163
981 1818
23 1069
164 1745
541 1046
21 1518
409 1075
171 1167
290 1671
419 1601
538 1866
630 1459
307 1841
499 1898
663 1561
820 1292
993 1093
700 1810
587 1365
177 1523
514 1996
659 1231
906 1533
650 1095
531 1708
983 1063
208 1341
767 1557
219 1548
890 1083
196 1389
412 1444
189 1828
872 1988
45 1022
919 1689
220 1108
207 1945
948 1641
583 1654
147 1510
847 1776
162 1646
504 1754
330 1425
939 1053
905 1759
470 1533
971 1806
972 1210
721 1068
156 1684
390 1815
330 1055
680 1113
81 1560
259 1889
813 1602
526 1369
95 1035
23 1417
565 1383
862 1642
873 1145
455 1169
938 1205
646 1473
737 1431
329 1711
196 1960
618 1912
610 1258
457 1395
431 1730
525 1513
522 1376
584 1010
883 1101
133 1798
512 1794
835 1304
180 1086
379 1581
165 1796
145 1698
374 1881
503 1787
223 1570
887 1502
278 1901
560 1566
903 1279
482 1065
463 1406
284 1121
936 1154
652 1313
632 1342
816 1601
879 1158
88 1513
919 1596
440 1292
690 1016
387 1270
828 1618
602 1216
849 1550
717 1835
780 1231
892 1751
906 1601
846 1167
355 1593
824 1279
555 1705
382 1290
831 1318
707 1706
510 1768
12 1045
50 1330
610 1491
109 1241
491 1804
524 1978
915 1410
432 1939
94 1847
501 1032
476 1398
260 1428
739 1548
995 1557
775 1263
850 1328
502 1670
926 1911
259 1798
140 1925
889 1612
835 1918
512 1965
991 1190
308 1173
990 1799
969 1682
626 1870
622 1075
660 1369
931 1527
344 1791
739 1083
644 1063
169 1729
785 1367
323 1805
796 1572
767 1978
489 1203
819 1210
724 1358
429 1820
211 1573
558 1350
876 1055
132 1888
981 1484
286 1828
106 1896
867 1772
954 1932
256 1284
98 1974
572 1219
577 1396
773 1009
112 1881
549 1201
705 1592
182 1889
647 1375
58 1174
620 1599
562 1455
832 1739
831 1700
16 1794
484 1558
569 1585
164 1189
851 1013
287 1678
819 1937
674 1313
973 1544
742 1996
743 1680
897 1435
643 1930
902 1579
126 1526
497 1194
469 1693
727 1246
939 1212
362 1382
273 1329
576 1413
266 1761
335 1053
474 1553
685 1275
834 1368
