2000 4000 1000
1001 1002
1002 1003
1003 1004
1004 1005
1005 1006
1006 1007
1007 1008
1008 1009
1009 1010
1010 1011
1011 1012
1012 1013
1013 1014
1014 1015
1015 1016
1016 1017
1017 1018
1018 1019
1019 1020
1020 1021
1021 1022
1022 1023
1023 1024
1024 1025
1025 1026
1026 1027
1027 1028
1028 1029
1029 1030
1030 1031
1031 1032
1032 1033
1033 1034
1034 1035
1035 1036
1036 1037
1037 1038
1038 1039
1039 1040
1040 1041
1041 1042
1042 1043
1043 1044
1044 1045
1045 1046
1046 1047
1047 1048
1048 1049
1049 1050
1050 1051
1051 1052
1052 1053
1053 1054
1054 1055
1055 1056
1056 1057
1057 1058
1058 1059
1059 1060
1060 1061
1061 1062
1062 1063
1063 1064
1064 1065
1065 1066
1066 1067
1068 1069
1069 1070
1070 1071
1071 1072
1072 1073
1073 1074
1074 1075
1075 1076
1076 1077
1077 1078
1078 1079
1079 1080
1080 1081
1081 1082
1082 1083
1083 1084
1084 1085
1085 1086
1086 1087
1087 1088
1088 1089
1089 1090
1090 1091
1091 1092
1092 1093
1093 1094
1094 1095
1095 1096
1096 1097
1097 1098
1098 1099
1099 1100
1100 1101
1101 1102
1102 1103
1103 1104
1104 1105
1105 1106
1106 1107
1107 1108
1108 1109
1109 1110
1110 1111
1111 1112
1112 1113
1113 1114
1114 1115
1115 1116
1116 1117
1117 1118
1118 1119
1119 1120
1120 1121
1121 1122
1122 1123
1123 1124
1124 1125
1125 1126
1126 1127
1127 1128
1128 1129
1129 1130
1130 1131
1131 1132
1132 1133
1133 1134
1134 1135
1135 1136
1136 1137
1137 1138
1138 1139
1139 1140
1140 1141
1141 1142
1142 1143
1143 1144
1144 1145
1145 1146
1146 1147
1147 1148
1148 1149
1149 1150
1150 1151
1151 1152
1152 1153
1153 1154
1154 1155
1155 1156
1156 1157
1157 1158
1158 1159
1159 1160
1160 1161
1161 1162
1162 1163
1163 1164
1164 1165
1165 1166
1166 1167
1167 1168
1168 1169
1169 1170
1170 1171
1171 1172
1172 1173
1173 1174
1174 1175
1175 1176
1176 1177
1177 1178
1178 1179
1179 1180
1180 1181
1181 1182
1182 1183
1183 1184
1184 1185
1185 1186
1186 1187
1187 1188
1188 1189
1189 1190
1190 1191
1191 1192
1192 1193
1193 1194
1194 1195
1195 1196
1196 1197
1197 1198
1198 1199
1199 1200
1200 1201
1201 1202
1202 1203
1203 1204
1204 1205
1205 1206
1206 1207
1207 1208
1208 1209
1209 1210
1210 1211
1211 1212
1212 1213
1213 1214
1214 1215
1216 1217
1217 1218
1218 1219
1219 1220
1220 1221
1221 1222
1222 1223
1223 1224
1224 1225
1225 1226
1226 1227
1227 1228
1228 1229
1229 1230
1231 1232
1232 1233
1233 1234
1234 1235
1235 1236
1236 1237
1237 1238
1238 1239
1239 1240
1240 1241
1241 1242
1242 1243
1243 1244
1244 1245
1245 1246
1246 1247
1247 1248
1248 1249
1249 1250
1250 1251
1251 1252
1252 1253
1253 1254
1254 1255
1255 1256
1256 1257
1257 1258
1258 1259
1259 1260
1260 1261
1261 1262
1262 1263
1263 1264
1264 1265
1265 1266
1266 1267
1267 1268
1268 1269
1269 1270
1270 1271
1271 1272
1272 1273
1273 1274
1274 1275
1275 1276
1276 1277
1277 1278
1278 1279
1279 1280
1280 1281
1281 1282
1282 1283
1283 1284
1284 1285
1285 1286
1286 1287
1287 1288
1288 1289
1289 1290
1290 1291
1291 1292
1292 1293
1293 1294
1294 1295
1295 1296
1296 1297
1297 1298
1298 1299
1299 1300
1300 1301
1301 1302
1302 1303
1303 1304
1304 1305
1305 1306
1306 1307
1307 1308
1308 1309
1309 1310
1310 1311
1311 1312
1312 1313
1313 1314
1314 1315
1315 1316
1316 1317
1317 1318
1318 1319
1319 1320
1320 1321
1321 1322
1322 1323
1323 1324
1324 1325
1325 1326
1326 1327
1327 1328
1328 1329
1329 1330
1330 1331
1331 1332
1332 1333
1333 1334
1334 1335
1335 1336
1336 1337
1337 1338
1338 1339
1339 1340
1340 1341
1341 1342
1342 1343
1343 1344
1344 1345
1345 1346
1346 1347
1347 1348
1348 1349
1349 1350
1350 1351
1351 1352
1352 1353
1353 1354
1354 1355
1355 1356
1356 1357
1357 1358
1358 1359
1359 1360
1360 1361
1361 1362
1362 1363
1363 1364
1364 1365
1365 1366
1366 1367
1367 1368
1368 1369
1369 1370
1370 1371
1371 1372
1372 1373
1373 1374
1374 1375
1375 1376
1376 1377
1377 1378
1378 1379
1379 1380
1380 1381
1381 1382
1382 1383
1383 1384
1384 1385
1385 1386
1386 1387
1387 1388
1388 1389
1389 1390
1390 1391
1391 1392
1392 1393
1393 1394
1394 1395
1395 1396
1396 1397
1397 1398
1398 1399
1399 1400
1400 1401
1401 1402
1402 1403
1403 1404
1404 1405
1405 1406
1406 1407
1407 1408
1408 1409
1409 1410
1410 1411
1411 1412
1412 1413
1413 1414
1414 1415
1415 1416
1416 1417
1417 1418
1418 1419
1419 1420
1420 1421
1421 1422
1422 1423
1423 1424
1424 1425
1425 1426
1426 1427
1427 1428
1428 1429
1429 1430
1430 1431
1431 1432
1432 1433
1433 1434
1434 1435
1435 1436
1436 1437
1437 1438
1438 1439
1439 1440
1440 1441
1441 1442
1442 1443
1443 1444
1446 1447
1447 1448
1448 1449
1449 1450
1450 1451
1451 1452
1452 1453
1453 1454
1454 1455
1455 1456
1456 1457
1457 1458
1458 1459
1459 1460
1460 1461
1461 1462
1462 1463
1463 1464
1464 1465
1465 1466
1466 1467
1467 1468
1468 1469
1469 1470
1470 1471
1471 1472
1472 1473
1473 1474
1474 1475
1475 1476
1476 1477
1477 1478
1478 1479
1479 1480
1480 1481
1481 1482
1482 1483
1483 1484
1484 1485
1485 1486
1486 1487
1487 1488
1488 1489
1489 1490
1490 1491
1491 1492
1492 1493
1493 1494
1494 1495
1495 1496
1496 1497
1497 1498
1498 1499
1499 1500
1500 1501
1501 1502
1502 1503
1503 1504
1504 1505
1505 1506
1506 1507
1507 1508
1508 1509
1509 1510
1510 1511
1511 1512
1512 1513
1513 1514
1514 1515
1515 1516
1516 1517
1517 1518
1518 1519
1519 1520
1520 1521
1521 1522
1522 1523
1523 1524
1524 1525
1525 1526
1526 1527
1527 1528
1528 1529
1529 1530
1530 1531
1531 1532
1532 1533
1534 1535
1535 1536
1536 1537
1537 1538
1538 1539
1539 1540
1540 1541
1541 1542
1542 1543
1543 1544
1544 1545
1545 1546
1546 1547
1547 1548
1548 1549
1549 1550
1550 1551
1551 1552
1552 1553
1553 1554
1554 1555
1555 1556
1556 1557
1557 1558
1558 1559
1559 1560
1560 1561
1561 1562
1562 1563
1563 1564
1564 1565
1565 1566
1566 1567
1567 1568
1568 1569
1569 1570
1570 1571
1571 1572
1572 1573
1573 1574
1574 1575
1575 1576
1576 1577
1577 1578
1578 1579
1579 1580
1580 1581
1581 1582
1582 1583
1583 1584
1584 1585
1585 1586
1586 1587
1587 1588
1588 1589
1589 1590
1590 1591
1591 1592
1592 1593
1593 1594
1594 1595
1595 1596
1596 1597
1597 1598
1598 1599
1599 1600
1600 1601
1601 1602
1602 1603
1603 1604
1604 1605
1605 1606
1606 1607
1607 1608
1608 1609
1609 1610
1610 1611
1611 1612
1612 1613
1613 1614
1614 1615
1615 1616
1616 1617
1617 1618
1618 1619
1619 1620
1620 1621
1621 1622
1622 1623
1623 1624
1624 1625
1625 1626
1626 1627
1627 1628
1628 1629
1629 1630
1630 1631
1631 1632
1632 1633
1633 1634
1634 1635
1635 1636
1636 1637
1637 1638
1638 1639
1639 1640
1640 1641
1641 1642
1642 1643
1643 1644
1644 1645
1645 1646
1646 1647
1647 1648
1648 1649
1649 1650
1650 1651
1651 1652
1652 1653
1653 1654
1654 1655
1655 1656
1656 1657
1657 1658
1658 1659
1659 1660
1660 1661
1661 1662
1662 1663
1663 1664
1664 1665
1665 1666
1666 1667
1667 1668
1668 1669
1669 1670
1670 1671
1671 1672
1672 1673
1673 1674
1674 1675
1675 1676
1676 1677
1677 1678
1678 1679
1679 1680
1680 1681
1681 1682
1682 1683
1683 1684
1684 1685
1685 1686
1686 1687
1687 1688
1688 1689
1689 1690
1690 1691
1691 1692
1692 1693
1693 1694
1694 1695
1695 1696
1696 1697
1697 1698
1698 1699
1699 1700
1701 1702
1702 1703
1703 1704
1704 1705
1705 1706
1706 1707
1707 1708
1708 1709
1709 1710
1710 1711
1711 1712
1712 1713
1713 1714
1714 1715
1715 1716
1716 1717
1717 1718
1718 1719
1719 1720
1720 1721
1721 1722
1722 1723
1723 1724
1724 1725
1725 1726
1726 1727
1727 1728
1728 1729
1729 1730
1730 1731
1731 1732
1732 1733
1733 1734
1734 1735
1735 1736
1736 1737
1737 1738
1738 1739
1739 1740
1740 1741
1741 1742
1742 1743
1743 1744
1744 1745
1745 1746
1746 1747
1747 1748
1748 1749
1749 1750
1750 1751
1751 1752
1752 1753
1753 1754
1754 1755
1755 1756
1756 1757
1757 1758
1758 1759
1759 1760
1760 1761
1761 1762
1762 1763
1763 1764
1764 1765
1765 1766
1766 1767
1767 1768
1768 1769
1769 1770
1770 1771
1771 1772
1772 1773
1773 1774
1774 1775
1775 1776
1776 1777
1777 1778
1778 1779
1779 1780
1780 1781
1781 1782
1782 1783
1783 1784
1784 1785
1785 1786
1786 1787
1787 1788
1788 1789
1789 1790
1790 1791
1791 1792
1792 1793
1793 1794
1794 1795
1795 1796
1796 1797
1797 1798
1798 1799
1799 1800
1800 1801
1801 1802
1802 1803
1803 1804
1804 1805
1805 1806
1806 1807
1807 1808
1808 1809
1809 1810
1810 1811
1811 1812
1812 1813
1813 1814
1814 1815
1815 1816
1816 1817
1817 1818
1818 1819
1819 1820
1820 1821
1821 1822
1822 1823
1823 1824
1824 1825
1825 1826
1826 1827
1827 1828
1828 1829
1829 1830
1830 1831
1831 1832
1832 1833
1833 1834
1834 1835
1835 1836
1836 1837
1837 1838
1838 1839
1839 1840
1840 1841
1841 1842
1842 1843
1843 1844
1844 1845
1845 1846
1846 1847
1847 1848
1848 1849
1849 1850
1850 1851
1851 1852
1852 1853
1853 1854
1854 1855
1855 1856
1857 1858
1858 1859
1859 1860
1860 1861
1861 1862
1862 1863
1863 1864
1864 1865
1865 1866
1866 1867
1867 1868
1869 1870
1870 1871
1871 1872
1872 1873
1873 1874
1874 1875
1875 1876
1876 1877
1877 1878
1878 1879
1879 1880
1880 1881
1881 1882
1882 1883
1883 1884
1884 1885
1885 1886
1886 1887
1887 1888
1888 1889
1889 1890
1890 1891
1891 1892
1892 1893
1893 1894
1894 1895
1895 1896
1896 1897
1897 1898
1898 1899
1899 1900
1900 1901
1901 1902
1902 1903
1903 1904
1904 1905
1905 1906
1906 1907
1907 1908
1908 1909
1909 1910
1910 1911
1911 1912
1912 1913
1913 1914
1914 1915
1915 1916
1916 1917
1917 1918
1918 1919
1919 1920
1920 1921
1921 1922
1922 1923
1923 1924
1924 1925
1925 1926
1926 1927
1927 1928
1928 1929
1929 1930
1930 1931
1931 1932
1932 1933
1933 1934
1934 1935
1935 1936
1936 1937
1937 1938
1938 1939
1939 1940
1940 1941
1941 1942
1942 1943
1943 1944
1944 1945
1945 1946
1946 1947
1947 1948
1948 1949
1949 1950
1950 1951
1951 1952
1952 1953
1953 1954
1954 1955
1955 1956
1956 1957
1957 1958
1958 1959
1959 1960
1960 1961
1961 1962
1962 1963
1963 1964
1964 1965
1965 1966
1966 1967
1967 1968
1968 1969
1969 1970
1970 1971
1971 1972
1972 1973
1973 1974
1974 1975
1975 1976
1976 1977
1977 1978
1978 1979
1979 1980
1980 1981
1981 1982
1982 1983
1983 1984
1984 1985
1985 1986
1986 1987
1987 1988
1988 1989
1989 1990
1990 1991
1991 1992
1992 1993
1993 1994
1994 1995
1995 1996
1996 1997
1997 1998
1998 1999
1999 2000
1 1856
1 1444
1 1700
1 1445
1 1067
1 1868
1 1230
1 1533
1 1215
1 2000
2 1170
3 1794
4 1871
5 1630
6 1720
7 1122
8 1322
9 1620
10 1826
11 1848
12 1250
13 1119
14 1386
15 1936
16 1507
17 1124
18 1195
19 1593
20 1537
21 1796
22 1574
23 1183
24 1522
25 1620
26 1796
27 1197
28 1473
29 1288
30 1398
31 1801
32 1029
33 1997
34 1286
35 1690
36 1548
37 1480
38 1520
39 1174
40 1008
41 1679
42 1722
43 1808
44 1055
45 1238
46 1558
47 1270
48 1625
49 1504
50 1021
51 1655
52 1824
53 1306
54 1347
55 1072
56 1490
57 1175
58 1664
59 1903
60 1973
61 1764
62 1138
63 1422
64 1485
65 1823
66 1136
67 1162
68 1595
69 1273
70 1168
71 1007
72 1462
73 1064
74 1538
75 1313
76 1817
77 1266
78 1378
79 1279
80 1485
81 1824
82 1393
83 1219
84 1977
85 1191
86 1857
87 1545
88 1763
89 1869
90 1562
91 1310
92 1072
93 1223
94 1701
95 1129
96 1796
97 1727
98 1242
99 1285
100 1762
101 1294
102 1062
103 1498
104 1181
105 1187
106 1668
107 1349
108 1947
109 1299
110 1492
111 1788
112 1448
113 1933
114 1873
115 1222
116 1470
117 1069
118 1944
119 1367
120 1951
121 1826
122 1095
123 1161
124 1694
125 1289
126 1497
127 1433
128 1235
129 1528
130 1589
131 1264
132 1698
133 1804
134 1229
135 1340
136 1333
137 1054
138 1577
139 1979
140 1252
141 1074
142 1614
143 1261
144 1997
145 1147
146 1242
147 1211
148 1931
149 1360
150 1246
151 1628
152 1179
153 1368
154 1999
155 1473
156 1528
157 1844
158 1561
159 1352
160 1450
161 1949
162 1867
163 1520
164 1657
165 1709
166 1822
167 1170
168 1383
169 1014
170 1549
171 1413
172 1825
173 1719
174 1394
175 1959
176 1983
177 1799
178 1166
179 1314
180 1091
181 1634
182 1892
183 1383
184 1052
185 1951
186 1163
187 1951
188 1468
189 1274
190 1346
191 1954
192 1531
193 1055
194 1782
195 1220
196 1519
197 1694
198 1591
199 1819
200 1798
201 1935
202 1926
203 1592
204 1167
205 1790
206 1675
207 1752
208 1975
209 1580
210 1912
211 1649
212 1222
213 1658
214 1186
215 1940
216 1557
217 1817
218 1230
219 1184
220 1196
221 1398
222 1006
223 1339
224 1955
225 1046
226 1901
227 1928
228 1679
229 1405
230 1830
231 1685
232 1325
233 1935
234 1915
235 1276
236 1759
237 1145
238 1507
239 1510
240 1772
241 1593
242 1606
243 1506
244 1691
245 1285
246 1687
247 1406
248 1335
249 1098
250 1237
251 1432
252 1502
253 1505
254 1776
255 1270
256 1374
257 1206
258 1316
259 1247
260 1966
261 1294
262 1980
263 1133
264 1926
265 1775
266 1092
267 1670
268 1396
269 1523
270 1454
271 1506
272 1251
273 1553
274 1783
275 1923
276 1375
277 1747
278 1928
279 1347
280 1904
281 1704
282 1981
283 1766
284 1006
285 1867
286 1958
287 1029
288 1920
289 1380
290 1852
291 1615
292 1862
293 1025
294 1753
295 1020
296 1055
297 1369
298 1672
299 1447
300 1720
301 1726
302 1951
303 1444
304 1222
305 1663
306 1101
307 1675
308 1311
309 1342
310 1531
311 1657
312 1482
313 1658
314 1540
315 1627
316 1945
317 1824
318 1715
319 1840
320 1158
321 1797
322 1077
323 1309
324 1576
325 1146
326 1378
327 1792
328 1241
329 1184
330 1744
331 1415
332 1698
333 1224
334 1748
335 1563
336 1865
337 1465
338 1452
339 1180
340 1514
341 1424
342 1661
343 1493
344 1447
345 1951
346 1776
347 1083
348 1826
349 1247
350 1094
351 1694
352 1549
353 1317
354 1234
355 1125
356 1958
357 1474
358 1054
359 1309
360 1717
361 1139
362 1334
363 1907
364 1600
365 1814
366 1801
367 1552
368 1003
369 1623
370 1811
371 1396
372 1503
373 1564
374 1438
375 1391
376 1817
377 1791
378 1516
379 1438
380 1237
381 1513
382 1336
383 1378
384 1608
385 1550
386 1323
387 1482
388 1470
389 1451
390 1693
391 1934
392 1942
393 1202
394 1335
395 1335
396 1055
397 1503
398 1292
399 1934
400 1195
401 1765
402 1101
403 1861
404 1805
405 1681
406 1044
407 1443
408 1450
409 1815
410 1899
411 1954
412 1560
413 1158
414 1230
415 1775
416 1110
417 1538
418 1695
419 1012
420 1414
421 1771
422 1801
423 1765
424 1754
425 1848
426 1317
427 1327
428 1927
429 1952
430 1374
431 1936
432 1596
433 1588
434 1631
435 1490
436 1572
437 1203
438 1824
439 1344
440 1937
441 1288
442 1141
443 1561
444 1764
445 1279
446 1068
447 1779
448 1947
449 1178
450 1842
451 1265
452 1913
453 1028
454 1101
455 1953
456 1029
457 1534
458 1944
459 1392
460 1585
461 1688
462 1326
463 1539
464 1137
465 1888
466 1885
467 1443
468 1838
469 1712
470 1479
471 1170
472 1594
473 1433
474 1732
475 1647
476 1182
477 1404
478 1061
479 1506
480 1338
481 1170
482 1581
483 1263
484 1479
485 1992
486 1846
487 1164
488 1784
489 1035
490 1976
491 1181
492 1703
493 1484
494 1154
495 1773
496 1091
497 1970
498 1336
499 1937
500 1664
501 1742
502 1669
503 1747
504 1410
505 1401
506 1871
507 1471
508 1530
509 1943
510 1279
511 1790
512 1118
513 1220
514 1989
515 1293
516 1174
517 1725
518 1544
519 1231
520 1163
521 1182
522 1265
523 1842
524 1945
525 1007
526 1046
527 1285
528 1648
529 1690
530 1617
531 1984
532 1728
533 1119
534 1421
535 1802
536 1721
537 1227
538 1119
539 1460
540 1230
541 1464
542 1103
543 1844
544 1140
545 1849
546 1283
547 1962
548 1023
549 1835
550 1706
551 1463
552 1015
553 1576
554 1149
555 1874
556 1177
557 1249
558 1106
559 1140
560 1703
561 1451
562 1022
563 1920
564 1854
565 1835
566 1804
567 1282
568 1254
569 1035
570 1483
571 1366
572 1244
573 1217
574 1620
575 1341
576 1694
577 1370
578 1806
579 1814
580 1819
581 1810
582 1317
583 1388
584 1795
585 1298
586 1398
587 1247
588 1266
589 1821
590 1463
591 1336
592 1942
593 1703
594 1592
595 1439
596 1072
597 1364
598 1432
599 1425
600 1814
601 1468
602 1651
603 1834
604 1265
605 1860
606 1906
607 1710
608 1065
609 1803
610 1240
611 1556
612 1836
613 1539
614 1609
615 1976
616 1262
617 1986
618 1704
619 1029
620 1442
621 1580
622 1773
623 1983
624 1936
625 1756
626 1164
627 1157
628 1253
629 1643
630 1003
631 1337
632 1356
633 1277
634 1660
635 1464
636 1876
637 1065
638 1778
639 1147
640 1227
641 1291
642 1824
643 1739
644 1250
645 1829
646 1788
647 1057
648 1728
649 1169
650 1021
651 1472
652 1214
653 1530
654 1577
655 1690
656 1441
657 1911
658 1371
659 1703
660 1549
661 1142
662 1619
663 1194
664 1241
665 1061
666 1168
667 1145
668 1207
669 1385
670 1014
671 1328
672 1200
673 1872
674 1558
675 1739
676 1119
677 1724
678 1500
679 1868
680 1335
681 1469
682 1807
683 1065
684 1160
685 1357
686 1528
687 1529
688 1427
689 1412
690 1712
691 1437
692 1295
693 1093
694 1840
695 1655
696 1910
697 1818
698 1344
699 1851
700 1040
701 1587
702 1110
703 1146
704 1085
705 1936
706 1576
707 1416
708 1150
709 1224
710 1302
711 1011
712 1556
713 1653
714 1964
715 1835
716 1979
717 1315
718 1387
719 1185
720 1573
721 1078
722 1693
723 1474
724 1237
725 1655
726 1289
727 1270
728 1173
729 1114
730 1300
731 1846
732 1899
733 1152
734 1802
735 1065
736 1314
737 1459
738 1656
739 1483
740 1810
741 1697
742 1829
743 1342
744 1893
745 1108
746 1258
747 1326
748 1968
749 1392
750 1780
751 1761
752 1356
753 1463
754 1739
755 1978
756 1039
757 1256
758 1917
759 1723
760 1113
761 1202
762 1590
763 1478
764 1980
765 1918
766 1641
767 1390
768 1147
769 1742
770 1323
771 1650
772 1007
773 1238
774 1941
775 1191
776 1901
777 1123
778 1515
779 1373
780 2000
781 1395
782 1047
783 1107
784 1069
785 1494
786 1704
787 1907
788 1843
789 1358
790 1283
791 1295
792 1141
793 1572
794 1333
795 1932
796 1195
797 1553
798 1381
799 1071
800 1019
801 1653
802 1813
803 1846
804 1192
805 1389
806 1173
807 1164
808 1654
809 1697
810 1526
811 1190
812 1758
813 1307
814 1103
815 1650
816 1692
817 1027
818 1653
819 1337
820 1187
821 1726
822 1396
823 1289
824 1935
825 1153
826 1472
827 1885
828 1283
829 1890
830 1581
831 1933
832 1374
833 1060
834 1745
835 1473
836 1656
837 1974
838 1393
839 1411
840 1542
841 1292
842 1651
843 1608
844 1108
845 1272
846 1405
847 1662
848 1567
849 1659
850 1119
851 1861
852 1115
853 1410
854 1654
855 1370
856 1256
857 1716
858 1366
859 1819
860 1862
861 1147
862 1519
863 1481
864 1045
865 1050
866 1226
867 1946
868 1938
869 1249
870 1487
871 1728
872 1151
873 1936
874 1796
875 1101
876 1636
877 1967
878 1483
879 1810
880 1730
881 1650
882 1302
883 1469
884 1834
885 1837
886 1662
887 1461
888 1119
889 1472
890 1073
891 1384
892 1761
893 1638
894 1370
895 1946
896 1009
897 1683
898 1858
899 1919
900 1193
901 1861
902 1419
903 1287
904 1287
905 1230
906 1637
907 1916
908 1856
909 1673
910 1730
911 1305
912 1652
913 1381
914 1424
915 1088
916 1810
917 1667
918 1899
919 1086
920 1695
921 1626
922 1869
923 1600
924 1241
925 1310
926 1458
927 1475
928 1944
929 1441
930 1515
931 1794
932 1595
933 1891
934 1439
935 1084
936 1679
937 1477
938 1544
939 1916
940 1458
941 1514
942 1866
943 1426
944 1496
945 1865
946 1069
947 1427
948 1763
949 1593
950 1714
951 1114
952 1294
953 1064
954 1434
955 1477
956 1265
957 1405
958 1603
959 1368
960 1027
961 1350
962 1186
963 1795
964 1389
965 1877
966 1215
967 1860
968 1162
969 1966
970 1679
971 1703
972 1109
973 1015
974 1564
975 1560
976 1457
977 1719
978 1742
979 1143
980 1163
981 1185
982 1459
983 1145
984 1802
985 1940
986 1126
987 1807
988 1431
989 1420
990 1618
991 1313
992 1971
993 1169
994 1172
995 1686
996 1417
997 1896
998 1020
999 1025
1000 1012
124 1626
279 1755
282 1781
546 1600
985 1243
924 1123
892 1642
191 1231
501 1520
859 1793
610 1833
575 1523
98 1412
650 1088
931 1034
818 1603
338 1772
578 1215
285 1293
61 1449
209 1569
699 1606
124 1046
778 1413
999 1811
290 1391
713 1030
523 1596
351 1575
67 1361
742 1513
637 1696
601 1991
603 1528
362 1977
527 1370
738 1854
983 1698
371 1200
774 1190
683 1782
813 1738
781 1829
303 1666
289 1570
507 1761
779 1279
191 1744
751 1670
830 1377
114 1765
56 1489
386 1705
352 1516
33 1288
993 1027
943 2000
484 1604
819 1249
549 1329
901 1781
389 1452
682 1305
538 1426
334 1773
365 1929
480 1667
387 1084
72 1831
444 1523
124 1160
452 1969
408 1918
109 1769
165 1497
815 1044
337 1207
690 1525
818 1870
931 1693
57 1373
73 1520
129 1209
407 1804
934 1869
256 1419
4 1700
268 1777
422 1956
985 1813
705 1485
153 1690
25 1087
157 1426
9 1865
757 1096
644 1149
929 1069
935 1736
520 1784
355 1129
598 1878
42 1763
948 1994
243 1130
145 1063
354 1429
764 1077
10 1523
444 1495
287 1420
441 1320
586 1642
49 1429
28 1792
908 1176
186 1172
324 1898
281 1604
859 1659
691 1702
536 1194
998 1565
353 1406
48 1923
539 1597
190 1472
298 1817
539 1832
787 1291
181 1622
536 1351
903 1134
415 1515
513 1447
745 1515
753 1636
597 1307
634 1887
344 1197
530 1945
907 1520
127 1309
924 1949
806 1114
856 1013
867 1390
482 1392
936 1027
276 1549
920 1142
953 1030
455 1428
532 1885
947 1740
966 1437
898 1859
255 1699
590 1203
819 1380
65 1325
521 1065
845 1637
398 1986
185 1193
557 1220
104 1739
516 1956
83 1006
134 1056
581 1044
579 1987
177 1706
633 1781
430 1264
446 1431
65 1247
918 1946
656 1024
971 1151
394 1165
814 1086
620 1483
602 1875
838 1428
711 1581
520 1525
617 1855
669 1331
134 1762
471 1116
368 1317
687 1597
584 1632
164 1443
963 1418
8 1390
20 1064
398 1195
733 1100
909 1897
903 1659
256 1797
611 1904
418 1907
803 1664
651 1571
166 1368
60 1586
414 1769
3 1918
493 1774
732 1605
467 1337
893 1247
16 1312
747 1628
852 1543
708 1762
855 1461
322 1443
1000 1322
604 1377
490 1535
821 1739
728 1048
281 1233
239 1433
827 1939
961 1082
237 1205
519 1459
78 1063
234 1130
827 1709
675 1513
66 1885
662 1126
488 1543
163 1967
631 1283
697 1582
370 1455
301 1113
346 1455
257 1318
631 1389
490 1464
665 1502
175 1253
3 1412
119 1280
914 1438
314 1587
314 1413
507 1639
734 1959
358 1511
868 1177
56 1810
20 1836
598 1047
416 1229
633 1062
763 1959
396 1264
828 1361
288 1989
925 1708
803 1899
337 1087
57 1121
648 1529
615 1887
842 1274
980 1318
671 1694
269 1819
868 1049
890 1119
285 1322
101 1735
427 1392
324 1927
545 1687
166 1730
946 1687
503 1130
609 1971
881 1281
818 1197
315 1080
435 1891
329 1405
709 1773
802 1087
916 1727
146 1270
623 1298
668 1271
322 1117
718 1641
915 1117
787 1542
633 1033
495 1942
340 1606
664 1968
444 1281
792 1721
213 1549
644 1066
980 1216
118 1902
895 1998
436 1033
393 1754
256 1227
170 1821
482 1244
360 1372
569 1801
150 1293
661 1619
303 1905
119 1173
675 1458
140 1544
755 1159
531 1475
650 1603
302 1905
934 1707
864 1279
756 1077
660 1327
823 1648
765 1133
224 1825
977 1947
811 1372
897 1184
932 1100
35 1137
581 1434
892 1114
170 1435
661 1734
608 1257
952 1465
635 1281
416 1865
283 1147
250 1668
391 1588
198 1996
309 1709
798 1362
183 1288
865 1647
851 1874
652 1452
780 1134
445 1034
179 1914
662 1793
840 1438
227 1162
503 1490
284 1849
172 1505
672 1171
353 1670
336 1820
304 1511
236 1886
996 1796
897 1798
118 1202
938 1521
498 1026
220 1171
37 1035
160 1010
959 1939
808 1671
98 1079
107 1637
256 1355
132 1872
276 1123
698 1053
520 1050
865 1811
142 1157
718 1896
465 1359
322 1847
752 1480
442 1307
548 1247
534 1576
927 1878
991 1329
623 1183
403 1884
712 1671
241 1512
103 1738
21 1552
270 1422
526 1879
145 1221
995 1401
902 1481
159 1518
700 1729
850 1757
945 1799
248 1227
374 1180
144 1243
395 1524
530 1787
641 1527
303 1310
803 1974
992 1226
690 1871
90 1782
498 1599
105 1274
61 1776
981 1954
988 1081
875 1795
212 1718
967 1490
829 1891
389 1059
493 1320
561 1153
474 1052
263 1519
126 1401
203 1013
143 1564
261 1834
276 1299
161 1430
324 1778
215 1720
230 1067
372 1834
326 1552
845 1419
141 1327
773 1869
667 1888
234 1827
609 1038
819 1247
944 1080
617 1279
49 1188
533 1798
508 1038
716 1901
456 1849
200 1896
900 1856
950 1703
321 1907
483 1739
353 1972
623 1484
746 1652
300 1139
139 1794
631 1124
909 1826
534 1920
18 1150
232 1426
828 1328
437 1906
346 1474
39 1918
723 2000
335 1727
881 1630
642 1874
55 1854
248 1742
948 1963
109 1537
7 1144
435 1172
654 1646
941 1067
840 1133
721 1133
876 1410
495 1759
768 1185
920 1743
667 1883
555 1652
803 1861
18 1341
806 1397
223 1034
855 1828
850 1271
631 1650
911 1312
201 1399
74 1890
852 1184
463 1462
207 1174
324 1489
638 1411
271 1750
190 1477
114 1452
12 1650
259 1237
480 1138
600 1015
373 1099
504 1422
394 1567
255 1410
185 1479
999 1336
677 1555
605 1452
623 1541
905 1339
154 1774
726 1829
82 1520
802 1083
559 1719
786 1700
936 1208
985 1334
997 1102
994 1857
648 1147
475 1041
883 1018
816 1642
979 1103
974 1713
923 1741
111 1311
241 1985
573 1667
51 1447
776 1809
119 1752
555 1730
885 1987
438 1623
605 1197
972 1199
633 1983
185 1341
664 1996
835 1726
21 1265
184 1549
327 1627
191 1793
148 1771
133 1098
924 1098
895 1183
943 1247
69 1792
875 1925
789 1902
381 1571
669 1794
550 1121
106 1117
405 1637
761 1007
438 1320
92 1745
610 1125
371 1053
861 1961
929 1389
951 1984
37 1295
102 1109
749 1402
700 1346
133 1162
389 1197
865 1738
490 1358
702 1824
354 1070
218 1312
971 1115
507 1823
122 1904
365 1883
986 1358
410 1973
868 1494
639 1025
440 1740
110 1367
443 1648
321 1134
511 1727
814 1102
996 1271
95 1929
172 1523
436 1311
247 1583
548 1454
129 1747
47 1720
285 1368
524 1162
663 1970
438 1057
681 1916
595 1087
379 1564
241 1424
135 1515
91 1927
123 1867
381 1618
216 1975
221 1248
578 1033
847 1141
277 1416
463 1756
148 1348
415 1495
25 1893
113 1157
757 1731
298 1194
147 1970
884 1066
576 1780
541 1840
10 1543
553 1070
203 1977
903 1312
637 1960
786 1609
969 1248
702 1378
267 1476
711 1986
631 1908
201 1445
115 1118
1 1672
762 1981
968 1861
510 1027
228 1113
891 1572
955 1428
697 1406
25 1329
470 1472
712 1223
716 1015
50 1398
110 1573
777 1550
964 1327
832 1519
50 1092
893 1236
2 1159
146 1538
256 1521
904 1820
153 1920
304 1433
632 1774
746 1066
348 1130
710 1731
605 1575
528 1890
136 1371
265 1864
93 1589
396 1557
309 1496
735 1253
123 1899
613 1319
980 1184
30 1816
969 1602
905 1218
750 1638
943 1097
294 1745
567 1810
124 1955
726 1277
277 1963
242 1047
473 1360
112 1199
678 1153
47 1302
529 1184
682 1983
480 1593
87 1619
359 1264
376 1365
362 1778
352 1907
359 1011
262 1259
398 1370
377 1654
274 1849
649 1882
23 1249
981 1171
765 1281
228 1332
941 1489
828 1925
173 1368
850 1887
618 1052
997 1894
8 1584
837 1104
577 1648
571 1420
921 1367
409 1730
974 1632
976 1114
84 1837
831 1409
198 1256
145 1161
153 1743
381 1489
539 1202
151 1778
673 1176
737 1851
246 1535
245 1045
808 1810
38 1746
845 1071
414 1430
447 1898
461 1479
110 1802
477 1052
110 1974
49 1224
263 1307
654 1014
297 1453
302 1174
206 1042
623 1046
487 1913
696 1231
297 1472
532 1426
107 1281
268 1007
587 1871
75 1937
102 1265
617 1784
683 1432
978 1479
501 1798
97 1268
601 1180
324 1101
909 1115
754 1466
893 1503
809 1265
750 1449
909 1847
841 1494
985 1411
195 1429
266 1708
28 1122
678 1700
382 1737
720 1494
590 1004
932 1936
800 1909
294 1789
239 1451
14 1358
420 1565
379 1077
422 1375
13 1145
855 1821
696 1985
248 1442
943 1279
623 1136
711 1227
896 1040
625 1567
239 1658
60 1633
601 1076
487 1143
50 1725
904 1367
971 1212
936 1274
740 1528
595 1654
825 1752
470 1017
884 1038
577 1032
201 1501
595 1547
276 1224
120 1907
86 1477
228 1654
906 1190
275 1890
652 1484
413 1221
389 1089
247 1473
237 1942
491 1297
285 1733
733 1740
597 1028
935 1131
984 1397
845 1628
173 1424
123 1487
235 1882
718 1540
683 1491
689 1119
544 1009
161 1240
279 1944
191 1558
396 1570
37 1210
377 1692
267 1075
886 1680
635 1298
317 1598
654 1076
379 1169
957 1059
991 1581
900 1531
341 1821
375 1679
440 1281
866 1683
970 1896
187 1545
843 1889
988 1221
624 1909
355 1236
743 1636
113 1583
816 1998
403 1973
95 1909
795 1949
469 1825
269 1439
901 1486
447 1222
74 1022
787 1588
83 1865
772 1495
662 1106
981 1728
488 1492
349 1046
722 1388
281 1716
12 1625
272 1508
416 1490
230 1464
323 1430
704 1603
964 1952
732 1381
634 1041
501 1168
235 1294
930 1756
638 1476
990 1102
729 1772
304 1728
415 1548
77 1311
125 1741
678 1906
68 1019
830 1179
70 1816
964 1766
913 1522
654 1570
313 1833
898 1373
629 1644
965 1964
178 1384
404 1544
97 1822
718 1432
669 1201
952 1634
592 1072
945 1674
944 1198
5 1780
250 1685
594 1020
430 1673
980 1936
888 1364
632 1490
425 1180
600 1186
682 1185
346 1579
344 1300
475 1848
802 1533
819 1924
331 1968
138 1802
565 1127
695 1355
598 1848
97 1579
677 1157
53 1163
526 1942
609 1284
542 1124
205 1494
385 1427
351 1956
837 1149
126 1554
452 1114
778 1041
619 1006
399 1424
187 1078
717 1504
841 1119
852 1205
189 1409
495 1329
688 1839
6 1670
915 1871
149 1798
721 1264
906 1801
743 1759
423 1914
643 1586
400 1134
920 1024
97 1272
207 1483
525 1145
401 1554
309 1824
57 1627
584 1128
91 1911
411 1068
481 1868
170 1735
789 1191
233 1306
194 1357
866 1089
173 1456
661 1853
926 1563
39 1638
411 1607
378 1746
511 1946
263 1171
883 1436
656 1778
951 1108
230 1923
849 1574
657 1240
956 1435
866 1276
743 1156
572 1763
740 1903
305 1486
106 1999
716 1868
317 1019
40 1383
215 1027
50 1453
564 1571
171 1526
975 1021
910 1710
49 1532
84 1458
755 1842
427 1169
111 1328
905 1959
425 1273
394 1151
364 1934
273 1798
687 1118
706 1391
183 1540
987 1168
795 1191
537 1928
224 1617
145 1557
599 1562
484 1448
644 1903
674 1955
151 1218
530 1303
378 1843
766 1536
449 1456
243 1542
381 1305
166 1967
326 1079
314 1415
524 1600
615 1072
172 1631
41 1286
663 1155
883 1983
393 1892
210 1355
756 1956
391 1623
851 1017
1000 1420
39 1605
503 1574
108 1574
141 1763
597 1824
750 1410
654 1406
553 1319
426 1871
137 1452
556 1071
69 1405
9 1781
742 1725
474 1849
215 1990
196 1707
707 1953
68 1879
770 1738
229 1081
307 1139
912 1494
362 1727
268 1970
862 1089
953 1042
188 1950
59 1242
252 1085
560 1949
392 1873
612 1647
742 1348
776 1368
252 1661
961 1255
277 1727
449 1817
253 1244
778 1884
479 1368
669 1182
857 1001
245 1107
611 1988
554 1677
461 1792
324 1305
526 1109
124 1129
624 1104
718 1080
676 1081
748 1457
455 1268
284 1108
437 1356
189 1751
250 1323
185 1873
123 1108
227 1926
768 1634
69 1699
960 1395
809 1081
58 1794
964 1707
179 1006
706 1240
351 1365
304 1043
452 1896
924 1089
634 1258
731 1375
971 1488
532 1553
590 1094
68 1351
385 1169
484 1753
120 1740
674 1447
39 1086
118 1723
611 1437
258 1658
209 1484
466 1712
798 1557
191 1787
443 1397
265 1936
811 1257
419 1243
26 1395
66 1574
701 1251
897 1432
923 1188
408 1300
167 1101
1000 1123
28 1298
717 1091
787 1863
370 1212
972 1408
831 1737
921 1748
682 1251
521 1274
890 1631
31 1045
748 1364
236 1415
559 1772
976 1391
958 1339
914 1901
108 1197
640 1659
985 1623
260 1913
973 1298
721 1229
559 1983
929 1751
189 1901
734 1658
310 1935
405 1442
402 1142
292 1010
623 1348
591 1118
199 1622
73 1377
760 1797
804 1244
562 1576
930 1372
534 1480
388 1909
181 1954
377 1751
934 1134
646 1469
461 1107
215 1815
899 1363
759 1241
800 1214
445 1667
673 1592
879 1541
103 1542
157 1339
552 1008
232 1334
214 1588
320 1312
264 1704
895 1489
105 1864
561 1561
467 1123
715 1485
214 1475
812 1140
268 1307
972 1770
119 1995
648 1779
499 1241
659 1985
951 1835
861 1817
734 1989
798 1711
155 1446
960 1238
26 1940
644 1664
594 1386
868 1458
602 1499
216 1805
463 1013
258 1674
253 1653
530 1061
916 1284
140 1958
809 1301
917 1271
967 1911
273 1752
386 1002
232 1278
266 1429
603 1482
322 1309
409 1351
112 1373
306 1530
723 1030
55 1914
892 1906
952 1099
756 1992
950 1662
685 1735
122 1416
113 1640
36 1980
368 1578
30 1856
224 1666
870 1626
337 1933
279 1947
737 1841
114 1809
537 1505
940 1494
934 1222
352 1200
433 1683
289 1769
938 1458
916 1287
424 1187
236 1270
866 1659
726 1131
423 1460
53 1348
405 1456
164 1981
457 1095
534 1775
999 1500
586 1572
562 1715
466 1588
869 1955
441 1435
227 1794
465 1169
480 1703
573 1742
921 1197
412 1090
646 1094
946 1695
803 1625
619 1311
244 1898
587 1450
920 1324
171 1813
847 1675
770 1320
981 1847
810 1824
952 1858
409 1838
190 1717
306 1479
251 1875
215 1886
751 1415
371 1302
120 1621
361 1990
821 1917
869 1960
358 1209
504 1689
407 1439
218 1454
258 1851
945 1004
175 1988
773 1047
104 1627
232 1168
128 1037
434 1318
99 1184
816 1526
275 1583
556 1804
664 1065
671 1725
829 1745
840 1503
82 1210
597 1287
328 1272
665 1373
816 1627
50 1494
578 1008
152 1550
553 1736
5 1440
363 1105
77 1118
763 1482
134 1745
15 1951
891 1109
221 1341
702 1106
292 1057
870 1088
573 1284
860 1380
150 1973
939 1467
894 1660
847 1590
686 1499
350 1956
641 1792
413 1973
696 1410
696 1006
978 1644
686 1921
863 1764
415 1790
884 1640
512 1088
320 1495
791 1219
68 1243
747 1560
499 1134
314 1475
20 1606
374 1520
592 1563
468 1034
904 1199
994 1087
452 1485
736 1445
912 1093
664 1073
83 1908
328 1875
445 1123
316 1416
438 1337
478 1883
73 1975
434 1575
563 1155
776 1707
155 1287
128 1361
685 1444
327 1696
252 1681
701 1195
229 1819
252 1879
224 1364
736 1294
387 1605
629 1684
273 1331
389 1473
174 1914
949 1152
121 1364
532 1806
625 1282
954 1397
999 1367
660 1397
307 1271
780 1202
752 1832
206 1064
918 1363
947 1949
311 1556
868 1794
515 1736
828 1317
121 1653
918 1408
876 1096
686 1679
769 1003
566 1298
902 1475
990 1298
326 1175
715 1049
101 1451
719 1572
379 1371
72 1927
213 1393
428 1826
319 1952
78 1861
916 1458
869 1573
627 1062
541 1213
5 1712
905 1245
846 1477
549 1108
638 1984
447 1429
93 1607
789 1146
793 1146
34 1956
788 1390
237 1379
112 1074
660 1424
638 1399
291 1479
14 1111
107 1859
379 1538
933 1560
45 1775
914 1601
772 1155
716 1571
668 1502
797 1897
28 1831
887 1815
655 1822
598 1462
799 1282
20 1351
353 1190
489 1101
186 1362
286 1903
458 1854
921 1820
806 1247
947 1457
986 1343
16 1894
652 1771
959 1381
41 1194
16 1803
26 1076
552 1417
23 1617
909 1404
735 1070
455 1322
663 1136
526 1636
881 1517
596 1827
201 1693
499 1409
852 1748
995 1859
974 1566
480 1719
36 1673
673 1732
639 1492
733 1279
64 1237
72 1003
391 1620
735 1307
508 1320
39 1518
230 1395
815 1344
618 1424
584 1318
871 1821
203 1822
474 1666
595 1525
684 1422
904 1942
492 1235
192 1211
423 1506
786 1316
331 1321
861 1151
388 1224
694 1740
577 1336
331 1621
484 1196
265 1726
720 1723
184 1267
142 1883
653 1975
511 1953
679 1079
612 1556
942 1477
1000 1033
649 1024
507 1791
846 1088
451 1331
447 1094
914 1468
12 1473
767 1128
469 1916
174 1101
99 1472
189 1850
847 1588
352 1719
364 1617
360 1960
507 1284
334 1681
287 1750
8 1317
407 1610
823 1047
902 1841
282 1370
697 1886
652 1221
986 1676
15 1924
946 1386
503 1610
132 1038
408 1307
781 1212
929 1146
363 1520
896 1364
646 1575
422 1402
224 1948
331 1793
648 1343
373 1528
855 1741
902 1039
652 1018
942 1715
301 1848
653 1067
516 1362
57 1667
409 1209
258 1811
233 1242
161 1846
587 1696
725 1130
615 1018
646 1850
7 1481
395 1107
790 1115
347 1731
918 1106
475 1817
651 1962
295 1419
662 1154
691 1770
447 1404
668 1235
647 1390
825 1537
181 1248
74 1111
527 1270
488 1732
205 1152
812 1064
73 1596
445 1380
529 1843
921 1609
556 1018
37 1509
612 1482
646 1183
961 1036
978 1205
441 1245
347 1788
749 1281
926 1727
602 1065
130 1121
778 1221
967 1885
531 1411
543 1117
88 1284
830 1617
705 1636
2 1111
343 1366
854 1387
217 1461
63 1677
722 1869
548 1837
181 1064
444 1770
63 1897
677 1306
48 1159
859 1410
694 1022
483 1809
547 1646
969 1455
773 1890
241 1703
724 1721
784 1375
835 1052
888 1921
328 1882
291 1721
134 1106
570 1497
134 1294
313 1392
160 1833
270 1989
261 1509
297 1737
824 1518
202 1289
236 1790
300 1954
369 1699
77 1382
918 1755
196 1502
702 1632
470 1794
16 1415
869 1560
58 1591
39 1763
974 1664
798 1858
60 1623
402 1792
824 1295
542 1727
642 1307
271 1026
316 1677
981 1030
358 1652
874 1897
459 1322
20 1461
360 1455
771 1033
645 1321
925 1813
329 1734
100 1296
368 1532
353 1532
563 1532
942 1658
942 1237
752 1603
101 1386
100 1517
196 1588
759 1928
415 1480
543 1578
134 1687
408 1357
397 1570
425 1086
719 1146
819 1672
87 1412
652 1349
813 1816
904 1559
98 1505
615 1089
89 1506
402 1638
659 1268
781 1920
744 1964
633 1501
304 1434
678 1601
305 1297
475 1537
567 1153
386 1367
751 1606
130 1919
558 1654
515 1282
625 1275
127 1838
236 1362
506 1774
671 1481
405 1385
496 1183
857 1801
928 1206
272 1209
208 1107
392 1851
334 1661
771 1753
995 1664
309 1429
751 1428
415 1406
178 1363
826 1106
540 1356
451 1382
39 1389
213 1543
370 1458
736 1242
707 1233
863 1961
645 1659
404 1225
777 1685
858 1736
501 1897
935 1683
565 1788
38 1639
97 1010
490 1637
727 1215
818 1630
25 1314
861 1811
481 1622
683 1937
499 1990
557 1390
882 1389
480 1878
916 1484
854 1744
138 1845
864 1884
551 1171
856 1747
169 1777
501 1160
67 1020
386 1797
423 1875
765 1446
983 1563
936 1287
445 1502
940 1889
833 1659
85 1710
513 1684
790 1451
586 1347
146 1452
505 1489
39 1045
978 1603
468 1133
925 1462
501 1371
947 1227
922 1701
460 1818
909 1654
765 1909
868 1359
487 1372
684 1990
804 1714
185 1878
102 1379
325 1499
190 1920
747 1996
250 1133
8 1839
834 1029
559 1990
476 1231
377 1389
212 1802
282 1085
587 1667
433 1015
278 1863
811 1554
216 1601
483 1898
479 1498
74 1049
348 1505
790 1075
597 1367
158 1622
508 1176
240 1328
368 1955
636 1308
392 1546
620 1064
476 1437
323 1813
989 1116
637 1049
515 1691
859 1785
610 1462
917 1517
577 1132
421 1005
641 1080
50 1022
227 1380
660 1482
251 1684
687 1424
838 1109
707 1539
615 1053
764 1428
569 1165
563 1764
40 1583
11 1994
621 1747
424 1447
1 1485
237 1456
627 1460
563 1763
771 1540
430 1598
593 1181
380 1402
761 1508
749 1013
936 1181
429 1899
953 1919
919 1650
838 1152
750 1412
63 1820
787 1727
190 1237
827 1630
658 1627
132 1009
927 1510
97 1643
693 1257
209 1303
330 1020
142 1064
41 1531
873 1636
