2000 4000 1000
1001 1002
1002 1003
1003 1004
1004 1005
1006 1007
1007 1008
1008 1009
1009 1010
1011 1012
1012 1013
1013 1014
1014 1015
1016 1017
1017 1018
1018 1019
1019 1020
1021 1022
1022 1023
1023 1024
1024 1025
1026 1027
1027 1028
1028 1029
1029 1030
1031 1032
1032 1033
1033 1034
1034 1035
1036 1037
1037 1038
1038 1039
1039 1040
1041 1042
1042 1043
1043 1044
1044 1045
1046 1047
1047 1048
1048 1049
1049 1050
1051 1052
1052 1053
1053 1054
1054 1055
1056 1057
1057 1058
1058 1059
1059 1060
1061 1062
1062 1063
1063 1064
1064 1065
1066 1067
1067 1068
1068 1069
1069 1070
1071 1072
1072 1073
1073 1074
1074 1075
1076 1077
1077 1078
1078 1079
1079 1080
1081 1082
1082 1083
1083 1084
1084 1085
1086 1087
1087 1088
1088 1089
1089 1090
1091 1092
1092 1093
1093 1094
1094 1095
1096 1097
1097 1098
1098 1099
1099 1100
1101 1102
1102 1103
1103 1104
1104 1105
1106 1107
1107 1108
1108 1109
1109 1110
1111 1112
1112 1113
1113 1114
1114 1115
1116 1117
1117 1118
1118 1119
1119 1120
1121 1122
1122 1123
1123 1124
1124 1125
1126 1127
1127 1128
1128 1129
1129 1130
1131 1132
1132 1133
1133 1134
1134 1135
1136 1137
1137 1138
1138 1139
1139 1140
1141 1142
1142 1143
1143 1144
1144 1145
1146 1147
1147 1148
1148 1149
1149 1150
1151 1152
1152 1153
1153 1154
1154 1155
1156 1157
1157 1158
1158 1159
1159 1160
1161 1162
1162 1163
1163 1164
1164 1165
1166 1167
1167 1168
1168 1169
1169 1170
1171 1172
1172 1173
1173 1174
1174 1175
1176 1177
1177 1178
1178 1179
1179 1180
1181 1182
1182 1183
1183 1184
1184 1185
1186 1187
1187 1188
1188 1189
1189 1190
1191 1192
1192 1193
1193 1194
1194 1195
1196 1197
1197 1198
1198 1199
1199 1200
1201 1202
1202 1203
1203 1204
1204 1205
1206 1207
1207 1208
1208 1209
1209 1210
1211 1212
1212 1213
1213 1214
1214 1215
1216 1217
1217 1218
1218 1219
1219 1220
1221 1222
1222 1223
1223 1224
1224 1225
1226 1227
1227 1228
1228 1229
1229 1230
1231 1232
1232 1233
1233 1234
1234 1235
1236 1237
1237 1238
1238 1239
1239 1240
1241 1242
1242 1243
1243 1244
1244 1245
1246 1247
1247 1248
1248 1249
1249 1250
1251 1252
1252 1253
1253 1254
1254 1255
1256 1257
1257 1258
1258 1259
1259 1260
1261 1262
1262 1263
1263 1264
1264 1265
1266 1267
1267 1268
1268 1269
1269 1270
1271 1272
1272 1273
1273 1274
1274 1275
1276 1277
1277 1278
1278 1279
1279 1280
1281 1282
1282 1283
1283 1284
1284 1285
1286 1287
1287 1288
1288 1289
1289 1290
1291 1292
1292 1293
1293 1294
1294 1295
1296 1297
1297 1298
1298 1299
1299 1300
1301 1302
1302 1303
1303 1304
1304 1305
1306 1307
1307 1308
1308 1309
1309 1310
1311 1312
1312 1313
1313 1314
1314 1315
1316 1317
1317 1318
1318 1319
1319 1320
1321 1322
1322 1323
1323 1324
1324 1325
1326 1327
1327 1328
1328 1329
1329 1330
1331 1332
1332 1333
1333 1334
1334 1335
1336 1337
1337 1338
1338 1339
1339 1340
1341 1342
1342 1343
1343 1344
1344 1345
1346 1347
1347 1348
1348 1349
1349 1350
1351 1352
1352 1353
1353 1354
1354 1355
1356 1357
1357 1358
1358 1359
1359 1360
1361 1362
1362 1363
1363 1364
1364 1365
1366 1367
1367 1368
1368 1369
1369 1370
1371 1372
1372 1373
1373 1374
1374 1375
1376 1377
1377 1378
1378 1379
1379 1380
1381 1382
1382 1383
1383 1384
1384 1385
1386 1387
1387 1388
1388 1389
1389 1390
1391 1392
1392 1393
1393 1394
1394 1395
1396 1397
1397 1398
1398 1399
1399 1400
1401 1402
1402 1403
1403 1404
1404 1405
1406 1407
1407 1408
1408 1409
1409 1410
1411 1412
1412 1413
1413 1414
1414 1415
1416 1417
1417 1418
1418 1419
1419 1420
1421 1422
1422 1423
1423 1424
1424 1425
1426 1427
1427 1428
1428 1429
1429 1430
1431 1432
1432 1433
1433 1434
1434 1435
1436 1437
1437 1438
1438 1439
1439 1440
1441 1442
1442 1443
1443 1444
1444 1445
1446 1447
1447 1448
1448 1449
1449 1450
1451 1452
1452 1453
1453 1454
1454 1455
1456 1457
1457 1458
1458 1459
1459 1460
1461 1462
1462 1463
1463 1464
1464 1465
1466 1467
1467 1468
1468 1469
1469 1470
1471 1472
1472 1473
1473 1474
1474 1475
1476 1477
1477 1478
1478 1479
1479 1480
1481 1482
1482 1483
1483 1484
1484 1485
1486 1487
1487 1488
1488 1489
1489 1490
1491 1492
1492 1493
1493 1494
1494 1495
1496 1497
1497 1498
1498 1499
1499 1500
1501 1502
1502 1503
1503 1504
1504 1505
1506 1507
1507 1508
1508 1509
1509 1510
1511 1512
1512 1513
1513 1514
1514 1515
1516 1517
1517 1518
1518 1519
1519 1520
1521 1522
1522 1523
1523 1524
1524 1525
1526 1527
1527 1528
1528 1529
1529 1530
1531 1532
1532 1533
1533 1534
1534 1535
1536 1537
1537 1538
1538 1539
1539 1540
1541 1542
1542 1543
1543 1544
1544 1545
1546 1547
1547 1548
1548 1549
1549 1550
1551 1552
1552 1553
1553 1554
1554 1555
1556 1557
1557 1558
1558 1559
1559 1560
1561 1562
1562 1563
1563 1564
1564 1565
1566 1567
1567 1568
1568 1569
1569 1570
1571 1572
1572 1573
1573 1574
1574 1575
1576 1577
1577 1578
1578 1579
1579 1580
1581 1582
1582 1583
1583 1584
1584 1585
1586 1587
1587 1588
1588 1589
1589 1590
1591 1592
1592 1593
1593 1594
1594 1595
1596 1597
1597 1598
1598 1599
1599 1600
1601 1602
1602 1603
1603 1604
1604 1605
1606 1607
1607 1608
1608 1609
1609 1610
1611 1612
1612 1613
1613 1614
1614 1615
1616 1617
1617 1618
1618 1619
1619 1620
1621 1622
1622 1623
1623 1624
1624 1625
1626 1627
1627 1628
1628 1629
1629 1630
1631 1632
1632 1633
1633 1634
1634 1635
1636 1637
1637 1638
1638 1639
1639 1640
1641 1642
1642 1643
1643 1644
1644 1645
1646 1647
1647 1648
1648 1649
1649 1650
1651 1652
1652 1653
1653 1654
1654 1655
1656 1657
1657 1658
1658 1659
1659 1660
1661 1662
1662 1663
1663 1664
1664 1665
1666 1667
1667 1668
1668 1669
1669 1670
1671 1672
1672 1673
1673 1674
1674 1675
1676 1677
1677 1678
1678 1679
1679 1680
1681 1682
1682 1683
1683 1684
1684 1685
1686 1687
1687 1688
1688 1689
1689 1690
1691 1692
1692 1693
1693 1694
1694 1695
1696 1697
1697 1698
1698 1699
1699 1700
1701 1702
1702 1703
1703 1704
1704 1705
1706 1707
1707 1708
1708 1709
1709 1710
1711 1712
1712 1713
1713 1714
1714 1715
1716 1717
1717 1718
1718 1719
1719 1720
1721 1722
1722 1723
1723 1724
1724 1725
1726 1727
1727 1728
1728 1729
1729 1730
1731 1732
1732 1733
1733 1734
1734 1735
1736 1737
1737 1738
1738 1739
1739 1740
1741 1742
1742 1743
1743 1744
1744 1745
1746 1747
1747 1748
1748 1749
1749 1750
1751 1752
1752 1753
1753 1754
1754 1755
1756 1757
1757 1758
1758 1759
1759 1760
1761 1762
1762 1763
1763 1764
1764 1765
1766 1767
1767 1768
1768 1769
1769 1770
1771 1772
1772 1773
1773 1774
1774 1775
1776 1777
1777 1778
1778 1779
1779 1780
1781 1782
1782 1783
1783 1784
1784 1785
1786 1787
1787 1788
1788 1789
1789 1790
1791 1792
1792 1793
1793 1794
1794 1795
1796 1797
1797 1798
1798 1799
1799 1800
1801 1802
1802 1803
1803 1804
1804 1805
1806 1807
1807 1808
1808 1809
1809 1810
1811 1812
1812 1813
1813 1814
1814 1815
1816 1817
1817 1818
1818 1819
1819 1820
1821 1822
1822 1823
1823 1824
1824 1825
1826 1827
1827 1828
1828 1829
1829 1830
1831 1832
1832 1833
1833 1834
1834 1835
1836 1837
1837 1838
1838 1839
1839 1840
1841 1842
1842 1843
1843 1844
1844 1845
1846 1847
1847 1848
1848 1849
1849 1850
1851 1852
1852 1853
1853 1854
1854 1855
1856 1857
1857 1858
1858 1859
1859 1860
1861 1862
1862 1863
1863 1864
1864 1865
1866 1867
1867 1868
1868 1869
1869 1870
1871 1872
1872 1873
1873 1874
1874 1875
1876 1877
1877 1878
1878 1879
1879 1880
1881 1882
1882 1883
1883 1884
1884 1885
1886 1887
1887 1888
1888 1889
1889 1890
1891 1892
1892 1893
1893 1894
1894 1895
1896 1897
1897 1898
1898 1899
1899 1900
1901 1902
1902 1903
1903 1904
1904 1905
1906 1907
1907 1908
1908 1909
1909 1910
1911 1912
1912 1913
1913 1914
1914 1915
1916 1917
1917 1918
1918 1919
1919 1920
1921 1922
1922 1923
1923 1924
1924 1925
1926 1927
1927 1928
1928 1929
1929 1930
1931 1932
1932 1933
1933 1934
1934 1935
1936 1937
1937 1938
1938 1939
1939 1940
1941 1942
1942 1943
1943 1944
1944 1945
1946 1947
1947 1948
1948 1949
1949 1950
1951 1952
1952 1953
1953 1954
1954 1955
1956 1957
1957 1958
1958 1959
1959 1960
1961 1962
1962 1963
1963 1964
1964 1965
1966 1967
1967 1968
1968 1969
1969 1970
1971 1972
1972 1973
1973 1974
1974 1975
1976 1977
1977 1978
1978 1979
1979 1980
1981 1982
1982 1983
1983 1984
1984 1985
1986 1987
1987 1988
1988 1989
1989 1990
1991 1992
1992 1993
1993 1994
1994 1995
1996 1997
1997 1998
1998 1999
1999 2000
1 1025
1 1540
1 1030
1 1545
1 1035
1 1550
1 1040
1 1555
1 1045
1 1560
1 1050
1 1565
1 1055
1 1570
1 1060
1 1575
1 1065
1 1580
1 1070
1 1585
1 1075
1 1590
1 1080
1 1595
1 1085
1 1600
1 1090
1 1605
1 1095
1 1610
1 1100
1 1615
1 1105
1 1620
1 1110
1 1625
1 1115
1 1630
1 1120
1 1635
1 1125
1 1640
1 1130
1 1645
1 1135
1 1650
1 1140
1 1655
1 1145
1 1660
1 1150
1 1665
1 1155
1 1670
1 1160
1 1675
1 1165
1 1680
1 1170
1 1685
1 1175
1 1690
1 1180
1 1695
1 1185
1 1700
1 1190
1 1705
1 1195
1 1710
1 1200
1 1715
1 1205
1 1720
1 1210
1 1725
1 1215
1 1730
1 1220
1 1735
1 1225
1 1740
1 1230
1 1745
1 1235
1 1750
1 1240
1 1755
1 1245
1 1760
1 1250
1 1765
1 1255
1 1770
1 1260
1 1775
1 1265
1 1780
1 1270
1 1785
1 1275
1 1790
1 1280
1 1795
1 1285
1 1800
1 1290
1 1805
1 1295
1 1810
1 1300
1 1815
1 1305
1 1820
1 1310
1 1825
1 1315
1 1830
1 1320
1 1835
1 1325
1 1840
1 1330
1 1845
1 1335
1 1850
1 1340
1 1855
1 1345
1 1860
1 1350
1 1865
1 1355
1 1870
1 1360
1 1875
1 1365
1 1880
1 1370
1 1885
1 1375
1 1890
1 1380
1 1895
1 1385
1 1900
1 1390
1 1905
1 1395
1 1910
1 1400
1 1915
1 1405
1 1920
1 1410
1 1925
1 1415
1 1930
1 1420
1 1935
1 1425
1 1940
1 1430
1 1945
1 1435
1 1950
1 1440
1 1955
1 1445
1 1960
1 1450
1 1965
1 1455
1 1970
1 1460
1 1975
1 1465
1 1980
1 1470
1 1985
1 1475
1 1990
1 1480
1 1995
1 1485
1 1490
1 1495
1 1500
1 1505
1 1510
1 1515
1 1005
1 1520
1 1010
1 1525
1 1015
1 1530
1 1020
1 1535
1 2000
2 1914
3 1359
4 1189
5 1547
6 1753
7 1750
8 1610
9 1372
10 1032
11 1278
12 1276
13 1245
14 1626
15 1748
16 1253
17 1042
18 1170
19 1368
20 1610
21 1990
22 1007
23 1465
24 1751
25 1385
26 1561
27 1153
28 1458
29 1722
30 1460
31 1561
32 1666
33 1608
34 1910
35 1994
36 1021
37 1827
38 1202
39 1222
40 1432
41 1303
42 1443
43 1291
44 1233
45 1540
46 1853
47 1741
48 1567
49 1562
50 1788
51 1818
52 1733
53 1405
54 1530
55 1023
56 1476
57 1647
58 1194
59 1551
60 1546
61 1530
62 1931
63 1665
64 1720
65 1607
66 1662
67 1736
68 1219
69 1966
70 1540
71 1170
72 1743
73 1678
74 1046
75 1297
76 1515
77 1658
78 1643
79 1801
80 1939
81 1371
82 1562
83 1723
84 1674
85 1739
86 1133
87 1995
88 1400
89 1032
90 1339
91 1882
92 1545
93 1934
94 1433
95 1894
96 1980
97 1822
98 1905
99 1459
100 1706
101 1874
102 1706
103 1416
104 1875
105 1082
106 1349
107 1152
108 1475
109 1214
110 1636
111 1766
112 1916
113 1321
114 1018
115 1036
116 1843
117 1044
118 1424
119 1489
120 1255
121 1296
122 1952
123 1741
124 1419
125 1540
126 1163
127 1495
128 1173
129 1285
130 1255
131 1100
132 1525
133 1623
134 1203
135 1741
136 1592
137 1138
138 1828
139 1260
140 1231
141 1946
142 1196
143 1134
144 1495
145 1119
146 1663
147 1510
148 1977
149 1769
150 1148
151 1445
152 1427
153 1624
154 1921
155 1954
156 1671
157 1424
158 1691
159 1180
160 1777
161 1983
162 1067
163 1584
164 1299
165 1863
166 1743
167 1898
168 1486
169 1256
170 1774
171 1942
172 1431
173 1489
174 1130
175 1413
176 1169
177 1866
178 1202
179 1497
180 1130
181 1131
182 1893
183 1132
184 1179
185 1103
186 1908
187 1097
188 1256
189 1083
190 1706
191 1524
192 1838
193 1043
194 1203
195 1887
196 1778
197 1753
198 1122
199 1398
200 1758
201 1042
202 1859
203 1205
204 1734
205 1152
206 1488
207 1531
208 1189
209 1805
210 1692
211 1265
212 1822
213 1038
214 1885
215 1900
216 1788
217 1183
218 1209
219 1110
220 1579
221 1952
222 1485
223 1263
224 1223
225 1115
226 1130
227 1296
228 1390
229 1889
230 1365
231 1402
232 1812
233 1853
234 1310
235 1821
236 1690
237 1984
238 1570
239 1166
240 1473
241 1943
242 1711
243 1976
244 1306
245 1987
246 1052
247 1266
248 1024
249 1108
250 1167
251 1015
252 1014
253 1472
254 1588
255 1851
256 1070
257 1844
258 1280
259 1427
260 1833
261 1964
262 1523
263 1588
264 1655
265 1186
266 1933
267 1093
268 1497
269 1996
270 1932
271 1452
272 1698
273 1421
274 1850
275 1750
276 1343
277 1471
278 1473
279 1125
280 1205
281 1504
282 1191
283 1039
284 1613
285 1923
286 1317
287 1058
288 1155
289 1686
290 1188
291 1218
292 1560
293 1697
294 1396
295 1805
296 1436
297 1808
298 1150
299 1726
300 1026
301 1621
302 1027
303 1083
304 1459
305 1726
306 1743
307 1524
308 1274
309 1494
310 1269
311 1657
312 1620
313 1661
314 1366
315 1174
316 1643
317 1421
318 1403
319 1700
320 1283
321 1404
322 1913
323 1969
324 1271
325 1145
326 1062
327 1505
328 1118
329 1415
330 1900
331 1580
332 1017
333 1933
334 1588
335 1138
336 1054
337 1264
338 1259
339 1934
340 1488
341 1826
342 1029
343 1677
344 1663
345 1056
346 1403
347 1678
348 1648
349 1815
350 1389
351 1812
352 1925
353 1458
354 1854
355 1309
356 1015
357 1026
358 1222
359 1926
360 1447
361 1985
362 1924
363 1453
364 1338
365 1165
366 1179
367 1232
368 1796
369 1808
370 1968
371 1429
372 1503
373 1661
374 1040
375 1688
376 1824
377 1874
378 1781
379 1004
380 1353
381 1193
382 1462
383 1743
384 1674
385 1442
386 1175
387 1398
388 1639
389 1270
390 1575
391 1590
392 1969
393 1670
394 1377
395 1848
396 1263
397 1310
398 1482
399 1120
400 1899
401 1833
402 1300
403 1521
404 1198
405 1778
406 1849
407 1817
408 1373
409 1742
410 1506
411 1100
412 1021
413 1955
414 1940
415 1611
416 1747
417 1457
418 1637
419 1368
420 1149
421 1489
422 1277
423 1194
424 1670
425 1048
426 1656
427 1309
428 1474
429 1233
430 1717
431 1130
432 1846
433 1152
434 1778
435 1645
436 1673
437 1813
438 1567
439 1451
440 1983
441 1171
442 1423
443 1386
444 1860
445 1981
446 1700
447 1073
448 1593
449 1406
450 1754
451 1317
452 1873
453 1824
454 1919
455 1905
456 1034
457 1128
458 1596
459 1354
460 1745
461 1088
462 1318
463 1625
464 1316
465 1423
466 1900
467 1661
468 1204
469 1405
470 1779
471 1222
472 1752
473 1388
474 1019
475 1710
476 1833
477 1387
478 1033
479 1295
480 1485
481 1434
482 1875
483 1077
484 1491
485 1019
486 1303
487 1429
488 1031
489 1447
490 1411
491 1207
492 1643
493 1805
494 1302
495 1524
496 1579
497 1325
498 1334
499 1478
500 1331
501 1991
502 1103
503 1574
504 1154
505 1424
506 1514
507 1922
508 1459
509 1486
510 1848
511 1939
512 1134
513 1190
514 1849
515 1170
516 1430
517 1668
518 1840
519 1005
520 1466
521 1998
522 1244
523 1864
524 1614
525 1309
526 1817
527 1076
528 1254
529 1089
530 1204
531 1416
532 1641
533 1112
534 1584
535 1372
536 1288
537 1345
538 1512
539 1722
540 1048
541 1285
542 1367
543 1548
544 1091
545 1346
546 1720
547 1967
548 1763
549 1232
550 1640
551 1338
552 1832
553 1629
554 1880
555 1344
556 1943
557 1205
558 1750
559 1479
560 1633
561 1027
562 1115
563 1941
564 1201
565 1840
566 1157
567 1727
568 1058
569 1251
570 1522
571 1781
572 1705
573 1934
574 1789
575 1469
576 1611
577 1976
578 1908
579 1785
580 1574
581 1972
582 1912
583 1554
584 1071
585 1498
586 1824
587 1751
588 1383
589 1817
590 1996
591 1939
592 1896
593 1513
594 1454
595 1591
596 1111
597 1081
598 1834
599 1424
600 1231
601 1290
602 1905
603 1705
604 1221
605 1929
606 1520
607 1660
608 1651
609 1822
610 1981
611 1346
612 1415
613 1126
614 1341
615 1410
616 1756
617 1634
618 1456
619 1597
620 1530
621 1942
622 1291
623 1340
624 1266
625 1395
626 1179
627 1584
628 1819
629 1753
630 1610
631 1612
632 1371
633 1640
634 1805
635 1352
636 1648
637 1436
638 1995
639 1108
640 1737
641 1240
642 1345
643 1623
644 1644
645 1354
646 1583
647 1643
648 1330
649 1408
650 1854
651 1109
652 1332
653 1098
654 1362
655 1216
656 1386
657 1240
658 1345
659 1609
660 1585
661 1706
662 1314
663 1844
664 1638
665 1428
666 1925
667 1407
668 1030
669 1950
670 1323
671 1263
672 1098
673 1900
674 1793
675 1982
676 1015
677 1241
678 1945
679 1843
680 1690
681 1015
682 1392
683 1124
684 1291
685 1965
686 1157
687 1800
688 1052
689 1247
690 1955
691 1028
692 1214
693 1324
694 1766
695 1112
696 1984
697 1151
698 1969
699 1181
700 1650
701 1107
702 1682
703 1732
704 1345
705 1784
706 1284
707 1424
708 1709
709 1075
710 1439
711 1081
712 1081
713 1967
714 1937
715 1473
716 1534
717 1938
718 1004
719 1888
720 1708
721 1031
722 1514
723 1435
724 1633
725 1454
726 1295
727 1548
728 1207
729 1982
730 1601
731 1694
732 1045
733 1067
734 1858
735 1656
736 1314
737 1292
738 1929
739 1632
740 1801
741 1093
742 1388
743 1688
744 1954
745 1327
746 1211
747 1803
748 1075
749 1410
750 1470
751 1568
752 1468
753 1883
754 1378
755 1761
756 1724
757 1657
758 1834
759 1499
760 1204
761 1146
762 1930
763 1956
764 1953
765 1337
766 1238
767 1589
768 1803
769 1211
770 1306
771 1911
772 1251
773 1649
774 1989
775 1338
776 1898
777 1728
778 1033
779 1361
780 1127
781 1657
782 1563
783 1198
784 1649
785 1346
786 1831
787 1713
788 1832
789 1200
790 1259
791 1602
792 1191
793 1973
794 1879
795 1260
796 1863
797 1593
798 1398
799 1847
800 1228
801 1777
802 1560
803 1057
804 1186
805 1490
806 1268
807 1213
808 1040
809 1285
810 1059
811 1334
812 1103
813 1997
814 1220
815 1406
816 1060
817 1117
818 1884
819 1306
820 1125
821 1313
822 1379
823 1423
824 1194
825 1606
826 1996
827 1515
828 1253
829 1865
830 1224
831 1003
832 1521
833 1673
834 1193
835 1906
836 1946
837 1766
838 1916
839 1649
840 1824
841 1644
842 1665
843 1085
844 1019
845 1838
846 1773
847 1084
848 1865
849 1520
850 1445
851 1916
852 1678
853 1606
854 1259
855 1306
856 1324
857 1059
858 1461
859 1930
860 1432
861 1916
862 1689
863 1968
864 1698
865 1052
866 1081
867 1394
868 1225
869 1665
870 1402
871 1111
872 1032
873 1419
874 1916
875 1901
876 1440
877 1044
878 1263
879 1146
880 1127
881 1682
882 1979
883 1998
884 1412
885 1891
886 1856
887 1898
888 1903
889 1786
890 1404
891 1606
892 1495
893 1276
894 1165
895 1746
896 1453
897 2000
898 1550
899 1830
900 1553
901 1011
902 1876
903 1925
904 1049
905 1293
906 1844
907 1760
908 1541
909 1522
910 1925
911 1658
912 1273
913 1895
914 1414
915 1277
916 1526
917 1783
918 1992
919 1080
920 1215
921 1783
922 1184
923 1791
924 1591
925 1826
926 1754
927 1740
928 1752
929 1035
930 1538
931 1726
932 1531
933 1283
934 1188
935 1887
936 1260
937 1243
938 1051
939 1605
940 1215
941 1005
942 1723
943 1729
944 1018
945 1593
946 1683
947 1582
948 1283
949 1586
950 1836
951 1634
952 1011
953 1923
954 1774
955 1770
956 1540
957 1411
958 1609
959 1935
960 1012
961 1044
962 1039
963 1586
964 1846
965 1810
966 1014
967 1635
968 1412
969 1607
970 1038
971 1976
972 1287
973 1592
974 1456
975 1017
976 1644
977 1830
978 1512
979 1962
980 1699
981 1686
982 1859
983 1072
984 1421
985 1698
986 1823
987 1538
988 1334
989 1539
990 1203
991 1691
992 1159
993 1628
994 1464
995 1864
996 1723
997 1378
998 1582
999 1091
1000 1147
449 1435
602 1007
297 1584
513 1966
547 1015
417 1216
268 1703
120 1131
890 1044
17 1217
587 1177
490 1022
162 1172
277 1024
143 1375
865 1067
627 1562
456 1521
399 1537
657 1655
853 1865
956 1923
813 1743
752 1114
170 1860
271 1703
9 1498
913 1681
580 1528
102 1598
455 1053
238 1017
353 1993
274 1069
699 1620
751 1531
572 1152
467 1117
104 1445
488 1561
173 1395
104 1540
398 1367
401 1973
734 1417
746 1668
392 1902
332 1245
817 1025
392 1883
732 1378
452 1700
654 1323
633 1346
825 1982
68 1983
457 1029
647 1347
789 1456
558 1011
618 1495
466 1034
609 1338
416 1583
231 1640
413 1828
60 1971
944 1034
57 1595
938 1154
692 1331
7 1206
212 1613
423 1269
308 1836
337 1471
726 1814
926 1102
522 1611
666 1408
536 1916
32 1560
839 1931
149 1275
327 1111
338 1952
427 1033
344 1491
193 1980
137 1379
707 1687
375 1369
349 1431
287 1187
885 1030
882 1379
341 1177
751 1638
829 1686
620 1674
601 1162
256 1710
148 1188
528 1239
622 1355
904 1572
432 1731
960 1140
270 1298
282 1598
356 1005
751 1689
645 1313
571 1478
376 1498
552 1595
16 1912
645 1592
15 1092
836 1484
476 1407
204 1168
100 1900
463 1520
514 1652
483 1648
451 1687
812 1964
841 1567
137 1895
228 1328
903 1824
41 1540
46 1758
966 1733
774 1074
220 1970
672 1979
4 1290
29 1272
966 1475
745 1924
445 1083
483 1890
988 1417
563 1316
462 1335
258 1702
392 1716
103 1863
511 1424
228 1331
222 1086
546 1692
787 1516
898 1938
47 1226
439 1949
944 1382
25 1171
311 1840
695 1683
124 1820
658 1439
351 1157
749 1153
767 1533
681 1648
127 1204
894 1587
203 1346
962 1654
617 1239
499 1740
969 1043
88 1711
797 1307
416 1609
251 1533
185 1142
467 1292
936 1668
337 1251
236 1382
317 1134
770 1729
568 1613
778 1171
738 1102
277 1806
893 1253
362 1821
487 1570
750 1580
423 1908
878 1606
925 1412
643 1394
782 1604
27 1755
121 1489
75 1794
209 1930
499 1247
674 1574
499 1427
708 1186
342 1738
79 1709
995 1049
876 1820
354 1705
566 1928
578 1773
517 1100
787 1897
394 1371
61 1420
680 1520
626 1488
601 1306
602 1222
605 1718
256 1063
717 1295
857 1590
831 1970
879 1571
490 1692
737 1312
723 1085
747 1405
393 1374
77 1835
928 1923
779 1349
886 1262
187 1960
270 1269
909 1388
494 1374
46 1259
593 1351
639 1714
826 1702
353 1450
498 1037
586 1916
262 1354
100 1557
255 1604
974 1087
105 1778
231 1883
810 1896
293 1061
954 1818
809 1454
262 1995
357 1719
519 1292
447 1932
396 1980
683 1023
562 1811
588 1213
296 1997
523 1044
32 1141
402 1304
75 1238
466 1832
723 1689
907 1658
750 1147
415 1208
177 1792
466 1688
782 1176
305 1251
905 1669
428 1118
398 1827
512 1831
718 1842
417 1421
180 1985
738 1553
117 1442
209 1633
240 1564
202 1915
135 1523
481 1734
375 1362
194 1161
299 1593
130 1383
222 1365
45 1467
702 1710
70 1285
971 1833
604 1841
178 1026
654 1446
419 1363
472 1734
870 1244
577 1486
136 1901
256 1393
185 1615
222 1952
913 1733
856 1339
325 1672
200 1443
227 1244
542 1685
382 1395
558 1397
242 1183
42 1439
767 1135
914 1192
233 1263
343 1564
254 1781
532 1162
917 1357
501 1275
340 1271
45 1867
192 1044
660 1451
808 1298
93 1261
763 1553
265 1451
680 1793
701 1087
815 1300
651 1053
198 1515
159 1046
338 1922
183 1298
250 1813
991 1819
467 1027
377 1138
740 1661
793 1768
824 1629
951 1209
875 1708
485 1432
362 1287
602 1445
877 1573
332 1791
176 1279
950 1608
537 1170
621 1732
638 1300
32 1753
468 1845
159 1825
934 1860
658 1658
20 1936
798 1139
626 1981
664 1617
39 1033
865 1368
756 1416
857 1419
75 1320
820 1428
255 1695
693 1148
950 1298
894 1774
1000 1252
911 1923
616 1459
908 1508
209 1758
488 1241
252 1234
352 1799
232 1186
500 1803
22 1209
437 1639
60 1676
923 1606
769 1562
632 1950
41 1702
692 1480
312 1291
746 1103
454 1631
219 1387
318 1845
560 1580
109 1767
165 1843
307 1179
309 1836
115 1927
447 1645
843 1716
745 1192
576 1690
973 1306
443 1566
481 1727
313 1907
758 1222
918 1608
725 1008
407 1939
610 1060
816 1558
15 1445
301 1445
524 1518
482 1409
674 1758
571 1344
607 1945
253 1191
513 1297
95 1274
110 1219
831 1715
878 1272
155 1327
590 1848
533 1798
224 1514
586 1006
88 1613
266 1857
468 1581
288 1889
226 1645
317 1136
53 1291
563 1753
850 1691
892 1734
249 1590
113 1593
686 1529
209 1525
502 1720
349 1531
349 1803
51 1450
582 1560
107 1030
517 1729
36 1881
771 1146
937 1039
377 1994
218 1180
130 1257
315 1778
802 1208
457 1276
837 1971
509 1947
371 1293
940 1845
197 1429
541 1976
460 1846
696 1681
731 1556
202 1659
430 1870
222 1748
801 1253
221 1577
322 1772
178 1153
491 1970
702 1441
287 1597
381 1346
307 1194
80 1502
548 1813
574 1166
982 1108
251 1333
267 1827
590 1863
5 1477
339 1724
170 1040
258 1592
13 1249
183 1181
98 1188
391 1808
289 1642
477 1430
307 1901
174 1007
595 1966
262 1514
819 1073
243 1902
851 1597
749 1413
545 1437
875 1502
783 1030
253 1818
246 1592
883 1984
425 1809
5 1005
1000 1622
542 1086
927 1183
350 1551
765 1350
780 1835
298 1578
484 1619
455 1148
596 1346
417 1861
181 1972
199 1899
864 1218
982 1525
737 1874
872 1835
17 1995
929 1428
176 1466
794 1697
418 1267
193 1421
539 1474
490 1252
286 1504
69 1294
852 1503
805 1652
771 1662
345 1209
887 1366
196 1107
656 1840
23 1503
742 1191
767 1990
160 1043
917 1097
674 1627
180 1688
838 1588
88 1650
43 1666
872 1625
33 1662
131 1062
412 1981
893 1508
628 1477
848 1653
711 1043
240 1610
902 1817
341 1330
370 1780
459 1330
154 1043
593 1744
619 1463
915 1526
607 1894
336 1262
584 1278
117 1340
776 1733
750 1226
852 1447
401 1213
38 1036
754 1972
673 1177
680 1350
49 1770
909 1350
810 1466
358 1287
979 1975
283 1543
849 1590
373 1090
42 1480
603 1208
706 1486
994 1542
687 1752
503 1931
256 1735
499 1807
547 1329
231 1910
918 1841
578 1652
510 1972
810 1515
816 1120
178 1814
624 1277
976 1002
264 1037
458 1961
396 1997
987 1823
812 1069
27 1201
557 1029
102 1142
263 1308
697 1118
830 1636
452 1528
574 1396
940 1954
687 1119
569 1146
749 1991
154 1975
869 1578
488 1411
568 1479
98 1880
617 1596
513 1485
645 1685
244 1398
579 1365
274 1409
458 1460
375 1151
676 1324
1 1797
844 1158
869 1228
394 1198
641 1172
676 1493
206 1190
710 1729
195 1226
290 1273
329 1210
513 1972
942 1967
992 1772
344 1862
547 1387
341 1461
224 1664
727 1804
718 1663
426 1902
357 1357
577 1148
477 1223
577 1303
459 1173
923 1452
440 1375
704 1509
158 1505
637 1337
824 1096
615 1590
129 1350
113 1234
84 1957
754 1125
433 1689
872 1331
68 1131
559 1316
844 1643
320 1706
165 1190
354 1321
793 1529
725 1006
324 1570
112 1475
179 1331
5 1539
529 1911
94 1314
703 1692
112 1483
175 1632
910 1516
649 1349
274 1593
698 1391
580 1459
1000 1959
553 1330
448 1040
712 1486
543 1015
487 1651
492 1155
52 1424
634 1024
452 1800
650 1203
895 1921
348 1374
502 1516
447 1577
438 1923
925 1232
290 1637
764 1252
135 1745
154 1221
630 1332
877 1865
101 1766
835 1366
135 1042
528 1181
944 1808
918 1972
924 1269
350 1438
549 1954
377 1180
405 1433
897 1878
313 1008
528 1744
482 1793
224 1491
843 1618
216 1507
758 1337
345 1374
856 1027
662 1628
840 1390
784 1165
101 1752
167 1376
751 1445
882 1435
5 1429
142 1102
795 1546
260 1471
943 1728
487 1441
147 1635
776 1358
814 1251
871 1845
557 1592
169 1079
336 1635
7 1516
622 1594
53 1863
740 1580
561 1535
67 1869
300 1128
276 1305
428 1430
532 1308
864 1089
859 1262
235 1934
400 1858
560 1690
233 1969
955 1871
870 1180
730 1935
492 1888
949 1214
342 1116
118 1311
583 1398
369 1380
35 1072
912 1736
421 1435
65 1126
28 1375
967 1553
17 1927
172 1418
712 1289
316 1192
623 1151
117 1869
562 1902
270 1902
269 1239
867 1761
885 1588
706 1097
933 1129
96 1513
323 1355
694 1421
275 1288
122 1990
317 1267
745 1750
621 1641
975 1653
939 1622
555 1111
308 1754
568 1419
430 1613
214 1365
52 1137
592 1721
524 1997
995 1997
887 1182
174 1509
738 1917
678 1504
204 1370
262 1068
102 1089
617 1073
962 1159
735 1488
602 1067
515 1833
128 1699
375 1254
92 1613
250 1306
311 1133
104 1083
105 1426
712 1507
283 1908
610 1979
816 1329
69 1323
662 1363
967 1428
780 1838
590 1356
66 1859
141 1188
277 1372
957 1331
599 1932
216 1456
782 1625
852 1480
565 1202
885 1663
437 1904
120 1159
307 1644
8 1188
312 1686
263 1104
354 1631
988 1663
30 1950
601 1181
145 1053
634 1081
370 1584
785 1563
43 1160
76 1193
106 1616
563 1219
312 1718
811 1627
845 1443
41 1378
244 1211
419 1972
178 1988
30 1530
23 1797
199 1969
738 1123
868 1054
908 1560
698 1597
445 1270
229 1686
916 1148
25 1333
402 1934
534 1491
564 1925
946 1946
719 1704
903 1834
563 1169
205 1415
72 1492
140 1615
481 1049
360 1636
299 1251
387 1341
279 1427
837 1526
540 1781
787 1391
155 1648
558 1691
724 1010
412 1590
645 1206
498 1357
706 1201
870 1094
434 1614
440 1964
402 1781
432 1642
821 1373
1000 1612
363 1834
626 1044
114 1642
721 1588
782 1229
209 1598
57 1786
61 1285
855 1359
768 1116
720 1046
713 1770
13 1175
74 1608
841 1423
575 1318
804 1340
915 1978
830 1551
95 1414
14 1538
897 1023
513 1194
21 1332
222 1220
515 1643
764 1315
315 1594
502 1398
920 1952
791 1700
103 1467
713 1083
378 1696
789 1783
236 1501
440 1537
254 1724
627 1350
498 1570
169 1788
109 1081
108 1610
67 1836
209 1860
926 1214
246 1577
865 1391
6 1063
715 1642
469 1619
968 1991
101 1691
625 1304
896 1772
695 1255
900 1276
338 1438
687 1333
667 1045
694 1817
535 1900
355 1974
480 1317
935 1899
430 1447
166 1701
627 1503
181 1558
430 1331
148 1745
473 1282
316 1307
415 1022
877 1224
734 1465
183 1759
350 1485
749 1330
886 1139
250 1681
956 1565
91 1672
385 1097
600 1765
412 1824
13 1155
994 1169
556 1263
403 1099
917 1902
243 1922
262 1832
599 1878
576 1389
280 1883
735 1582
481 1910
834 1665
536 1654
874 1198
907 1516
697 1045
386 1645
564 1479
329 1051
773 1895
249 1965
132 1946
244 1057
439 1823
260 1066
904 1635
666 1842
916 1262
126 1901
260 1381
956 1313
600 1003
253 1600
739 1525
782 1648
380 1056
642 1247
544 1715
56 1640
470 1848
729 1857
654 1721
773 1666
323 1342
572 1680
758 1856
892 1864
936 1126
154 1199
879 1661
141 1842
290 1918
484 1569
724 1484
103 1370
583 1627
937 1700
75 1687
955 1178
439 1352
777 1330
324 1174
589 1305
557 1363
66 1475
563 1870
534 1588
995 1165
740 1718
475 1625
505 1061
473 1458
425 1422
68 1768
396 1019
331 1663
123 1487
410 1824
298 1045
241 1721
513 1528
810 1651
528 1146
290 1578
295 1178
150 1321
423 1453
360 1438
489 1582
408 1990
507 1680
435 1131
575 1828
167 1623
853 1517
39 1183
167 1667
523 1484
498 1780
62 1485
855 1812
682 1309
925 1703
855 1677
541 1247
64 1186
119 1277
364 1226
402 1849
981 1513
936 1948
318 1025
990 1990
271 1922
760 1251
703 1405
184 1402
37 1091
337 1074
487 1451
45 1632
258 1965
992 1294
58 1335
631 1700
335 1227
513 1775
836 1793
458 1678
289 1427
14 1070
442 1469
304 1566
95 1322
487 1612
845 1682
758 1721
444 1231
13 1860
755 1315
474 1410
515 1782
78 1219
165 1742
456 1025
382 1341
735 1849
231 1160
386 1681
693 1433
958 1586
874 1100
295 1491
215 1220
566 1048
9 1918
568 1651
798 1789
546 1687
430 1675
180 1820
98 1360
575 1504
905 1405
305 1105
869 1732
993 1339
572 1520
271 1673
588 1592
308 1700
855 1389
893 1932
556 1562
408 1757
124 1005
817 1319
661 1734
539 1719
311 1442
205 1263
101 1443
281 1241
884 1386
469 1275
687 1324
822 1516
65 1231
697 1735
579 1480
120 1966
969 1928
655 1396
465 1170
808 1512
78 1847
43 1793
53 1598
542 1114
298 1874
326 1743
972 1136
210 1486
220 1471
851 1326
595 1426
108 1514
915 1820
620 1599
263 1164
76 1878
920 1847
819 1827
268 1625
233 1884
422 1248
492 1840
738 1979
101 1407
897 1656
601 1984
262 1671
147 1514
43 1266
326 1226
619 1859
424 1222
123 1305
586 1550
861 1505
989 1734
771 1782
583 1700
606 1126
434 1128
852 1228
245 1802
403 1634
835 1556
777 1445
682 1950
343 1640
478 1957
469 1274
957 1667
288 1959
611 1672
697 1741
594 1007
359 1162
133 1663
72 1066
5 1089
914 1902
168 1173
370 1392
108 1035
287 1746
252 1437
885 1576
201 1993
231 1347
641 1029
83 1725
380 1070
63 1452
375 1119
87 1176
289 1552
252 1760
472 1050
393 1934
594 1769
176 1777
210 1089
313 1022
595 1372
647 1936
514 1318
220 1258
563 1466
835 1293
452 1208
396 1059
637 1935
729 1519
540 1361
706 1951
291 1146
127 1535
913 1440
925 1019
296 1621
254 1928
630 1243
528 1672
947 1645
586 1962
352 1363
633 1742
349 1293
241 1394
483 1903
112 1746
885 1384
446 1071
873 1269
779 1913
872 1647
584 1854
344 1740
370 1789
336 1992
182 1166
40 1615
38 1674
432 1920
785 1651
854 1576
295 1812
322 1556
400 1397
419 1526
321 1624
831 1631
187 1002
409 1694
174 1385
58 1868
582 1146
180 1289
857 1357
808 1696
884 1479
987 1747
589 1059
135 1216
934 1871
345 1534
629 1988
866 1530
420 1429
201 1006
126 1148
993 1770
220 1220
79 1270
29 1688
370 1986
560 1701
430 1277
702 1534
609 1737
860 1546
358 1400
184 1548
454 1259
425 1031
121 1063
613 1145
858 1998
355 1730
329 1392
278 1875
347 1596
236 1222
441 1021
677 1198
773 1861
854 1168
330 1220
661 1905
307 1234
370 1209
116 1813
510 1750
788 1979
53 1354
196 1693
105 1767
296 1861
472 1808
138 1186
670 1008
560 1420
186 1991
174 1836
732 1409
365 1600
514 1013
651 1288
688 1869
380 1022
657 1215
951 1172
753 1792
871 1691
23 1187
523 1897
126 1259
566 1604
485 1283
787 1401
502 1652
616 1943
158 1512
382 1431
42 1784
227 1174
476 1144
617 1068
576 1342
91 1191
541 1557
860 1070
339 1375
714 1458
242 1549
873 1611
344 1044
612 1040
696 1345
906 1099
564 1397
286 1519
638 1351
239 1159
439 1950
203 1587
879 1383
209 1435
373 1965
244 1835
112 1956
673 1114
39 1870
893 1456
357 1409
867 1940
700 1256
617 1522
69 1448
103 1882
379 1684
989 1211
330 1537
629 1083
477 1702
75 1456
573 1109
482 1634
471 1679
494 1653
200 1123
485 1055
727 1499
385 1669
21 1631
438 1347
457 1378
231 1089
12 1482
732 1173
767 1419
825 1466
251 1401
693 1743
925 1203
840 1018
269 1327
701 1677
926 1480
369 1487
814 1039
111 1644
876 1628
182 1846
186 1813
940 1073
504 1982
400 1441
168 1874
821 1632
327 1070
260 1826
869 1814
865 1918
25 1048
660 1418
817 1706
962 1589
201 1625
276 1979
653 1198
41 1870
670 1506
909 1326
821 1230
544 1345
948 1555
380 1881
676 1266
106 1658
746 1837
569 1283
411 1651
99 1471
362 1119
193 1725
185 1357
922 1827
17 1177
915 1737
955 1051
2 1084
419 1853
405 1377
367 1499
724 1910
955 1155
730 1100
830 1434
862 1242
894 1347
743 1267
982 1007
667 1163
746 1293
314 1897
922 1089
8 1537
308 1956
29 1911
537 1275
85 1548
424 1375
347 1614
398 1681
572 1427
126 1154
889 1280
970 1873
381 1348
204 1338
443 1221
341 1012
525 1247
317 1141
225 1210
939 1919
619 1132
469 1201
990 1820
612 1687
399 1937
2 1880
654 1339
698 1079
155 1923
458 1213
665 1367
87 1546
360 1492
142 1524
809 1371
47 1592
848 1387
381 1282
698 1704
710 1175
384 1192
470 1920
686 1476
535 1806
897 1055
367 1835
771 1667
526 1189
885 1637
716 1824
813 1771
622 1169
172 1512
98 1685
869 1744
88 1551
862 1153
94 1416
599 1443
539 1618
46 1883
538 1732
97 1278
204 1239
449 1894
215 1169
649 1377
12 1647
846 1911
698 1455
477 1600
480 1483
514 1134
688 1035
636 1736
328 1175
276 1007
200 1842
348 1022
581 1917
359 1677
235 1789
15 1591
208 1499
791 1553
617 1921
89 1323
394 1052
23 1685
853 1642
275 1350
395 1755
447 1238
560 1522
26 1655
618 1759
980 1889
498 1377
101 1151
170 1504
360 1844
648 1611
320 1766
926 1768
646 1349
834 1007
726 1889
588 1797
971 1306
196 1844
34 1914
790 1659
697 1398
514 1536
627 1387
161 1939
810 1451
666 1790
757 1561
88 1669
97 1249
697 1978
725 1223
706 1017
235 1947
740 1664
564 1971
709 1940
229 1195
622 1036
150 1775
569 1706
922 1160
265 1287
503 1256
240 1208
779 1532
305 1246
73 1958
40 1442
516 1721
182 1240
92 1476
741 1665
703 1066
911 1622
835 1532
675 1100
222 1804
825 1666
978 1087
436 1146
584 1684
182 1688
225 1150
459 1924
156 1699
268 1812
419 1559
830 1909
989 1910
670 1120
910 1292
656 1722
579 1932
739 1317
898 1561
440 1848
455 1966
775 1431
631 1852
575 1599
765 1877
271 1380
238 1791
819 1191
351 1619
649 1290
250 1175
667 1462
828 1867
206 1344
728 1671
322 1884
571 1354
966 1627
615 1957
378 1698
811 1899
574 1549
550 1353
683 1278
911 1530
927 1504
191 1055
620 1843
4 1342
778 1069
788 1637
165 1911
51 1906
414 1988
509 1444
535 1105
998 1899
612 1359
817 1447
18 1426
149 1818
931 1080
699 1267
695 1821
607 1533
589 1625
549 1448
189 1836
558 1041
456 1484
954 1378
14 1455
769 1936
352 1805
908 1074
906 1251
340 1140
836 1826
957 1708
87 1831
540 1502
852 1918
226 1349
726 1278
832 1675
441 1648
65 1646
301 1148
80 1534
815 1415
629 1630
874 1063
412 1462
139 1416
814 1784
118 1456
161 1837
413 1729
716 1647
244 1224
926 1007
864 1981
315 1792
633 1088
560 1524
54 1473
154 1733
491 1322
879 1566
631 1303
383 1103
77 1730
94 1668
593 1840
685 1519
541 1777
214 1826
663 1101
686 1053
545 1002
589 1946
497 1179
131 1006
81 1498
20 1510
417 1101
757 1366
475 1116
363 1611
773 1399
549 1120
500 1686
30 1141
903 1158
663 1586
715 1403
866 1793
575 1311
409 1675
833 1032
40 1116
492 1619
691 1998
826 1514
865 1987
229 1034
393 1417
360 1892
376 1675
994 1248
393 1024
214 1500
391 1705
999 1808
779 1449
237 1115
382 1728
961 1297
472 1350
738 1162
810 1772
792 1321
471 1152
132 1636
541 1406
549 1389
338 1840
899 1834
805 1388
113 1256
618 1149
351 1560
927 1935
456 1300
65 1562
786 1129
174 1433
627 1146
117 1335
325 1451
527 1436
221 1046
237 1263
52 1377
114 1674
422 1144
90 1515
839 1517
687 1603
90 1663
85 1569
790 1116
286 1206
928 1639
392 1555
865 1790
867 1004
471 1437
901 1107
389 1477
628 1096
828 1080
345 1176
140 1539
789 1194
587 1350
827 1452
454 1299
369 1170
626 1334
902 1174
625 1252
488 1499
200 1523
477 1862
816 1253
74 1835
274 1924
309 1551
458 1231
544 1305
935 1132
367 1580
652 1255
559 1686
887 1996
79 1861
337 1234
116 1151
933 1208
894 1930
183 1031
341 1938
920 1455
814 1965
99 1641
818 1461
784 1369
657 1250
944 1129
566 1459
104 1541
169 1196
209 1072
455 1796
513 1375
674 1491
211 1813
565 1163
365 1401
992 1955
598 1454
186 1179
272 1852
153 1857
521 1489
681 1533
99 1791
92 1764
955 1217
423 1756
369 1744
116 1577
270 1598
611 1084
342 1721
249 1040
22 1468
93 1051
417 1924
702 1042
132 1261
281 1675
696 1890
979 1534
739 1842
702 1949
621 1690
570 1945
221 1152
380 1856
