2000 3000 1000
1001 1002
1003 1004
1005 1006
1007 1008
1009 1010
1011 1012
1013 1014
1015 1016
1017 1018
1019 1020
1021 1022
1023 1024
1025 1026
1027 1028
1029 1030
1031 1032
1033 1034
1035 1036
1037 1038
1039 1040
1041 1042
1043 1044
1045 1046
1047 1048
1049 1050
1051 1052
1053 1054
1055 1056
1057 1058
1059 1060
1061 1062
1063 1064
1065 1066
1067 1068
1069 1070
1071 1072
1073 1074
1075 1076
1077 1078
1079 1080
1081 1082
1083 1084
1085 1086
1087 1088
1089 1090
1091 1092
1093 1094
1095 1096
1097 1098
1099 1100
1101 1102
1103 1104
1105 1106
1107 1108
1109 1110
1111 1112
1113 1114
1115 1116
1117 1118
1119 1120
1121 1122
1123 1124
1125 1126
1127 1128
1129 1130
1131 1132
1133 1134
1135 1136
1137 1138
1139 1140
1141 1142
1143 1144
1145 1146
1147 1148
1149 1150
1151 1152
1153 1154
1155 1156
1157 1158
1159 1160
1161 1162
1163 1164
1165 1166
1167 1168
1169 1170
1171 1172
1173 1174
1175 1176
1177 1178
1179 1180
1181 1182
1183 1184
1185 1186
1187 1188
1189 1190
1191 1192
1193 1194
1195 1196
1197 1198
1199 1200
1201 1202
1203 1204
1205 1206
1207 1208
1209 1210
1211 1212
1213 1214
1215 1216
1217 1218
1219 1220
1221 1222
1223 1224
1225 1226
1227 1228
1229 1230
1231 1232
1233 1234
1235 1236
1237 1238
1239 1240
1241 1242
1243 1244
1245 1246
1247 1248
1249 1250
1251 1252
1253 1254
1255 1256
1257 1258
1259 1260
1261 1262
1263 1264
1265 1266
1267 1268
1269 1270
1271 1272
1273 1274
1275 1276
1277 1278
1279 1280
1281 1282
1283 1284
1285 1286
1287 1288
1289 1290
1291 1292
1293 1294
1295 1296
1297 1298
1299 1300
1301 1302
1303 1304
1305 1306
1307 1308
1309 1310
1311 1312
1313 1314
1315 1316
1317 1318
1319 1320
1321 1322
1323 1324
1325 1326
1327 1328
1329 1330
1331 1332
1333 1334
1335 1336
1337 1338
1339 1340
1341 1342
1343 1344
1345 1346
1347 1348
1349 1350
1351 1352
1353 1354
1355 1356
1357 1358
1359 1360
1361 1362
1363 1364
1365 1366
1367 1368
1369 1370
1371 1372
1373 1374
1375 1376
1377 1378
1379 1380
1381 1382
1383 1384
1385 1386
1387 1388
1389 1390
1391 1392
1393 1394
1395 1396
1397 1398
1399 1400
1401 1402
1403 1404
1405 1406
1407 1408
1409 1410
1411 1412
1413 1414
1415 1416
1417 1418
1419 1420
1421 1422
1423 1424
1425 1426
1427 1428
1429 1430
1431 1432
1433 1434
1435 1436
1437 1438
1439 1440
1441 1442
1443 1444
1445 1446
1447 1448
1449 1450
1451 1452
1453 1454
1455 1456
1457 1458
1459 1460
1461 1462
1463 1464
1465 1466
1467 1468
1469 1470
1471 1472
1473 1474
1475 1476
1477 1478
1479 1480
1481 1482
1483 1484
1485 1486
1487 1488
1489 1490
1491 1492
1493 1494
1495 1496
1497 1498
1499 1500
1501 1502
1503 1504
1505 1506
1507 1508
1509 1510
1511 1512
1513 1514
1515 1516
1517 1518
1519 1520
1521 1522
1523 1524
1525 1526
1527 1528
1529 1530
1531 1532
1533 1534
1535 1536
1537 1538
1539 1540
1541 1542
1543 1544
1545 1546
1547 1548
1549 1550
1551 1552
1553 1554
1555 1556
1557 1558
1559 1560
1561 1562
1563 1564
1565 1566
1567 1568
1569 1570
1571 1572
1573 1574
1575 1576
1577 1578
1579 1580
1581 1582
1583 1584
1585 1586
1587 1588
1589 1590
1591 1592
1593 1594
1595 1596
1597 1598
1599 1600
1601 1602
1603 1604
1605 1606
1607 1608
1609 1610
1611 1612
1613 1614
1615 1616
1617 1618
1619 1620
1621 1622
1623 1624
1625 1626
1627 1628
1629 1630
1631 1632
1633 1634
1635 1636
1637 1638
1639 1640
1641 1642
1643 1644
1645 1646
1647 1648
1649 1650
1651 1652
1653 1654
1655 1656
1657 1658
1659 1660
1661 1662
1663 1664
1665 1666
1667 1668
1669 1670
1671 1672
1673 1674
1675 1676
1677 1678
1679 1680
1681 1682
1683 1684
1685 1686
1687 1688
1689 1690
1691 1692
1693 1694
1695 1696
1697 1698
1699 1700
1701 1702
1703 1704
1705 1706
1707 1708
1709 1710
1711 1712
1713 1714
1715 1716
1717 1718
1719 1720
1721 1722
1723 1724
1725 1726
1727 1728
1729 1730
1731 1732
1733 1734
1735 1736
1737 1738
1739 1740
1741 1742
1743 1744
1745 1746
1747 1748
1749 1750
1751 1752
1753 1754
1755 1756
1757 1758
1759 1760
1761 1762
1763 1764
1765 1766
1767 1768
1769 1770
1771 1772
1773 1774
1775 1776
1777 1778
1779 1780
1781 1782
1783 1784
1785 1786
1787 1788
1789 1790
1791 1792
1793 1794
1795 1796
1797 1798
1799 1800
1801 1802
1803 1804
1805 1806
1807 1808
1809 1810
1811 1812
1813 1814
1815 1816
1817 1818
1819 1820
1821 1822
1823 1824
1825 1826
1827 1828
1829 1830
1831 1832
1833 1834
1835 1836
1837 1838
1839 1840
1841 1842
1843 1844
1845 1846
1847 1848
1849 1850
1851 1852
1853 1854
1855 1856
1857 1858
1859 1860
1861 1862
1863 1864
1865 1866
1867 1868
1869 1870
1871 1872
1873 1874
1875 1876
1877 1878
1879 1880
1881 1882
1883 1884
1885 1886
1887 1888
1889 1890
1891 1892
1893 1894
1895 1896
1897 1898
1899 1900
1901 1902
1903 1904
1905 1906
1907 1908
1909 1910
1911 1912
1913 1914
1915 1916
1917 1918
1919 1920
1921 1922
1923 1924
1925 1926
1927 1928
1929 1930
1931 1932
1933 1934
1935 1936
1937 1938
1939 1940
1941 1942
1943 1944
1945 1946
1947 1948
1949 1950
1951 1952
1953 1954
1955 1956
1957 1958
1959 1960
1961 1962
1963 1964
1965 1966
1967 1968
1969 1970
1971 1972
1973 1974
1975 1976
1977 1978
1979 1980
1981 1982
1983 1984
1985 1986
1987 1988
1989 1990
1991 1992
1993 1994
1995 1996
1997 1998
1999 2000
1 1002
1 1004
1 1006
1 1008
1 1010
1 1012
1 1014
1 1016
1 1018
1 1020
1 1022
1 1024
1 1026
1 1028
1 1030
1 1032
1 1034
1 1036
1 1038
1 1040
1 1042
1 1044
1 1046
1 1048
1 1050
1 1052
1 1054
1 1056
1 1058
1 1060
1 1062
1 1064
1 1066
1 1068
1 1070
1 1072
1 1074
1 1076
1 1078
1 1080
1 1082
1 1084
1 1086
1 1088
1 1090
1 1092
1 1094
1 1096
1 1098
1 1100
1 1102
1 1104
1 1106
1 1108
1 1110
1 1112
1 1114
1 1116
1 1118
1 1120
1 1122
1 1124
1 1126
1 1128
1 1130
1 1132
1 1134
1 1136
1 1138
1 1140
1 1142
1 1144
1 1146
1 1148
1 1150
1 1152
1 1154
1 1156
1 1158
1 1160
1 1162
1 1164
1 1166
1 1168
1 1170
1 1172
1 1174
1 1176
1 1178
1 1180
1 1182
1 1184
1 1186
1 1188
1 1190
1 1192
1 1194
1 1196
1 1198
1 1200
1 1202
1 1204
1 1206
1 1208
1 1210
1 1212
1 1214
1 1216
1 1218
1 1220
1 1222
1 1224
1 1226
1 1228
1 1230
1 1232
1 1234
1 1236
1 1238
1 1240
1 1242
1 1244
1 1246
1 1248
1 1250
1 1252
1 1254
1 1256
1 1258
1 1260
1 1262
1 1264
1 1266
1 1268
1 1270
1 1272
1 1274
1 1276
1 1278
1 1280
1 1282
1 1284
1 1286
1 1288
1 1290
1 1292
1 1294
1 1296
1 1298
1 1300
1 1302
1 1304
1 1306
1 1308
1 1310
1 1312
1 1314
1 1316
1 1318
1 1320
1 1322
1 1324
1 1326
1 1328
1 1330
1 1332
1 1334
1 1336
1 1338
1 1340
1 1342
1 1344
1 1346
1 1348
1 1350
1 1352
1 1354
1 1356
1 1358
1 1360
1 1362
1 1364
1 1366
1 1368
1 1370
1 1372
1 1374
1 1376
1 1378
1 1380
1 1382
1 1384
1 1386
1 1388
1 1390
1 1392
1 1394
1 1396
1 1398
1 1400
1 1402
1 1404
1 1406
1 1408
1 1410
1 1412
1 1414
1 1416
1 1418
1 1420
1 1422
1 1424
1 1426
1 1428
1 1430
1 1432
1 1434
1 1436
1 1438
1 1440
1 1442
1 1444
1 1446
1 1448
1 1450
1 1452
1 1454
1 1456
1 1458
1 1460
1 1462
1 1464
1 1466
1 1468
1 1470
1 1472
1 1474
1 1476
1 1478
1 1480
1 1482
1 1484
1 1486
1 1488
1 1490
1 1492
1 1494
1 1496
1 1498
1 1500
1 1502
1 1504
1 1506
1 1508
1 1510
1 1512
1 1514
1 1516
1 1518
1 1520
1 1522
1 1524
1 1526
1 1528
1 1530
1 1532
1 1534
1 1536
1 1538
1 1540
1 1542
1 1544
1 1546
1 1548
1 1550
1 1552
1 1554
1 1556
1 1558
1 1560
1 1562
1 1564
1 1566
1 1568
1 1570
1 1572
1 1574
1 1576
1 1578
1 1580
1 1582
1 1584
1 1586
1 1588
1 1590
1 1592
1 1594
1 1596
1 1598
1 1600
1 1602
1 1604
1 1606
1 1608
1 1610
1 1612
1 1614
1 1616
1 1618
1 1620
1 1622
1 1624
1 1626
1 1628
1 1630
1 1632
1 1634
1 1636
1 1638
1 1640
1 1642
1 1644
1 1646
1 1648
1 1650
1 1652
1 1654
1 1656
1 1658
1 1660
1 1662
1 1664
1 1666
1 1668
1 1670
1 1672
1 1674
1 1676
1 1678
1 1680
1 1682
1 1684
1 1686
1 1688
1 1690
1 1692
1 1694
1 1696
1 1698
1 1700
1 1702
1 1704
1 1706
1 1708
1 1710
1 1712
1 1714
1 1716
1 1718
1 1720
1 1722
1 1724
1 1726
1 1728
1 1730
1 1732
1 1734
1 1736
1 1738
1 1740
1 1742
1 1744
1 1746
1 1748
1 1750
1 1752
1 1754
1 1756
1 1758
1 1760
1 1762
1 1764
1 1766
1 1768
1 1770
1 1772
1 1774
1 1776
1 1778
1 1780
1 1782
1 1784
1 1786
1 1788
1 1790
1 1792
1 1794
1 1796
1 1798
1 1800
1 1802
1 1804
1 1806
1 1808
1 1810
1 1812
1 1814
1 1816
1 1818
1 1820
1 1822
1 1824
1 1826
1 1828
1 1830
1 1832
1 1834
1 1836
1 1838
1 1840
1 1842
1 1844
1 1846
1 1848
1 1850
1 1852
1 1854
1 1856
1 1858
1 1860
1 1862
1 1864
1 1866
1 1868
1 1870
1 1872
1 1874
1 1876
1 1878
1 1880
1 1882
1 1884
1 1886
1 1888
1 1890
1 1892
1 1894
1 1896
1 1898
1 1900
1 1902
1 1904
1 1906
1 1908
1 1910
1 1912
1 1914
1 1916
1 1918
1 1920
1 1922
1 1924
1 1926
1 1928
1 1930
1 1932
1 1934
1 1936
1 1938
1 1940
1 1942
1 1944
1 1946
1 1948
1 1950
1 1952
1 1954
1 1956
1 1958
1 1960
1 1962
1 1964
1 1966
1 1968
1 1970
1 1972
1 1974
1 1976
1 1978
1 1980
1 1982
1 1984
1 1986
1 1988
1 1990
1 1992
1 1994
1 1996
1 1998
1 2000
2 1574
3 1729
4 1767
5 1018
6 1862
7 1250
8 1818
9 1961
10 1684
11 1207
12 1317
13 1136
14 1978
15 1719
16 1041
17 1330
18 1963
19 1683
20 1225
21 1528
22 1013
23 1164
24 1198
25 1079
26 1270
27 1506
28 1295
29 1981
30 1029
31 1273
32 1785
33 1807
34 1745
35 1128
36 1129
37 1616
38 1924
39 1308
40 1102
41 1922
42 1069
43 1513
44 1815
45 1841
46 1636
47 1432
48 1597
49 1608
50 1928
51 1753
52 1910
53 1330
54 1334
55 1096
56 1365
57 1527
58 1667
59 1880
60 1513
61 1963
62 1890
63 1828
64 1114
65 1079
66 1391
67 1621
68 1573
69 1430
70 1400
71 1877
72 1241
73 1619
74 1892
75 1247
76 1086
77 1599
78 1383
79 1654
80 1262
81 1882
82 1622
83 1970
84 1650
85 1006
86 1735
87 1581
88 1062
89 1424
90 1554
91 1407
92 1791
93 1746
94 1590
95 1865
96 1486
97 1849
98 1366
99 1575
100 1024
101 1181
102 1909
103 1162
104 1449
105 1680
106 1899
107 1883
108 1106
109 1794
110 1686
111 1550
112 1528
113 1911
114 1655
115 1522
116 1489
117 1355
118 1285
119 1778
120 1788
121 1738
122 1170
123 1700
124 1714
125 1882
126 1922
127 1105
128 1342
129 1479
130 1257
131 1033
132 1215
133 1749
134 1687
135 1368
136 1928
137 1091
138 1316
139 1233
140 1553
141 1859
142 1460
143 1153
144 1888
145 1855
146 1608
147 1838
148 1200
149 1595
150 1348
151 1280
152 1573
153 1688
154 1530
155 1732
156 1771
157 1987
158 1749
159 1822
160 1414
161 1840
162 1158
163 1663
164 1589
165 1060
166 1219
167 1415
168 1480
169 1136
170 1745
171 1186
172 1693
173 1886
174 1412
175 1048
176 1122
177 1159
178 1688
179 1398
180 1603
181 1233
182 1664
183 1237
184 1686
185 1279
186 1591
187 1003
188 1239
189 1354
190 1795
191 1868
192 1619
193 1086
194 1923
195 1008
196 1113
197 1559
198 1849
199 1759
200 1013
201 1394
202 1738
203 1543
204 1927
205 1767
206 1063
207 1650
208 1714
209 1537
210 1219
211 1947
212 1537
213 1389
214 1873
215 1460
216 1866
217 1472
218 1897
219 1053
220 1322
221 1172
222 1693
223 1754
224 1057
225 1715
226 1248
227 1167
228 1359
229 1211
230 1114
231 1076
232 1988
233 1171
234 1659
235 1398
236 1853
237 1103
238 1680
239 1626
240 1206
241 1882
242 1315
243 1554
244 1739
245 1544
246 1228
247 1980
248 1771
249 1793
250 1485
251 1060
252 1495
253 1597
254 1001
255 1108
256 1852
257 1768
258 1095
259 1054
260 1519
261 1825
262 1743
263 1657
264 1946
265 1276
266 1331
267 1109
268 1719
269 1074
270 1711
271 1131
272 1743
273 1934
274 1400
275 1811
276 1965
277 1432
278 1021
279 1759
280 1089
281 1865
282 1277
283 1193
284 1077
285 1690
286 1637
287 1564
288 1616
289 1554
290 1229
291 1084
292 1684
293 1015
294 1231
295 1573
296 1020
297 1375
298 1992
299 1981
300 1370
301 1531
302 1337
303 1120
304 1936
305 1093
306 1766
307 1224
308 1118
309 1904
310 1785
311 1804
312 1487
313 1497
314 1518
315 1087
316 1534
317 1692
318 1533
319 1342
320 1890
321 1224
322 1806
323 1513
324 1526
325 1029
326 1435
327 1024
328 1348
329 1579
330 1890
331 1605
332 1967
333 1470
334 1255
335 1739
336 1361
337 1711
338 1336
339 1431
340 1490
341 1345
342 1519
343 1242
344 1234
345 1614
346 1719
347 1663
348 1993
349 1635
350 1196
351 1854
352 1534
353 1966
354 1833
355 1348
356 1471
357 1369
358 1585
359 1718
360 1995
361 1767
362 1041
363 1484
364 1300
365 1097
366 1133
367 1976
368 1724
369 1030
370 1438
371 1297
372 1288
373 1919
374 1846
375 1272
376 1088
377 1784
378 1908
379 1290
380 1428
381 1356
382 1013
383 1751
384 1090
385 1511
386 1648
387 1756
388 1492
389 1050
390 1419
391 1310
392 1770
393 1280
394 1390
395 1810
396 1107
397 1502
398 1190
399 1910
400 1979
401 1909
402 1618
403 1805
404 1620
405 1980
406 1945
407 1385
408 1370
409 1741
410 1956
411 1855
412 1007
413 1273
414 1834
415 1918
416 1629
417 1768
418 1080
419 1202
420 1269
421 1080
422 1204
423 1148
424 1911
425 1355
426 1556
427 1982
428 1663
429 1077
430 1119
431 1822
432 1748
433 1404
434 1579
435 1150
436 1509
437 1653
438 1367
439 1461
440 1777
441 1407
442 1400
443 1873
444 1464
445 1022
446 1696
447 1959
448 1346
449 1628
450 1856
451 1052
452 1081
453 1397
454 1021
455 1838
456 1675
457 1362
458 1807
459 1203
460 1779
461 1376
462 1651
463 1722
464 1991
465 1141
466 1092
467 1014
468 1930
469 1167
470 1287
471 1032
472 1824
473 1216
474 1008
475 1363
476 1913
477 1481
478 1772
479 1431
480 1970
481 1734
482 1558
483 1703
484 1203
485 1994
486 1517
487 1487
488 1717
489 1827
490 1014
491 1211
492 1921
493 1745
494 1915
495 1385
496 1928
497 1766
498 1373
499 1475
500 1217
501 1004
502 1896
503 1325
504 1329
505 1727
506 1608
507 1234
508 1040
509 1247
510 1062
511 1225
512 1504
513 1738
514 1087
515 1259
516 1272
517 1399
518 1841
519 1005
520 1602
521 1330
522 1903
523 1752
524 1413
525 1808
526 1862
527 1789
528 1916
529 1003
530 1077
531 1574
532 1235
533 1987
534 1229
535 1300
536 1883
537 1801
538 1425
539 1196
540 1355
541 1537
542 1345
543 1852
544 1052
545 1660
546 1697
547 1290
548 1263
549 1089
550 1599
551 1671
552 1638
553 1042
554 1873
555 1478
556 1043
557 1492
558 1768
559 1101
560 1824
561 1514
562 1671
563 1104
564 1521
565 1028
566 1912
567 1165
568 1199
569 1874
570 1725
571 1918
572 1617
573 1370
574 1145
575 1472
576 1936
577 1839
578 1230
579 1817
580 1791
581 1267
582 1708
583 1671
584 1143
585 1058
586 1568
587 1890
588 1052
589 1766
590 1383
591 1397
592 1406
593 1296
594 1315
595 1790
596 1982
597 1288
598 1747
599 1599
600 1655
601 1368
602 1405
603 1061
604 1969
605 1385
606 1963
607 1504
608 1239
609 1842
610 1315
611 1916
612 1831
613 1693
614 1683
615 1307
616 1591
617 1199
618 1831
619 1065
620 1545
621 1493
622 1750
623 1706
624 1574
625 1863
626 1170
627 1137
628 1728
629 1284
630 1037
631 1308
632 1206
633 1214
634 1250
635 1246
636 1712
637 1293
638 1340
639 1800
640 1747
641 1652
642 1766
643 1123
644 1587
645 1178
646 1112
647 1221
648 1975
649 1638
650 1512
651 1377
652 1804
653 1028
654 1531
655 1172
656 1150
657 1489
658 1040
659 1068
660 1565
661 1980
662 1675
663 1635
664 1157
665 1821
666 1306
667 1849
668 1716
669 1950
670 1851
671 1958
672 1828
673 1495
674 1939
675 1001
676 1871
677 1920
678 1334
679 1632
680 1446
681 1251
682 1436
683 1868
684 1407
685 1290
686 1967
687 1180
688 1570
689 1467
690 1537
691 1874
692 1402
693 1166
694 1946
695 1734
696 1637
697 1397
698 1253
699 1798
700 1993
701 1473
702 1679
703 1350
704 1674
705 1136
706 1017
707 1940
708 1431
709 1897
710 1668
711 1349
712 1394
713 1203
714 1803
715 1465
716 1009
717 1972
718 1557
719 1948
720 1571
721 1488
722 1208
723 1496
724 1685
725 1282
726 1109
727 1151
728 1551
729 1940
730 1991
731 1891
732 1513
733 1162
734 1050
735 1658
736 1233
737 1270
738 1650
739 1976
740 1158
741 1257
742 1881
743 1883
744 1201
745 1754
746 1435
747 1702
748 1663
749 1577
750 1198
751 1083
752 1019
753 1896
754 1422
755 1164
756 1977
757 1352
758 1326
759 1585
760 1864
761 1231
762 1532
763 1178
764 1752
765 1880
766 1917
767 1207
768 1888
769 1174
770 1249
771 1015
772 1166
773 1992
774 1967
775 1950
776 1308
777 1038
778 1082
779 1572
780 1057
781 1501
782 1532
783 1254
784 1090
785 1747
786 1951
787 1715
788 1277
789 1527
790 1682
791 1566
792 1940
793 1605
794 1476
795 1668
796 1386
797 1303
798 1669
799 1299
800 1813
801 1940
802 1305
803 1408
804 1143
805 1754
806 1810
807 1294
808 1905
809 1479
810 1527
811 1415
812 1147
813 1388
814 1864
815 1577
816 1001
817 1529
818 1030
819 1601
820 1097
821 1688
822 1897
823 1333
824 1570
825 1053
826 1890
827 1444
828 1729
829 1960
830 1673
831 1515
832 1968
833 1007
834 1964
835 1892
836 1657
837 1371
838 1727
839 1761
840 1213
841 1495
842 1866
843 1428
844 1661
845 1103
846 1082
847 1533
848 1819
849 1772
850 1602
851 1215
852 1416
853 1239
854 1526
855 1845
856 1466
857 1281
858 1544
859 1621
860 1666
861 1043
862 1331
863 1931
864 1171
865 1247
866 1321
867 1663
868 1912
869 1226
870 1694
871 1160
872 1080
873 1505
874 1439
875 1401
876 1326
877 1869
878 1322
879 1868
880 1143
881 1494
882 1800
883 1237
884 1875
885 1529
886 1142
887 1403
888 1952
889 1122
890 1031
891 1278
892 1208
893 1533
894 1369
895 1566
896 1528
897 1128
898 1549
899 1803
900 1209
901 1378
902 1935
903 1334
904 1753
905 1489
906 1105
907 1920
908 1023
909 1463
910 1548
911 1774
912 1569
913 1951
914 1738
915 1806
916 1216
917 1207
918 1714
919 1581
920 1688
921 1977
922 1943
923 1883
924 1138
925 1632
926 1609
927 1317
928 1132
929 1885
930 1421
931 1759
932 1201
933 1790
934 1464
935 1984
936 1346
937 1379
938 1729
939 1819
940 1538
941 1845
942 1806
943 1595
944 1476
945 1353
946 1279
947 1639
948 1807
949 1276
950 1676
951 1170
952 1946
953 1587
954 1245
955 1415
956 1721
957 1803
958 1069
959 1638
960 1812
961 1348
962 1546
963 1768
964 1049
965 1169
966 1814
967 1490
968 1213
969 1571
970 1469
971 1191
972 1483
973 1359
974 1677
975 1025
976 1954
977 1761
978 1240
979 1814
980 1975
981 1892
982 1202
983 1832
984 1250
985 1866
986 1510
987 1148
988 1187
989 1757
990 1517
991 1347
992 1721
993 1852
994 1125
995 1223
996 1976
997 1306
998 1550
999 1887
1000 1594
962 1379
617 1179
901 1672
519 1449
271 1205
912 1552
766 1624
938 1154
525 1693
33 1456
63 1077
42 1556
530 1942
934 1876
846 1679
271 1791
242 1421
662 1059
602 1742
327 1185
859 1916
404 1432
497 1987
407 1404
818 1222
784 1121
959 1656
961 1004
222 1178
530 1581
818 1108
930 1355
552 1113
7 1314
295 1132
217 1934
238 1153
673 1871
983 1682
91 1307
54 1541
27 1617
513 1440
62 1718
659 1586
295 1259
727 1786
307 1143
12 1088
178 1285
11 1931
126 1135
808 1821
344 1634
36 1613
844 1568
610 1112
863 1561
183 1571
86 1488
336 1758
693 1329
368 1744
401 1580
461 1592
252 1926
489 1747
685 1782
221 1447
152 1428
823 1456
438 1908
149 1893
921 1069
516 1091
604 1650
706 1765
278 1429
180 1945
148 1261
64 1971
167 1743
328 1675
814 1703
663 1200
354 1771
63 1921
404 1506
510 1966
153 1043
818 1360
845 1344
223 1123
106 1778
731 1881
463 1338
617 1451
585 1677
542 1473
254 1123
510 1534
228 1264
599 1212
848 1674
270 1650
358 1006
557 1610
677 1555
134 1321
212 1754
447 1221
730 1165
899 1967
250 1855
937 1455
898 1295
995 1878
280 1776
542 1853
413 1624
327 1797
729 1503
689 1582
117 1639
522 1265
698 1329
185 1014
238 1706
916 1446
170 1692
110 1141
567 1468
420 1381
152 1830
344 1101
724 1132
550 1967
957 1164
871 1125
929 1567
374 1369
897 1383
30 1690
592 1608
450 1320
479 1353
701 1298
214 1667
659 1062
549 1532
433 1283
143 1034
74 1148
96 1409
264 1436
827 1574
652 1538
205 1757
277 1936
648 1139
459 1117
217 1170
189 1586
117 1265
90 1447
243 1391
808 1142
733 1933
595 1801
621 1121
53 1051
115 1758
42 1391
560 1301
611 1273
755 1063
837 1143
635 1162
353 1755
833 1197
49 1048
801 1459
281 1345
627 1009
565 1246
866 1101
683 1060
886 1388
183 1812
110 1466
525 1449
427 1391
758 1871
801 1021
122 1929
134 1068
422 1817
808 1431
581 1142
547 1430
123 1655
403 1787
699 1266
458 1960
86 1543
602 1883
128 1738
639 1759
912 1221
82 1884
463 1889
785 1953
281 1263
509 1393
746 1265
354 1391
999 1524
873 1440
512 1878
612 1517
193 1432
736 1755
564 1852
603 1274
882 1888
342 1689
448 1988
946 1745
183 1684
886 1335
999 1845
108 1834
248 1975
640 1031
285 1383
749 1140
74 1290
790 1744
952 1775
471 1589
665 1088
898 1448
822 1323
416 1621
143 1312
214 1986
472 1799
279 1646
573 1882
358 1439
469 1952
20 1878
182 1070
955 1153
892 1556
423 1508
587 1489
552 1242
8 1149
507 1723
434 1515
559 1844
54 1363
287 1208
654 1353
342 1515
814 1752
944 1735
389 1122
313 1698
992 1718
373 1873
288 1382
895 1654
57 1392
347 1368
523 1788
170 1629
853 1484
358 1701
833 1087
732 1362
260 1946
333 1359
233 1373
689 1347
107 1057
237 1323
343 1992
245 1542
679 1183
871 1442
406 1299
364 1855
455 1573
634 1664
897 1070
915 1686
646 1529
239 1051
427 1563
903 1417
38 1261
779 1305
489 1378
225 1608
714 1079
866 1134
139 1858
677 1228
606 1850
385 1849
448 1707
641 1134
763 1268
193 1106
583 1862
15 1565
824 1074
747 1804
213 1319
114 1586
19 1744
969 1348
495 1111
710 1095
69 1078
580 1337
907 1254
740 1601
690 1011
76 1124
41 1536
997 1874
952 1783
890 1140
509 1748
477 1632
480 1095
369 1879
196 1319
883 1005
514 1275
511 1452
896 1369
681 1234
731 1741
234 1649
173 1515
596 1577
967 1935
565 1701
163 1640
295 1316
214 1464
337 1043
431 1865
968 1826
84 1484
8 1727
144 1344
25 1022
978 1426
339 1256
727 1331
311 1407
183 1275
59 1307
924 1587
479 1526
420 1279
330 1307
388 1398
340 1681
211 1688
817 1805
713 1634
968 1148
231 1565
989 1868
688 1183
490 1524
976 1444
158 1734
626 1419
804 1761
53 1168
825 1186
903 1454
280 1622
918 1402
248 1883
925 1534
775 1510
730 1959
976 1071
982 1990
795 1858
945 1005
869 1485
845 1050
107 1758
5 1974
915 1248
368 1049
130 1796
343 1247
813 1934
869 1133
884 1134
541 1613
239 1965
59 1672
243 1953
748 1592
698 1016
5 1851
32 1777
469 1157
249 1547
942 1472
940 1829
508 1874
831 1702
169 1471
712 1277
693 1936
80 1383
128 1019
144 1703
586 1450
592 1028
455 1224
205 1950
169 1549
971 1555
512 1180
203 1425
696 1593
502 1332
210 1500
709 1807
129 1746
889 1610
989 1475
362 1762
247 1863
885 1723
337 1461
807 1062
553 1463
405 1194
504 1470
88 1583
666 1115
174 1963
567 1439
139 1643
646 1695
526 1233
536 1099
527 1940
34 1731
26 1097
333 1767
451 1783
604 1596
16 1102
499 1125
808 1426
867 1094
271 1273
670 1305
539 1884
560 1332
929 1929
55 1910
675 1864
516 1763
928 1016
136 1776
959 1246
831 1274
502 1383
787 1478
236 1889
323 1488
98 1290
883 1908
250 1264
923 1516
725 1573
686 1059
513 1106
933 1731
855 1081
419 1767
61 1614
508 1617
815 1966
682 1841
886 1347
560 1035
352 1118
6 1368
782 1848
651 1293
743 1434
382 1507
88 1472
92 1014
111 1846
263 1406
943 1673
173 1924
895 1629
541 1082
260 1081
215 1225
407 1709
88 1170
172 1086
721 1774
523 1483
219 1546
787 1751
505 1277
996 1371
250 1587
65 1770
253 1319
170 1447
634 1377
179 1966
403 1728
415 1631
995 1384
599 1957
693 1561
789 1225
881 1438
795 1313
32 1968
359 1873
400 1371
278 1133
79 1248
100 1852
612 1653
911 1172
122 1084
508 1742
595 1096
710 1890
382 1224
11 1120
873 1123
354 1304
22 1840
283 1564
193 1270
644 1210
834 1307
306 1853
743 1735
438 1162
344 1126
117 1456
576 1737
591 1816
251 1761
640 1291
154 1551
93 1989
45 1328
970 1093
518 1934
1000 1946
514 2000
276 1388
119 1239
599 1095
287 1977
2 1302
661 1491
998 1123
790 1702
77 1873
303 1114
384 1577
363 1018
6 1107
750 1445
146 1700
205 1662
780 1213
552 1251
742 1126
953 1772
351 1714
502 1510
224 1118
287 1080
657 1180
133 1953
310 1822
884 1148
102 1034
265 1071
456 1138
672 1366
952 1807
60 1208
671 1953
738 1239
339 1325
702 1692
148 1107
699 1383
387 1861
170 1590
259 1890
806 1658
607 1361
843 1519
165 1437
555 1603
763 1636
951 1762
712 1069
834 1085
113 1751
948 1735
821 1545
861 1652
586 1138
928 1842
327 1006
995 1369
323 1467
886 1866
395 1485
882 1949
519 1702
986 1906
321 1609
923 1782
671 1962
934 1722
655 1665
139 1860
218 1549
948 1567
638 1854
490 1551
334 1173
679 1450
169 1455
622 1632
208 1595
538 1549
667 1345
775 1473
2 1191
463 1474
806 1930
351 1641
616 1163
860 1057
9 1016
510 1642
86 1857
146 1736
692 1945
956 1174
876 1911
27 1320
994 1341
756 1086
422 1789
131 1921
710 1492
522 1463
832 1727
622 1493
341 1687
884 1228
90 1702
227 1764
930 1933
841 1467
861 1529
428 1625
296 1564
417 1027
970 1114
859 1933
609 1328
300 1853
37 1436
512 1334
834 1691
657 1058
717 1449
644 1612
784 1005
723 1864
216 1261
289 1354
390 1165
105 1457
371 1626
646 1574
966 1240
462 1683
93 1926
899 1571
164 1568
21 1227
659 1028
599 1719
412 1919
822 1115
251 1366
877 1441
145 1658
673 1806
212 1212
307 1658
265 1994
405 1594
51 1357
119 1034
939 1541
440 1657
443 1616
702 1432
271 1964
799 1336
31 1437
974 1942
711 1951
356 1966
595 1163
926 1084
843 1678
504 1784
597 1864
174 1016
560 1089
656 1319
575 1368
999 1533
206 1801
282 1793
351 1192
468 1119
637 1413
942 1102
81 1594
665 1378
286 1201
524 1856
955 1214
868 1099
126 1709
51 1382
478 1602
461 1905
511 1664
243 1672
300 1901
759 1348
751 1344
406 1337
151 1323
148 1802
574 1363
847 1509
260 1817
732 1269
343 1940
73 1654
760 1285
657 1862
86 1905
641 1803
232 1283
863 1999
83 1689
334 1117
969 1806
723 1877
954 1009
788 1721
144 1224
875 1635
666 1218
446 1902
250 1731
814 1690
187 1862
612 1392
934 1113
537 1868
940 1668
532 1052
28 1148
629 1940
462 1357
509 1942
603 1048
65 1330
318 1506
174 1813
339 1609
339 1900
988 1688
225 1974
329 1626
746 1016
994 1963
334 1955
440 1434
945 1452
393 1765
100 1666
17 1021
545 1724
429 1326
826 1143
466 1371
798 1555
610 1043
390 1131
541 1190
12 1594
823 1262
568 1385
700 1644
646 1190
388 1597
897 1911
279 1006
675 1324
241 1519
183 1841
139 1365
306 1745
861 1607
580 1877
464 1484
31 1502
488 1427
939 1772
863 1990
503 1024
889 1733
427 1758
422 1931
284 1725
888 1219
942 1347
974 1734
706 1282
109 1135
794 1183
462 1155
429 1859
525 1862
541 1414
597 1347
576 1962
744 1142
450 1612
970 1527
801 1673
572 1100
461 1110
30 1235
558 1117
790 1307
373 1563
134 1760
317 1215
882 1918
476 1795
895 1734
180 1736
613 1594
169 1129
840 1942
374 1241
86 1769
311 1725
782 1861
292 1935
857 1392
425 1857
396 1147
384 1769
502 1885
728 1635
511 1648
316 1940
384 1449
473 1939
578 1894
920 1327
246 1994
782 1488
629 1852
370 1947
888 1039
249 1179
372 1102
733 1545
538 1030
264 1921
410 1404
17 1029
210 1303
467 1245
247 1979
233 1638
285 1100
166 1254
462 1934
650 1625
268 1164
933 1795
450 1246
929 1800
142 1045
172 1288
31 1796
411 1201
956 1233
649 1959
529 1242
124 1048
518 1948
759 1388
368 1899
397 1003
559 1025
436 1444
916 1931
85 1513
444 1543
63 1787
599 1533
119 1666
49 1694
623 1682
588 1375
292 1456
247 1551
660 1185
382 1709
66 1108
632 1333
20 1461
899 1044
607 1224
105 1275
810 1536
650 1322
109 1940
579 1275
779 1887
268 1619
837 1421
361 1110
219 1836
159 1929
67 1250
66 1528
826 1725
106 1989
612 1268
484 1649
930 1594
662 1550
546 1122
834 1269
671 1046
768 1285
913 1124
64 1082
515 1679
940 1494
256 1977
400 1770
173 1276
441 1508
162 1104
40 1401
252 1611
960 1937
907 1689
