200
462299849 -747695657 18
216684978 782166859 4
257080045 530531705 145
-300962312 591290249 148
714272331 -161660599 140
-760814263 739835286 100
476836001 956113733 23
-805960030 -33237045 165
185240398 210706539 143
-120202992 -535331394 128
-95791097 -117977653 72
-461001393 260215351 25
-643822464 33076410 52
-472510221 235169121 186
-979268097 397031546 174
-362766170 705696530 14
297421132 147107043 181
945932556 969218373 61
354198861 939763652 71
745651403 -638992574 57
-531061798 -416543533 131
-144715437 89240926 158
811350483 -965841513 134
-600152327 103076167 119
466952696 -53660150 25
-829048515 -280214319 199
667356411 735932651 6
-364767488 -528484286 25
-883770827 115930341 165
-140420876 974974865 35
-134007277 -632749911 144
388230011 -387177038 80
55702464 243738695 94
-24366865 -52191982 128
-776675809 -252127507 96
-777629106 -360401739 167
792564780 412818944 44
-520892657 914508088 5
-724693024 -161389184 135
-87939979 697127929 57
-440509519 587429210 113
-725598236 232516971 113
355529356 -622955906 47
286905379 129442577 93
497966952 481186989 86
615422368 777938474 25
-573945634 -611433235 95
-396752666 567310491 8
890410559 -695407493 147
-487724760 -488488138 123
-554272639 -572843124 115
277113262 964655405 107
-781889680 -935709787 138
884516 191289323 3
-627190934 355424642 189
-236717659 -202293030 112
476660607 -79143486 177
-557774518 -125674864 145
-859079275 -856348716 8
725504864 31473920 24
-973335372 446538489 50
-84549346 -802225852 60
-410856498 802346848 121
60505064 -754545526 177
-496830612 531821196 135
-178654207 -719369043 28
571703351 -268031763 89
931737081 205310938 32
509975757 -902126585 25
-338031673 460700621 53
314463688 880038247 55
-913832682 655197196 167
-462054476 491745139 169
-927189703 877419301 181
-607311094 -418328611 155
632887281 107739873 167
-965432360 -59295831 164
-71658186 654001060 195
518496948 742393104 128
-807903268 949298963 180
918887329 981255396 39
434122544 625506704 21
77583664 -335253033 142
-132928590 -964602540 158
955916450 735773046 26
-716280484 645779485 166
777667335 -973257459 96
-195389079 956845248 166
-363264647 -210475003 78
-524020539 -250094736 145
-342968664 -724359477 5
-692953284 -448532099 193
-233388026 -474056895 2
903467377 382619088 9
520459743 623434071 55
-338358419 -468981065 181
-12441338 287595250 58
-231688556 891620787 197
-93389192 834181085 60
-430382627 245990112 71
472427759 -720658735 79
-901661083 927047544 130
-275127805 834888377 179
-986711984 345902962 20
-970568136 -976633436 112
-734997627 -537106883 178
861657901 490553777 74
480442274 -522012309 8
-27558455 689334530 144
-429749133 -613675553 94
-581376904 257404157 6
-24581690 -814133216 112
-583743139 578880613 78
-628446353 808868615 42
691987794 -358868345 81
-586002628 555613000 158
782731953 -796394472 44
-154955268 -394213055 76
-486279981 338756308 54
491931855 -192819075 43
498102229 -876814867 168
-295689773 158631159 100
693852856 -382751910 157
-522787421 -494056990 53
-479159214 303906788 126
-115412156 -282880076 181
632193616 757931108 129
859213717 -727630888 95
556601803 -886554892 2
137728099 -38807269 179
-795411509 -7274719 115
-188240565 -766812789 22
-327021292 -911065057 63
-993549608 -590480032 55
-675061194 -201565219 73
947871648 927268702 131
-656403212 -577888119 41
167099362 167949413 147
-453056917 509387513 196
-633463426 117971721 43
-97854095 540285684 84
-833071408 -721657663 110
-35299430 -67718624 183
-769887617 -227807427 172
13907890 -402557526 9
330480397 -94906329 82
-712478321 -178501886 124
-376196670 -79560133 166
482682279 493371355 177
-487862922 -689023419 114
670503725 -72243351 4
462749516 686003427 106
-244469972 -21930724 169
-387427843 617787364 187
334984262 -272870882 169
705988407 363741341 150
-267274701 -194280904 163
65722867 -293397095 128
360702733 -958754 27
-962464123 -825155885 80
911502675 180346532 140
-857079538 -974515 193
-111984501 787295299 128
743621559 -312573237 124
540349720 631733174 134
312826006 636513179 45
757289327 -62151515 90
-488031969 775532232 179
893082237 572315360 126
809484352 477658848 38
-499160259 -624314665 6
-252568182 750897931 111
-257251982 -632954708 29
829437354 -127191088 152
-546549522 389323170 18
74137809 -816318659 75
493209443 602783327 161
-774675069 969027115 32
922435687 -124627736 44
-991329494 813377895 125
155707768 -239641586 81
844631538 -991887749 64
-714833719 -26225210 10
-729513908 476075882 127
730437734 -538560312 42
-596229715 -309009705 118
-80652885 215946995 50
-460673075 -591332601 179
-575536499 535837947 6
-651393017 -701607526 10
584014881 474582756 112
-889434045 -522074612 95
-327150361 918454641 25
-8286077 363195706 109
-959697721 759911885 131
-53818519 659298342 138
709924270 774912460 116
260454416 -290869521 199
-436933351 -782897932 196
-594555944 759534262 143
