200
-669590083 -708361453 5
-371497978 -660214508 2
761261252 -292094849 3
-372731639 -837906616 4
236180101 -593991739 4
854453946 -301708321 5
605214769 -480809397 4
877716354 -17697815 1
-739205134 -133227670 2
247954280 -775454324 2
-911392761 -703321388 3
575110889 -975734505 1
105047440 -621422651 2
442769491 -279414339 2
-285093209 -830183605 2
610607588 -364088658 3
-899004361 -833286313 5
584383499 -13823171 1
-70308848 -991817696 3
186221446 -365567992 3
294526080 -203702423 2
-942704859 -591750304 4
848689563 -548114520 5
45548431 -630953750 3
-189836554 -745925785 4
557024891 -289144113 1
-158777806 -281649618 3
-682364825 -784102977 1
941271148 -315902926 4
-172875173 -496368681 5
-384074196 -420259966 1
-94010199 -808576407 3
-569660725 -279205440 2
415518601 -649683786 1
771136871 -135281644 5
973530093 -647677928 1
-698713955 -130726840 5
910051042 -733570714 5
922146603 -880088064 4
736656729 -581213813 1
-904228000 -856785549 1
-383023214 -758981271 1
206270087 -931727716 1
-502293087 -542516530 3
-818366240 -831901091 4
424050016 -494930982 4
-328849931 -477360036 3
511663441 -747929927 4
-630089391 -368174688 5
825057350 -285176589 1
-885677563 -181092752 4
979724006 -876228009 2
128380373 -205289110 4
-131973145 -988059309 2
542833565 -993573719 2
778393235 -833857145 3
768976270 -750137861 2
-986927285 -710544822 2
-625831899 -771252370 5
915239669 -116194835 5
-170422392 -21689453 1
-758257094 -683996626 1
945054665 -936895301 1
71065566 -56998983 2
-851633067 -426293334 5
-916468864 -244697855 2
550081479 -960673640 1
142006566 -777996522 3
-144264716 -527620049 4
450685614 -693478293 4
-166668334 -157748501 3
902140146 -716380992 3
22608900 -472419476 1
772713154 -524289421 3
-720674897 -470993374 3
132974823 -301886355 3
-660063623 -253147187 5
-874806956 -1934861 2
337579485 -991678427 4
381094697 -341742655 1
679311574 -978666975 1
467646233 -273899944 3
-146601027 -16642566 4
-861923184 -70199080 3
-495155278 -599429059 2
-352237508 -861040058 5
-275214010 -720108830 4
-150215874 -504867210 2
-534569804 -643490521 2
629394182 -415266497 2
366870397 -725235142 2
-185540089 -621650359 5
241228641 -545631885 4
-553488749 -706463411 5
136770644 -263809494 3
834874039 -158277950 3
-566733688 -755037806 1
-687592453 -796516173 1
-814802468 -609138819 1
160610465 -70879124 2
596038514 -138830504 4
531738422 -849777893 2
-149383753 -471354026 5
869351253 -441874230 4
-364062860 -999504631 1
933477036 -798235286 4
246973983 -331889917 2
88995847 -99074470 5
-697208757 -251568036 1
-164230874 -353045581 4
377751414 -14291932 5
-736002124 -251998167 2
65877719 -570799606 4
-144532701 -840648734 1
96210180 -406116553 2
974977755 -349603082 3
-761703959 -467343644 4
-906517887 -515815670 3
-515116527 -473174427 2
-876503082 -981723304 3
62833797 -770217880 4
525996484 -809755686 1
681183836 -617369447 2
30737370 -60096270 5
144902377 -377052944 3
-258226032 -615500463 5
11497178 -606061675 5
-869973005 -478057486 1
-226808337 -907781430 2
-698504506 -15092411 2
-509933354 -283930755 5
612699314 -213246635 1
-423201025 -373504421 2
97835558 -141497625 5
-218485145 -8453853 3
-511658350 -373448095 3
-859070794 -289411270 3
-832339612 -676515228 2
-271920946 -606783216 5
-513030904 -220250058 5
666815448 -686501939 3
931279253 -564983420 4
-41493590 -165937786 4
-358969832 -285698174 1
838899365 -176998013 5
-578593188 -578492651 5
-720441748 -447131681 5
-738956474 -614522184 4
-561919788 -205796406 2
-882010903 -734106149 2
384014513 -148320802 3
19465275 -497929398 4
109627970 -620209507 4
90350592 -437023108 2
-519222517 -313993845 2
789890252 -333822280 3
371571397 -27000182 1
245132420 -6060160 3
644179258 -721314999 4
-973477324 -382828153 4
-526300781 -473380769 2
-633972338 -826582465 2
-936025741 -575110484 5
782104239 -997807789 1
718657344 -29903012 2
-703036379 -450041916 1
203048633 -938398147 2
-283100794 -776893126 4
-605548045 -351429925 1
511545178 -507859220 5
326430063 -204868876 5
-24919690 -440970100 2
-610727987 -796647648 4
77652313 -442392442 2
825877077 -312391138 3
753322846 -461922301 1
-728264632 -499326602 1
44638582 -514335981 5
621892447 -615832492 1
291827332 -38013836 1
-707105057 -193513500 4
-782928126 -609370632 1
-351656816 -990681827 1
-630316326 -928434281 3
95632859 -323894317 4
151152107 -666409055 4
-300826555 -484549046 3
-4960797 -776663758 1
-111187512 -565616204 4
-669638577 -127579434 5
66279911 -458797220 1
-986050051 -374193789 5
-570960036 -636815359 4
-248694053 -184443085 4
-291526763 -327264086 4
201832056 -273532001 3
-100960883 -349391437 1
203392836 -755813389 5
833621602 -141616322 5
120862788 -545165500 3
