200
-163164681 598625378 4
-746455101 974653273 1
447258551 184128066 2
440225865 433450563 5
-572093655 741830090 5
287712966 578733176 5
888092092 454398735 4
-241122194 837726507 2
398390789 175960151 3
-128667855 1431953 3
69710457 257439787 1
-120615319 544409206 2
880967030 199978843 2
-665748964 664530564 5
484021123 393909963 5
210802030 508573606 5
791716821 66027544 2
667020017 728635891 4
-679997985 328951277 4
673681891 551297494 4
-575202723 174496336 1
-971639007 595919516 5
713470544 385195504 1
186280694 437691682 3
-649196229 547707495 2
308074093 922401087 3
-755418347 219494373 5
343312844 396346536 2
-592424350 154372781 1
-231118338 399041019 3
854001999 407344101 1
164682448 361402054 3
372118612 580102586 2
884196116 758289377 1
-484347296 594869932 4
-539815610 488471342 3
697748411 877857720 4
6085037 207764638 5
-484876984 184496503 3
-962229414 855623073 2
-243407861 40347810 1
-228810879 574237637 1
-179883506 686679040 3
709424589 243417493 2
920808765 996514341 5
834300446 861258144 5
543756096 655252457 4
-838318406 779024185 3
-852414208 144723500 1
-822915929 968044211 2
698631459 875914575 5
-256257300 870338104 3
-453613318 763805411 2
901714816 847909130 5
600117108 23496422 1
-367870737 244274287 3
-194106570 103829475 4
558944363 102596549 1
-114432929 296810412 3
-971837200 94838854 2
-363870069 591614978 3
-765022125 248636833 2
22861593 1232606 5
423632140 649071998 3
825128940 168152539 3
155703064 215151941 2
-416097034 144202306 3
559323245 992703278 4
-372056009 507130036 4
-930303637 370840595 4
786514311 302178990 5
31533491 313862670 2
-56684048 224718679 2
607214323 653168501 5
-637637655 619773853 5
922669906 150347748 4
269348405 164428808 5
716560881 336616765 5
896356075 524225565 5
-871098193 898607393 4
-518331728 152698005 4
238447650 398365307 3
-151280485 838309162 4
364466761 101929804 4
-110744637 849519829 2
-966650755 415185548 3
75200260 847941170 4
405692601 13656732 5
614116304 622025938 3
-734324405 263471456 3
-607119632 371247649 5
480758810 353079237 5
-730750481 168244553 5
-85322383 667544689 5
453856474 673866086 5
8436404 545355167 2
-400553424 644882509 4
420489850 970910455 1
376113889 15562676 3
731723390 337158099 4
-583145950 246538761 1
-352890677 328917917 4
961665078 759185236 4
938397889 574096944 2
-97206626 445269591 5
-107575664 36359727 2
920983856 943932450 2
-927099056 621285298 1
-939695411 169555472 2
-984130634 602268241 4
-52025816 835981554 2
312648849 809966082 5
478312156 486830242 4
-222988984 341527929 1
-27511177 163930835 2
418153291 205449253 5
-117846226 869131463 5
-432341406 840329875 5
758984764 679322222 2
321102632 172198705 2
193568624 20103643 5
-616850005 404823301 4
519064497 209963292 3
580817447 929420799 3
647214065 58641579 5
835124886 725079714 5
-808596199 700128701 1
97097385 53588247 4
-810999456 994921419 3
635573278 621208219 3
640277138 436518668 4
-731899185 309302251 3
-80053546 953629883 5
86290525 125191408 5
-764212760 907048575 2
-71430273 237349131 3
-311225123 223755085 3
250179437 981546075 3
-452548898 563531984 2
-287620355 267578649 2
-838685669 83282915 4
-114611011 149575691 1
-80868806 222378076 3
733615490 760855591 1
-568248138 753331297 1
22488384 13601189 4
363658344 221410883 1
732117044 962520845 3
855653900 811810875 5
451208277 888469197 3
865752550 184494049 5
-493578104 221794138 1
478896757 234082852 2
638412145 944399083 4
768292765 520309146 3
208932324 636202470 5
270130277 564014516 5
117192066 173060257 5
693754340 771803510 3
-942457560 996138625 4
-323654915 318823805 5
-996741038 286854626 3
407461936 208525081 4
-25376911 392395868 1
-750176688 433962490 2
-131886128 47480095 5
-859779958 291347431 3
415959953 397791897 3
401113749 183294084 1
235330866 569264550 5
-226138581 647682012 1
504701879 322098024 5
-36798765 175063730 3
351237040 54926387 4
702674106 53523979 4
-388728985 363397248 1
5733827 146782995 5
76646147 849334303 3
-964216469 22278408 5
-623392697 3393476 5
50751540 749478221 5
-424288619 344787008 2
143429811 163925726 4
478541671 661508578 4
-844593500 55405216 5
-936890204 677886477 3
453984027 620731947 2
-873271194 806689723 5
-638072306 818793323 5
632406452 512802529 3
-525998568 45086997 3
-410232433 116221176 1
580272409 661201090 5
-477803935 597139318 4
654663843 2187887 2
834961810 134097724 5
-137849726 694985296 4
-155597455 112625350 3
602244232 910481025 5
-56208025 688274203 3
