200
-800079036 -1968909 21
-800144478 -396449 14
-800092350 -2252362 28
-800130993 -877849 21
-800137708 -736815 21
-800096965 -1592350 21
-800007705 -2311272 14
-800075169 -2050093 21
-800055187 -2469605 21
-800171897 -24986 28
-800070257 -1435576 14
-800076783 -672130 7
-800170166 -55161 21
-800056140 -1633069 14
-799990060 -5116413 28
-800101338 -500144 7
-800133516 -549750 14
-800117400 -1550871 28
-800070927 -713118 7
-800040926 -3692261 28
-800167842 -69238 14
-800090037 -1737900 21
-800083761 -1869552 21
-799977764 -4095664 21
-800133191 -277207 7
-800148692 -506098 21
-799991192 -5084823 28
-800105763 -469127 7
-800134878 -1061645 28
-799988407 -3872111 21
-800113409 -831342 14
-800009694 -2283346 14
-800097844 -1049331 14
-800027443 -4069737 28
-800095741 -1078785 14
-800006649 -3489010 21
-800076894 -2013932 21
-800070259 -717714 7
-800120611 -730468 14
-800065782 -2247267 21
-800007878 -4617486 28
-799988753 -2576559 14
-800043337 -1812346 14
-800102974 -1954943 28
-800005233 -2345879 14
-799985589 -2620848 14
-800142112 -644357 21
-800057730 -805378 7
-800023234 -2093871 14
-799976114 -1376693 7
-800038483 -1880238 14
-800127451 -634710 14
-800102120 -1978761 28
-800154791 -503909 28
-800159549 -278053 21
-800151187 -604944 28
-800164099 -182439 21
-800102906 -1956796 28
-800160712 -253739 21
-800095115 -543701 7
-799994180 -2500503 14
-800170458 -16257 7
-800165103 -53861 7
-800144814 -391596 14
-800151359 -600137 28
-800085658 -1829738 21
-800167920 -68137 14
-800053531 -3339322 28
-800104375 -1915677 28
-800101482 -1996688 28
-800004512 -1178032 7
-800066967 -740807 7
-800048548 -869733 7
-799988987 -1286649 7
-800161429 -238657 21
-800020257 -4270909 28
-800103816 -482731 7
-800084800 -1231848 14
-800080757 -1288416 14
-800147837 -349442 14
-800056376 -814872 7
-799995905 -2476474 14
-800082489 -1896398 21
-800106752 -1849114 28
-800161802 -307790 28
-800022833 -1049665 7
-800104993 -1423732 21
-800088100 -1778478 21
-800012387 -2245615 14
-800014827 -2211411 14
-799987029 -3901075 21
-800131848 -286683 7
-800115128 -807236 14
-800002840 -2379410 14
-800170792 -55991 28
-800069049 -2178638 21
-800101554 -1994716 28
-800069849 -2882466 28
-800135486 -522361 14
-800063306 -1532697 14
-799997003 -3691564 21
-800089363 -1167892 14
-800032860 -1958993 14
-799981363 -2680005 14
-800096544 -1067551 14
-800090867 -1146851 14
-800091361 -1709949 21
-800031042 -992300 7
-800028053 -1013132 7
-800160901 -332892 28
-800157703 -211142 14
-800072526 -1403781 14
-800137888 -977197 28
-799996950 -3692599 21
-800123356 -1384128 28
-800015268 -1102597 7
-800060250 -2363369 21
-800119251 -1499128 28
-799993209 -2514174 14
-800116654 -1178840 21
-800106033 -1402004 21
-800059052 -3184617 28
-800157200 -327361 21
-799995122 -4974686 28
-800164890 -110572 14
-800154581 -127464 7
-800045932 -3551952 28
-799992131 -5058488 28
-800147036 -360565 14
-800136561 -760752 21
-800058945 -796847 7
-800142655 -210974 7
-800142694 -842782 28
-800124937 -1004874 21
-800039425 -2800587 21
-800054529 -2483577 21
-800162054 -300570 28
-800093401 -2223013 28
-800065741 -2248009 21
-800135523 -1043453 28
-800089757 -1162416 14
-799995023 -1244395 7
-800055697 -819649 7
-800158381 -100814 7
-800025251 -4131080 28
-800122790 -1050084 21
-800150849 -460694 21
-799991413 -1269607 7
-800013109 -4471162 28
-800041536 -2756407 21
-800076301 -2026366 21
-800087160 -599374 7
-800133522 -549855 14
-800039768 -1862335 14
-799979872 -4051227 21
-800018668 -4315389 28
-800129217 -915087 21
-800147512 -176947 7
-800079028 -656337 7
-800043502 -1810055 14
-800099848 -2042425 28
-800000519 -3617752 21
-800070826 -2141172 21
-800014569 -1107588 7
-800093533 -2219196 28
-800009241 -4579421 28
-800127696 -1262739 28
-800046533 -3535257 28
-799996713 -1232587 7
-800037898 -2832834 21
-799999321 -1214229 7
-800131889 -1145277 28
-800024661 -4147697 28
-799999011 -3649442 21
-800052361 -3372092 28
-800137862 -244556 7
-800020601 -2130604 14
-799998416 -2441199 14
-800132812 -559687 14
-799984609 -2634467 14
-800169950 -59628 21
-800039239 -2804598 21
-800055644 -1639978 14
-800113842 -1237873 21
-800066220 -2983898 28
-800134449 -536800 14
-799995544 -2481479 14
-800153868 -264881 14
-800055073 -824090 7
-800063520 -1529783 14
-800099092 -1031753 14
-800013081 -1118041 7
-800014204 -3330425 21
-800045607 -3561223 28
-800167323 -76529 14
-800145833 -188753 7
-800144812 -587542 21
-800145338 -768620 28
-800010236 -3413613 21
-800152149 -577943 28
