200
213622488 -5252085 28
213604989 -1190541 7
213512899 -1637667 21
213468065 -232136 7
213435551 -17937 28
213612335 -3725779 21
213631802 -1378238 7
213521930 -609108 7
213563399 -1798885 14
213624132 -3973596 21
213603907 -3548881 21
213574538 -2932186 21
213533692 -2765723 28
-828731291 -886176573 5
213462581 -387334 14
213616931 -1274191 7
213447115 -85459 7
213484615 -1391639 28
213633281 -4165776 21
213441722 -47757 7
213589348 -2162147 14
626297829 648591179 4
213565382 -2739840 21
213620902 -3905787 21
213475960 -287397 7
213477158 -591434 14
213480503 -319092 7
213455829 -292903 14
213541685 -2989541 28
213576538 -3965403 28
213519328 -1772802 21
213598209 -1143117 7
213508472 -1029769 14
213519111 -589476 7
213617780 -5120373 28
213519029 -2355158 28
213569254 -1880771 14
213538436 -2174053 21
213464339 -206077 7
213539663 -733334 7
213462285 -191600 7
213469693 -486996 14
-417424777 229617423 4
213441436 -45685 7
213508595 -2063003 28
213518632 -1758179 21
213473845 -545107 14
213577038 -1989668 14
213525763 -636024 7
213503779 -482048 7
213590395 -2176821 14
213532186 -2723682 28
213578491 -2010147 14
213512229 -541158 7
213598053 -3425888 21
213526564 -641584 7
213443727 -123463 14
213502830 -1901755 28
213537275 -716581 7
213547965 -2374160 21
213533902 -2078843 21
213607545 -4833784 28
213582746 -4139363 28
213634173 -1394766 7
213571288 -2863835 21
213540548 -739437 7
213483690 -1365829 28
213583563 -4162115 28
213488892 -377815 7
-58443255 666086492 1
213556052 -3391935 28
213539803 -1468392 14
213481172 -323843 7
213476302 -579503 14
213586676 -2124757 14
213629054 -2718020 14
213557994 -861627 7
213504127 -1453553 21
213441034 -171464 28
213531335 -1349891 14
213440856 -124891 21
213504189 -1454733 21
213538612 -725854 7
213522471 -2451603 28
213495243 -1267003 21
213618758 -5147659 28
213523418 -2478234 28
213612762 -2489881 14
213493751 -823741 14
213529635 -663150 7
213602268 -2342889 14
213590963 -2184771 14
213572110 -1920675 14
213507379 -1521820 21
213632210 -2762081 14
213549395 -3205591 28
213487646 -738207 14
213552795 -825154 7
213440675 -80636 14
213572234 -3845030 28
213535083 -2103591 21
213530164 -2667045 28
213594654 -3354486 21
213626151 -1338698 7
213538301 -2171071 21
213528937 -1974465 21
-673639357 562032011 4
213522371 -2448884 28
213595799 -3378548 21
213610325 -4911450 28
213627571 -4045905 21
213496414 -430461 7
213489906 -1539791 28
213626033 -2675653 14
213506185 -1995582 28
213555626 -3379980 28
213498658 -446115 7
213567911 -3723870 28
213535914 -1414021 14
213613899 -2505807 14
213593867 -3337987 21
213452788 -375338 21
213623874 -3968255 21
213550552 -3237907 28
213468859 -237691 7
213561035 -1765792 14
213438796 -54389 14
731876012 -216204220 5
7206235 36444906 1
213453861 -530505 28
213552394 -1644671 14
213483431 -339584 7
213488271 -747079 14
213593587 -2221521 14
-936303066 -984694309 4
213517128 -575538 7
213546108 -2335185 21
213483623 -340943 7
213626915 -2688088 14
213603780 -3546115 21
213446786 -83081 7
815135237 100210951 2
213544876 -3078960 28
213523239 -2473137 28
213580753 -4083509 28
213603060 -4708023 28
213450132 -213056 14
213617752 -1279973 7
213466198 -219059 7
213574685 -978402 7
213493092 -407231 7
213500510 -918372 14
213539431 -2194908 21
213601467 -4663510 28
213526626 -1283997 14
213633547 -2780904 14
213548987 -1597098 14
213534139 -1389188 14
213497241 -436245 7
213517385 -577332 7
213478311 -303856 7
213453272 -128473 7
213531428 -2702445 28
213472006 -259703 7
213597202 -2272137 14
213455996 -590258 28
213507227 -1012426 14
213464950 -420539 14
213552880 -2477344 21
213483421 -339609 7
213483671 -1365248 28
213559077 -2607514 21
213470878 -251705 7
213551592 -1633426 14
213515912 -1133951 14
213522252 -2445454 28
213539372 -1462415 14
213480760 -962783 21
213601835 -1168469 7
213555316 -1685561 14
213451157 -227481 14
213499234 -900431 14
213481603 -1307238 28
213489510 -764443 14
213439541 -32492 7
213524779 -629139 7
213526745 -2571355 28
213488121 -372438 7
-401203781 758722179 5
213526078 -638170 7
213519897 -1784688 21
213541516 -2238604 21
213589597 -2165597 14
213515604 -1129745 14
213435152 -6632 28
213607946 -1211164 7
213613206 -2496016 14
213474377 -1105017 28
213582079 -2060415 14
213509531 -2089260 28
