20 80 500
128 137
440 442
320 320
46 47
269 270
290 296
301 302
471 475
201 202
386 387
465 466
185 190
366 373
494 499
432 433
208 210
232 235
119 120
426 430
421 425
311 311
227 230
102 102
378 385
3 7
246 246
411 412
454 454
50 55
211 211
138 153
72 76
276 279
419 420
390 391
96 98
434 436
182 183
77 85
240 241
404 410
339 341
163 171
481 481
398 403
261 262
297 299
213 216
280 282
467 470
56 61
461 463
18 22
35 40
117 118
443 446
28 32
238 239
285 288
70 71
414 414
220 223
108 109
157 160
328 333
253 259
456 459
324 326
122 125
15 16
86 87
336 337
88 94
395 396
10 13
374 377
197 200
355 357
205 206
485 487
