20 80 500
38 44
443 445
396 396
410 413
361 363
483 484
364 365
51 60
21 21
131 135
498 499
353 355
406 408
65 72
376 376
315 315
230 231
73 74
493 497
423 427
12 19
157 164
203 205
150 156
239 242
451 457
49 50
254 255
247 248
214 214
473 479
89 91
234 234
114 114
346 346
219 222
485 488
289 289
320 320
299 299
188 195
144 144
206 208
467 468
1 4
367 372
388 389
431 432
337 338
260 266
437 439
165 173
374 374
36 37
175 184
272 273
440 441
331 334
47 48
23 27
270 271
446 449
381 382
459 465
283 285
305 309
398 404
78 78
310 311
84 86
274 278
416 416
116 121
433 436
100 103
414 415
227 228
196 201
328 329
358 359
