5 200 1000
900 904
581 582
930 933
835 837
173 173
761 762
600 600
308 311
363 364
789 790
154 155
743 744
247 247
267 275
866 866
129 129
858 861
237 238
177 179
312 316
909 910
663 664
737 737
415 416
288 289
564 564
975 975
704 708
868 869
255 258
556 556
683 690
499 500
806 808
366 368
711 712
566 569
584 585
874 879
438 443
993 994
234 234
89 98
552 555
1 4
793 793
221 221
239 239
182 182
417 421
619 620
845 845
847 857
540 540
978 979
194 195
506 509
890 892
605 605
282 283
144 146
431 433
831 831
671 673
359 359
156 159
719 720
459 459
596 598
463 467
424 429
741 741
534 538
919 923
997 998
42 45
55 59
19 25
865 865
298 304
378 379
290 296
955 955
52 53
765 767
514 514
403 408
382 382
544 545
754 760
740 740
492 492
872 873
39 41
882 882
916 916
833 834
983 986
67 74
898 899
541 543
99 115
410 413
633 636
28 33
317 321
445 446
377 377
474 475
627 627
925 929
390 392
623 623
667 667
305 305
798 801
839 840
575 575
149 150
722 724
361 361
675 678
331 332
815 816
694 694
842 843
189 189
60 61
912 913
532 533
231 232
988 988
893 897
934 934
488 488
586 586
167 170
36 37
700 703
752 752
886 889
187 187
322 322
963 964
138 142
592 595
524 525
371 374
570 570
80 82
496 497
163 166
822 828
329 330
607 616
197 197
642 642
399 401
122 122
937 938
650 653
174 174
393 395
727 727
658 661
698 699
548 551
12 13
15 16
732 732
940 946
119 120
812 812
966 966
75 77
248 251
227 228
781 785
339 340
7 9
958 958
10 10
776 776
637 638
151 151
334 337
763 764
748 750
277 278
217 217
950 950
447 447
224 225
204 206
802 803
388 389
348 348
990 992
344 344
280 281
