5 200 1000
293 293
578 580
42 43
214 216
957 958
673 673
952 953
493 496
462 462
915 917
25 26
725 726
205 206
852 858
121 122
644 646
607 608
802 802
954 956
920 923
104 105
436 437
803 806
497 503
110 113
658 664
677 680
490 492
336 337
388 392
869 873
616 617
849 850
575 577
281 284
127 135
569 574
355 359
900 902
210 210
174 176
762 764
314 316
451 454
424 425
331 332
201 204
227 228
807 809
244 249
51 51
172 173
148 150
694 697
919 919
621 622
397 404
641 641
782 784
326 327
791 792
618 620
719 722
905 913
650 651
506 507
768 768
124 125
521 525
959 962
926 927
939 939
963 964
866 866
513 520
52 53
54 55
727 729
879 880
585 587
748 750
688 689
177 179
793 793
712 713
5 7
837 837
653 656
196 196
948 950
328 330
487 488
22 23
266 275
56 56
351 353
888 890
930 934
417 417
101 102
846 847
701 704
346 347
557 561
159 165
412 415
14 15
699 700
88 94
257 259
895 898
306 308
475 479
361 362
540 544
33 38
708 708
67 68
843 843
788 789
438 441
106 109
547 550
810 811
136 139
285 286
613 614
419 422
9 11
29 32
190 191
181 187
323 324
511 512
730 731
99 100
69 78
338 341
817 824
144 147
18 21
732 733
530 536
779 781
299 305
977 980
892 893
231 241
12 13
945 945
321 322
223 223
710 711
81 82
217 219
754 758
333 333
876 878
564 568
343 344
169 170
990 991
59 62
115 116
45 47
771 776
294 297
970 972
831 831
597 605
405 406
994 999
310 312
207 208
370 370
624 625
715 718
471 473
626 627
551 555
859 861
1 4
408 409
395 396
735 742
480 485
886 887
881 883
154 157
457 458
967 969
983 986
63 65
263 264
465 469
429 430
276 279
143 143
628 630
380 382
