3 300 1000
488 489
890 891
788 789
516 517
660 662
264 265
179 181
364 365
896 897
306 307
239 240
174 178
17 18
971 973
12 14
920 920
100 101
270 271
811 813
928 928
538 541
687 688
39 41
141 141
351 353
213 213
730 730
807 808
635 635
613 613
600 600
631 632
185 187
521 521
794 797
958 959
42 43
53 54
531 532
296 296
10 11
104 105
978 979
934 937
19 20
182 183
535 535
467 468
251 251
966 970
259 262
953 954
765 765
911 912
355 357
164 165
149 150
822 823
766 767
882 883
820 820
476 477
113 114
2 3
99 99
256 256
102 103
301 302
61 63
856 857
733 733
153 153
755 757
31 35
317 318
980 983
420 420
497 497
841 842
479 479
383 385
403 403
880 880
824 826
254 254
94 94
803 803
290 290
501 502
390 391
211 212
818 818
358 359
769 772
445 446
288 289
701 702
484 485
898 899
272 273
431 432
163 163
951 952
470 471
75 76
703 707
218 219
876 877
639 640
417 417
366 367
862 865
650 651
344 345
312 313
189 190
963 965
368 369
837 839
893 895
134 135
208 210
282 284
610 611
329 330
559 560
236 238
976 977
585 587
641 642
668 673
563 564
508 510
8 9
241 244
138 139
170 171
87 87
658 659
846 847
314 314
91 93
886 887
949 950
64 65
990 991
735 735
775 777
228 229
379 380
566 567
550 552
276 277
875 875
902 903
736 738
155 156
548 548
320 322
397 398
436 437
411 413
298 299
447 450
416 416
459 459
900 901
109 111
267 268
866 869
490 491
945 948
888 889
634 634
44 47
860 861
570 572
119 120
473 474
518 519
848 849
699 700
234 235
78 80
689 691
376 377
400 401
422 422
829 830
341 343
616 617
287 287
714 716
992 994
115 116
57 58
360 362
72 73
426 427
543 545
428 429
582 583
136 137
68 70
904 905
708 713
4 5
22 22
554 554
339 340
692 698
293 293
130 133
799 800
594 595
84 85
588 589
405 410
602 605
573 578
831 832
278 279
675 676
331 337
721 723
774 774
724 725
680 681
784 785
169 169
827 827
230 232
157 159
643 645
303 304
922 923
783 783
81 82
618 619
529 530
511 513
761 761
49 49
717 720
999 999
579 580
324 326
655 656
664 666
396 396
742 743
200 203
984 989
373 375
15 16
884 885
925 925
802 802
932 932
28 29
346 350
392 393
59 60
371 372
590 592
637 638
127 129
96 96
561 562
195 196
647 648
870 871
858 859
493 495
143 145
677 679
245 247
309 311
172 173
786 787
844 845
498 500
220 223
452 453
248 248
439 444
916 917
625 625
522 524
216 216
939 939
906 908
423 423
748 753
122 123
225 226
124 125
526 527
790 791
620 622
