3 300 1000
981 982
371 372
687 688
627 628
769 770
625 626
825 827
446 446
649 649
723 724
296 297
209 210
103 108
434 435
713 713
188 192
245 246
305 307
26 26
935 936
385 386
509 509
299 300
802 803
277 278
693 694
978 980
677 678
907 907
732 733
784 787
536 539
864 866
666 667
552 553
604 606
377 378
919 920
90 91
842 842
745 749
334 334
480 483
630 630
945 946
502 502
180 182
440 440
424 428
69 70
968 970
62 62
323 326
832 832
401 402
612 613
205 205
512 515
20 21
380 382
275 276
728 730
183 184
595 597
50 51
756 756
337 337
322 322
565 565
154 155
145 146
660 662
288 288
947 948
953 955
871 875
139 139
773 773
963 965
893 894
725 725
436 438
119 121
869 869
706 706
471 471
281 284
313 313
260 262
214 214
63 65
473 474
5 5
465 466
633 633
10 10
961 962
522 522
921 921
2 3
329 329
469 470
11 14
279 280
599 600
850 851
1 1
546 546
30 31
388 388
316 317
758 758
223 224
526 527
389 389
366 370
301 303
581 582
990 992
503 508
234 234
738 738
101 101
393 393
222 222
164 167
520 521
845 846
399 400
996 996
78 83
684 685
898 899
403 404
883 891
248 249
475 476
821 824
680 680
39 40
848 848
902 904
41 41
740 743
571 572
172 174
270 271
715 716
255 255
364 365
852 854
570 570
236 238
463 464
176 176
350 352
495 495
789 790
74 75
937 939
36 36
695 696
200 201
344 346
721 722
782 783
700 704
576 577
815 816
122 123
653 654
554 556
778 779
971 972
309 310
734 737
820 820
856 856
534 535
362 362
949 951
294 294
560 560
517 517
22 24
765 768
562 563
881 881
71 73
407 409
411 412
193 199
126 127
225 226
397 397
547 548
912 913
795 796
136 136
19 19
838 841
652 652
669 671
250 252
717 720
663 665
540 541
290 290
59 59
359 360
957 960
813 813
829 829
809 810
518 519
448 452
327 328
52 55
478 479
983 984
751 751
429 429
592 593
914 916
928 928
675 675
88 89
861 862
542 543
780 781
491 491
347 349
110 117
272 273
550 551
124 124
533 533
942 943
797 799
66 68
242 243
95 95
202 204
43 44
285 286
98 98
583 588
800 800
92 93
897 897
230 230
169 169
924 925
697 699
185 187
157 159
973 974
485 489
258 258
558 558
460 462
760 761
608 608
775 777
806 808
529 529
151 153
763 764
638 639
927 927
218 220
656 659
793 794
263 263
291 292
356 356
456 456
341 343
432 432
34 35
621 621
975 976
987 987
877 877
641 642
458 458
709 711
910 911
143 144
413 417
467 468
579 580
45 48
266 268
140 141
589 590
993 994
373 374
631 632
419 422
