8
300 30000
4853 893 0

1 2 0

0 0 0

42 369 0

0 1393 0

0 944 0

117 8420 0

345 243 0

1197 2225 0

9532 1048 0

5839 8 0

306 1898 0

324 39 0

0 20 0

2374 351 0

23 854 0

3 2 0

14 738 0

176 1470 0

2 0 0

824 0 0

2 195 0

27 0 0

3 20 0

4 1314 0

0 3298 0

20 7412 0

0 0 0

21 250 0

96 6112 0

96 2457 0

966 1 0

10 13 0

55 1 0

9249 4328 0

290 50 0

7 497 0

1380 254 0

7541 10 0

43 187 0

5509 3 0

1288 335 1
31
0 6059 0

9 128 0

59 989 1
29
3001 264 0

0 880 0

6970 7964 0

185 3 0

131 1207 0

450 145 0

2452 330 0

28 2763 0

5383 8 0

1238 1950 3
19 12 2
609 101 0

328 3698 1
24
0 1599 1
16
0 3828 1
11
3322 1243 0

3 0 0

0 5349 0

9 5673 0

98 732 0

13 43 0

59 19 0

614 3143 0

2 39 0

2806 184 0

1503 14 0

95 1030 0

1887 75 0

0 2049 1
51
43 32 0

0 2205 0

12 63 1
73
2570 95 1
42
16 283 0

1645 589 1
22
0 7642 0

189 364 0

122 1397 0

0 25 0

411 51 0

1171 549 2
79 75
5 1 0

637 312 0

1 2 0

0 359 1
8
229 1 0

574 163 2
30 5
1995 201 0

2 892 0

0 5 0

2015 33 0

0 6233 0

0 9 0

805 3475 1
67
3 7 2
72 56
336 931 0

953 594 0

0 0 0

34 8539 1
21
7747 304 0

1 0 0

2 1 0

5231 5 1
64
0 66 0

310 391 0

334 5511 1
55
10 3621 0

3 1000 1
54
6756 4663 0

8538 11 0

0 93 0

153 3 0

4135 9 0

3926 334 0

129 0 2
83 45
1 0 0

43 195 0

2414 1 1
88
6784 36 2
86 49
9607 0 0

1654 4 1
25
16 4496 2
117 38
695 1189 2
114 40
2857 2 0

0 9 1
76
420 444 2
122 110
724 0 2
91 46
0 4510 0

0 0 0

758 9 0

1 1561 0

3669 5720 1
18
23 46 0

191 1741 0

281 7120 0

502 1628 1
84
30 2692 1
92
0 1 2
103 61
87 32 0

323 94 1
113
4 8911 0

2351 0 0

0 8644 0

160 1 0

3 12 0

4570 8 0

54 736 0

9188 3930 1
133
6 658 1
146
3 6317 1
90
178 2620 0

2049 3953 1
44
0 560 2
37 13
45 6524 1
6
131 5593 0

132 0 1
139
4 684 0

4916 2898 1
147
9 1579 0

0 21 1
81
463 20 3
145 87 52
868 2616 0

1129 39 1
82
8563 556 2
142 120
3081 1421 1
158
1293 2228 0

0 4412 2
41 4
3614 5 0

96 4 1
153
5071 0 1
128
142 7 1
135
40 0 0

15 1028 0

4108 2 1
32
4573 918 1
163
654 1 0

16 274 2
138 17
0 631 0

662 0 0

4045 14 0

9913 1 0

1734 5279 0

1135 373 0

113 1341 0

313 6536 3
186 165 35
0 0 3
170 80 3
6280 7 1
115
578 0 0

87 847 0

41 1415 0

40 54 2
99 10
46 1167 0

0 477 1
167
4270 48 1
187
37 1064 1
108
2 50 0

0 6 2
179 39
5972 320 3
189 141 60
6 249 2
196 131
59 5364 2
157 151
3953 99 1
172
5 1446 1
69
3158 191 3
202 68 34
4 1362 0

5 23 3
98 85 71
8966 119 2
162 112
14 413 3
185 125 57
574 0 1
180
207 12 3
181 161 0
1 5880 1
169
4 1880 1
206
2 9 1
197
1312 921 1
15
532 9308 0

406 17 2
166 23
333 3515 1
205
3885 41 1
218
6 0 0

3 2416 1
207
100 3440 0

1 0 0

175 0 1
184
402 8478 1
144
6 4950 1
62
21 40 5
215 210 203 175 124
45 25 2
105 48
0 1 2
168 148
2 780 3
201 177 101
0 3752 0

126 1727 2
213 102
6 1652 3
233 134 20
2995 224 2
160 78
1 2107 1
137
5 214 0

14 6 3
224 223 27
154 3726 0

0 210 3
118 116 93
3113 1824 1
58
149 6 3
227 132 74
3736 0 3
59 47 1
9 8868 3
208 194 130
589 5 1
149
1 1609 2
100 65
1374 783 2
198 152
9613 0 2
247 211
536 1988 1
190
513 62 1
245
2867 0 3
250 126 70
5 7002 4
214 188 150 106
2 317 2
220 204
89 6015 0

481 1786 2
212 192
0 816 1
9
268 0 1
63
2 0 3
235 229 96
41 0 3
251 238 230
211 52 1
216
1250 245 2
176 174
6 0 3
249 236 226
113 0 1
171
3760 3817 3
254 225 77
607 0 1
228
2 4210 1
28
0 5 0

420 126 1
232
3630 2030 2
109 66
1978 35 1
178
30 359 1
257
151 1902 2
183 95
117 157 3
248 243 209
371 6 6
269 242 231 136 94 89
0 1710 1
14
3298 2440 2
275 140
1 5 3
276 239 36
257 8 3
272 121 43
355 75 4
277 256 199 50
16 5 1
26
8549 5826 4
270 266 221 129
183 759 5
279 260 222 193 191
11 7656 4
271 219 155 111
114 0 2
182 164
1 1 4
261 244 217 127
7645 912 3
281 265 258
0 2418 2
280 255
3 579 3
287 286 282
453 3 3
173 123 7
3011 174 5
268 264 252 119 53
65 9218 4
267 262 240 33
4705 3098 4
291 259 200 143
21 891 2
289 274
161 68 4
283 273 253 97
946 583 7
294 292 284 263 237 154 107
667 2031 5
290 278 159 156 104
140 59 0

6 2 7
297 296 295 293 285 234 195
5200 1670 4
298 288 246 241
