168
29
228
298
169
-30
-16
183
276
170
-29
295
432
370
171
-28
248
409
371
172
-27
172
371
471
372
173
-26
92
291
332
174
-25
461
517
374
175
-24
340
457
375
176
-23
559
567
376
177
-22
577
576
377
178
-21
62
261
419
378
179
-20
521
649
578
379
180
-19
682
579
380
181
-18
15
214
397
381
182
-17
581
382
183
-16
475
628
582
383
184
-15
220
419
501
384
185
-14
415
599
584
385
186
-13
722
753
585
386
187
-12
617
586
387
188
-11
578
682
587
388
189
-10
185
384
486
389
190
-9
914
1113
1249
1186
987
788
589
390
191
-8
506
548
391
192
-7
774
782
591
392
193
-6
395
593
592
393
194
-5
290
489
541
394
195
-4
368
481
395
196
-3
356
555
575
396
197
-2
544
570
397
198
-1
