145
2
100
133
68
-30
17
115
141
69
-29
12
110
139
70
-28
17
115
142
71
-27
128
198
170
72
-26
63
161
166
73
-25
30
128
150
74
-24
195
233
173
75
-23
280
272
174
76
-22
155
214
175
77
-21
254
264
176
78
-20
5
103
140
79
-19
112
194
178
80
-18
49
147
163
81
-17
12
110
145
82
-16
213
246
181
83
-15
40
138
160
84
-14
195
238
183
85
-13
142
212
184
86
-12
277
280
185
87
-11
304
284
186
88
-10
-1
97
142
89
-9
102
194
188
90
-8
209
248
189
91
-7
244
266
190
92
-6
245
267
191
93
-5
299
290
192
94
-4
302
291
193
95
-3
321
292
194
96
-2
