1045
159
303
248
49
-150
463
555
448
249
50
-149
151
300
250
51
-148
187
386
418
251
52
-147
6
205
328
252
53
-146
424
438
253
54
-145
234
433
443
254
55
-144
286
370
255
56
-143
656
855
1053
1052
853
654
455
256
57
-142
288
372
257
58
-141
183
320
258
59
-140
274
366
259
60
-139
452
555
459
260
61
-138
596
460
261
62
-137
594
461
262
63
-136
156
309
263
64
-135
242
441
452
264
65
-134
233
432
448
265
66
-133
476
465
266
67
-132
227
426
446
267
68
-131
250
449
458
268
69
-130
729
928
1096
1065
866
667
468
269
70
-129
246
445
457
270
71
-128
623
646
470
271
72
-127
110
309
390
272
73
-126
107
306
389
273
74
-125
372
522
473
274
75
-124
583
628
474
275
76
-123
134
333
404
276
77
-122
525
600
476
277
78
-121
559
477
278
79
-120
693
892
1083
1075
876
677
478
279
80
-119
872
1071
1173
1076
877
678
479
280
81
-118
567
480
281
82
-117
776
975
1126
1078
879
680
481
282
83
-116
428
455
283
84
-115
1073
1176
1080
881
682
483
284
85
-114
489
586
484
285
86
-113
261
373
286
87
-112
525
486
287
88
-111
526
487
288
89
-110
91
290
389
289
90
-109
1080
1279
1282
1086
887
688
489
290
91
-108
253
452
471
291
92
-107
652
491
292
93
-106
447
569
492
293
94
-105
536
614
493
294
95
-104
246
370
295
96
-103
545
495
296
97
-102
559
627
496
297
98
-101
1116
1304
1293
1094
895
696
497
298
99
-100
991
1190
1242
1095
896
697
498
299
100
-99
1055
1175
1096
897
698
499
300
101
-98
253
452
476
301
102
-97
610
655
501
302
103
-96
432
467
303
104
-95
324
513
503
304
105
-94
357
530
504
305
106
-93
471
488
306
107
-92
451
578
506
307
108
-91
661
507
308
109
-90
1493
1498
1304
1105
906
707
508
309
110
-89
706
707
509
310
111
-88
515
612
510
311
112
-87
587
511
312
113
-86
515
512
313
114
-85
386
549
513
314
115
-84
1113
1311
1310
1111
912
713
514
315
116
-83
1422
1466
1311
1112
913
714
515
316
117
-82
1451
1312
1113
914
715
516
317
118
-81
1590
1789
1949
1910
1711
1512
1313
1114
915
716
517
318
119
-80
151
350
434
319
120
-79
251
385
320
121
-78
325
522
520
321
122
-77
788
987
1152
1118
919
720
521
322
123
-76
401
561
522
323
124
-75
682
702
523
324
125
-74
677
700
524
325
126
-73
1367
1321
1122
923
724
525
326
127
-72
829
1028
1175
1123
924
725
526
327
128
-71
780
979
1151
1124
925
726
527
328
129
-70
338
433
329
130
-69
542
635
529
330
131
-68
398
464
331
132
-67
1318
1422
1327
1128
929
730
531
332
133
-66
545
638
532
333
134
-65
1441
1329
1130
931
732
533
334
135
-64
364
449
335
136
-63
733
535
336
137
-62
174
355
337
138
-61
826
1025
1179
1134
935
736
537
338
139
-60
415
576
538
339
140
-59
430
584
539
340
141
-58
546
540
341
142
-57
904
1103
1220
1138
939
740
541
342
143
-56
545
643
542
343
144
-55
426
584
543
344
145
-54
1325
1432
1340
1141
942
743
544
345
146
-53
942
1141
1241
1142
943
744
545
346
147
-52
1603
1802
1970
1939
1740
1541
1342
1143
944
745
546
347
148
-51
822
1021
1182
1144
945
746
547
348
149
-50
461
604
548
349
150
-49
279
414
350
151
-48
160
355
351
152
-47
676
713
551
352
153
-46
385
568
552
353
154
-45
844
1043
1196
1150
951
752
553
354
155
-44
1545
1350
1151
952
753
554
355
156
-43
1398
1474
1351
1152
953
754
555
356
157
-42
1440
1352
1153
954
755
556
357
158
-41
616
557
358
159
-40
426
492
359
160
-39
471
515
360
161
-38
1001
1200
1278
1157
958
759
560
361
162
-37
349
455
362
163
-36
1575
1774
1964
1955
1756
1557
1358
1159
960
761
562
363
164
-35
1549
1359
1160
961
762
563
364
165
-34
1187
1373
1360
1161
962
763
564
365
166
-33
384
574
565
366
167
-32
656
566
367
168
-31
209
388
368
169
-30
583
568
369
170
-29
740
754
569
370
171
-28
1155
1354
1360
1167
968
769
570
371
172
-27
538
654
571
372
173
-26
1360
1364
1169
970
771
572
373
174
-25
1178
1373
1369
1170
971
772
573
374
175
-24
300
437
375
176
-23
531
553
376
177
-22
1456
1372
1173
974
775
576
377
178
-21
1341
1357
1174
975
776
577
378
179
-20
384
481
379
180
-19
1302
1438
1375
1176
977
778
579
380
181
-18
611
695
580
381
182
-17
1478
1377
1178
979
780
581
382
183
-16
1393
1378
1179
980
781
582
383
184
-15
404
593
583
384
185
-14
532
558
385
186
-13
1046
1245
1313
1182
983
784
585
386
187
-12
1312
1347
1183
984
785
586
387
188
-11
1548
1565
1383
1184
985
786
587
388
189
-10
252
420
389
190
-9
736
762
589
390
191
-8
412
501
391
192
-7
740
591
392
193
-6
1153
1352
1370
1189
990
791
592
393
194
-5
1433
1389
1190
991
792
593
394
195
-4
697
745
594
395
196
-3
244
443
519
396
197
-2
1353
1472
1392
1193
994
795
596
397
198
-1
