734
18
81
46
-52
-150
-39
53
47
-51
-149
48
-50
-148
133
140
49
-49
-147
160
148
50
-48
-146
99
124
51
-47
-145
180
150
52
-46
-144
75
113
53
-45
-143
-32
60
54
-44
-142
158
153
55
-43
-141
157
154
56
-42
-140
19
87
57
-41
-139
204
156
58
-40
-138
15
86
59
-39
-137
205
158
60
-38
-136
25
92
61
-37
-135
207
160
62
-36
-134
63
-35
-133
-30
66
64
-34
-132
210
163
65
-33
-131
102
133
66
-32
-130
183
165
67
-31
-129
203
166
68
-30
-128
227
167
69
-29
-127
235
168
70
-28
-126
169
71
-27
-125
232
170
72
-26
-124
15
93
73
-25
-123
50
111
74
-24
-122
217
173
75
-23
-121
-8
83
76
-22
-120
7
91
77
-21
-119
8
92
78
-20
-118
212
177
79
-19
-117
106
142
80
-18
-116
180
179
81
-17
-115
210
180
82
-16
-114
205
181
83
-15
-113
185
182
84
-14
-112
83
133
85
-13
-111
198
184
86
-12
-110
257
185
87
-11
-109
268
186
88
-10
-108
5
96
89
-9
-107
62
125
90
-8
-106
215
189
91
-7
-105
229
190
92
-6
-104
239
191
93
-5
-103
138
165
94
-4
-102
161
177
95
-3
-101
98
146
96
-2
-100
248
195
97
-1
-99
227
196
98
0
-98
149
173
99
1
-97
224
198
100
2
-96
15
107
101
3
-95
144
172
102
4
-94
208
201
103
5
-93
241
202
104
6
-92
39
121
105
7
-91
258
204
106
8
-90
271
205
107
9
-89
276
206
108
10
-88
29
118
109
11
-87
120
164
110
12
-86
21
115
111
13
-85
223
210
112
14
-84
179
195
113
15
-83
108
160
114
16
-82
21
117
115
17
-81
104
159
116
18
-80
219
215
117
19
-79
225
216
118
20
-78
260
217
119
21
-77
295
218
120
22
-76
285
219
121
23
-75
255
220
122
24
-74
201
211
123
25
-73
208
215
124
26
-72
268
223
125
27
-71
238
224
126
28
-70
97
161
127
29
-69
297
226
128
30
-68
79
153
129
31
-67
52
140
130
32
-66
101
165
131
33
-65
76
153
132
34
-64
59
145
133
35
-63
54
143
134
36
-62
163
198
135
37
-61
38
-60
95
165
137
39
-59
263
236
138
40
-58
254
237
139
41
-57
306
238
140
42
-56
163
201
141
43
-55
128
184
142
44
-54
246
241
143
45
-53
321
242
144
46
-52
61
152
145
47
-51
273
244
146
48
-50
55
150
147
49
-49
271
246
148
50
-48
207
227
149
51
-47
166
207
150
52
-46
329
249
151
53
-45
307
250
152
54
-44
167
209
153
55
-43
315
252
154
56
-42
290
253
155
57
-41
156
58
-40
75
165
157
59
-39
124
190
158
60
-38
179
218
159
61
-37
160
62
-36
284
259
161
63
-35
138
199
162
64
-34
193
227
163
65
-33
260
261
164
66
-32
316
263
165
67
-31
300
264
166
68
-30
316
265
167
69
-29
250
258
168
70
-28
245
256
169
71
-27
252
260
170
72
-26
133
201
171
73
-25
320
270
172
74
-24
291
271
173
75
-23
222
247
174
76
-22
147
210
175
77
-21
316
274
176
78
-20
123
199
177
79
-19
337
276
178
80
-18
356
277
179
81
-17
150
214
180
82
-16
113
196
181
83
-15
246
263
182
84
-14
191
236
183
85
-13
366
282
184
86
-12
249
266
185
87
-11
366
284
186
88
-10
237
261
187
89
-9
354
286
188
90
-8
-7
368
288
190
92
-6
351
289
191
93
-5
200
245
192
94
-4
249
270
193
95
-3
379
292
194
96
-2
300
293
195
97
-1
