980
160
278
198
0
-198
63
230
199
1
-197
14
206
200
2
-196
21
210
201
3
-195
92
246
202
4
-194
245
323
203
5
-193
378
390
204
6
-192
237
320
205
7
-191
206
8
-190
379
392
207
9
-189
288
347
208
10
-188
207
307
209
11
-187
474
408
210
12
-186
347
378
211
13
-185
444
410
212
14
-184
413
411
213
15
-183
20
216
214
16
-182
197
305
215
17
-181
410
412
216
18
-180
191
303
217
19
-179
430
416
218
20
-178
497
417
219
21
-177
146
282
220
22
-176
517
419
221
23
-175
416
418
222
24
-174
337
379
223
25
-173
526
422
224
26
-172
443
423
225
27
-171
176
300
226
28
-170
520
425
227
29
-169
386
406
228
30
-168
477
427
229
31
-167
210
319
230
32
-166
506
429
231
33
-165
489
430
232
34
-164
419
425
233
35
-163
490
432
234
36
-162
507
433
235
37
-161
252
343
236
38
-160
547
435
237
39
-159
437
436
238
40
-158
239
41
-157
408
423
240
42
-156
469
439
241
43
-155
408
424
242
44
-154
347
394
243
45
-153
557
442
244
46
-152
450
443
245
47
-151
356
400
246
48
-150
462
445
247
49
-149
563
446
248
50
-148
517
447
249
51
-147
478
448
250
52
-146
481
449
251
53
-145
562
450
252
54
-144
289
370
253
55
-143
310
381
254
56
-142
401
427
255
57
-141
84
269
256
58
-140
289
372
257
59
-139
422
439
258
60
-138
586
457
259
61
-137
260
62
-136
565
459
261
63
-135
604
460
262
64
-134
287
374
263
65
-133
598
462
264
66
-132
191
327
265
67
-131
340
402
266
68
-130
485
465
267
69
-129
560
466
268
70
-128
467
269
71
-127
582
468
270
72
-126
624
469
271
73
-125
613
470
272
74
-124
579
471
273
75
-123
412
442
274
76
-122
604
473
275
77
-121
542
474
276
78
-120
532
475
277
79
-119
584
476
278
80
-118
592
477
279
81
-117
586
478
280
82
-116
217
348
281
83
-115
96
288
282
84
-114
588
481
283
85
-113
408
445
284
86
-112
137
310
285
87
-111
424
454
286
88
-110
309
397
287
89
-109
590
486
288
90
-108
641
487
289
91
-107
648
488
290
92
-106
191
340
291
93
-105
418
454
292
94
-104
305
398
293
95
-103
246
369
294
96
-102
517
493
295
97
-101
480
487
296
98
-100
267
381
297
99
-99
232
364
298
100
-98
654
497
299
101
-97
569
498
300
102
-96
199
349
301
103
-95
492
496
302
104
-94
582
501
303
105
-93
208
355
304
106
-92
510
503
305
107
-91
184
344
306
108
-90
371
438
307
109
-89
150
328
308
110
-88
583
507
309
111
-87
520
508
310
112
-86
127
318
311
113
-85
484
497
312
114
-84
489
500
313
115
-83
486
499
314
116
-82
453
483
315
117
-81
671
514
316
118
-80
407
461
317
119
-79
524
516
318
120
-78
568
517
319
121
-77
336
427
320
122
-76
265
392
321
123
-75
647
520
322
124
-74
299
410
323
125
-73
568
522
324
126
-72
225
374
325
127
-71
653
524
326
128
-70
195
360
327
129
-69
300
413
328
130
-68
353
440
329
131
-67
592
528
330
132
-66
355
442
331
133
-65
631
530
332
134
-64
185
358
333
135
-63
649
532
334
136
-62
546
533
335
137
-61
230
382
336
138
-60
283
409
337
139
-59
438
487
338
140
-58
163
350
339
141
-57
350
444
340
142
-56
389
464
341
143
-55
612
540
342
144
-54
455
498
343
145
-53
492
517
344
146
-52
531
537
345
147
-51
549
544
346
148
-50
610
545
347
149
-49
476
511
348
150
-48
325
436
349
151
-47
628
548
350
152
-46
153
-45
372
461
352
154
-44
596
551
353
155
-43
362
457
354
156
-42
589
553
355
157
-41
502
528
356
158
-40
441
498
357
159
-39
558
556
358
160
-38
535
546
359
161
-37
546
552
360
162
-36
555
557
361
163
-35
426
493
362
164
-34
449
505
363
165
-33
671
562
364
166
-32
283
423
365
167
-31
490
527
366
168
-30
385
475
367
169
-29
194
380
368
170
-28
441
504
369
171
-27
280
424
370
172
-26
648
569
371
173
-25
238
404
372
174
-24
624
571
373
175
-23
178
375
374
176
-22
674
573
375
177
-21
558
566
376
178
-20
703
575
377
179
-19
302
439
378
180
-18
595
577
379
181
-17
414
496
380
182
-16
580
579
381
183
-15
464
522
382
184
-14
654
581
383
185
-13
718
582
384
186
-12
673
583
385
187
-11
276
430
386
188
-10
533
559
387
189
-9
250
418
388
190
-8
612
587
389
191
-7
621
588
390
192
-6
365
477
391
193
-5
630
590
392
194
-4
281
436
393
195
-3
458
525
394
196
-2
243
418
395
197
-1
