1000 10
467 676 916 201 591 374 987 639 130 698
679 790
446 717
679 810
690 797
55 189
294 602
189 620
786 746
310 679
7 836
591 365
106 679
616 351
679 512
189 688
679 444
552 821
956 367
949 509
679 182
82 774
679 269
807 153
928 437
468 757
63 189
19 199
776 341
189 164
911 27
165 178
679 943
129 542
865 679
901 680
679 838
189 346
679 199
679 989
679 950
818 960
27 224
45 373
742 451
603 679
580 74
341 841
679 923
248 734
679 454
472 679
329 5
828 159
585 538
578 399
674 15
256 679
375 83
448 342
679 854
166 830
287 648
559 535
260 679
789 679
928 354
679 218
829 4
679 408
571 189
610 95
556 541
646 867
130 503
679 371
170 91
679 92
199 635
189 755
667 948
88 113
901 145
637 679
879 591
666 414
125 679
971 679
636 679
733 509
679 758
844 679
426 722
679 831
506 994
566 677
638 679
575 679
590 679
853 679
499 901
342 80
886 692
679 640
679 320
656 307
27 458
686 115
818 251
389 622
465 749
676 679
887 212
679 185
868 137
679 209
875 33
828 679
703 27
83 942
189 242
679 1
869 679
456 692
212 504
602 301
679 707
435 807
504 341
172 175
941 679
175 504
473 323
277 569
776 232
135 991
522 809
679 709
469 442
434 679
572 72
576 350
556 785
699 679
679 453
427 576
901 935
146 189
156 679
394 679
684 858
739 679
679 781
316 679
483 373
385 679
995 679
679 565
745 679
901 722
147 666
815 509
557 972
226 855
217 302
577 798
679 976
679 668
901 734
4 679
679 982
420 405
49 72
587 679
530 679
85 986
196 679
595 47
804 956
901 551
347 679
137 311
27 761
110 679
553 149
602 383
679 894
214 211
509 563
445 47
550 138
679 317
275 504
785 964
170 278
379 181
679 18
679 901
126 610
993 901
679 713
580 679
828 327
377 676
123 189
679 814
681 679
697 893
679 52
794 679
65 938
842 679
341 593
169 725
31 440
679 72
679 308
30 189
149 897
137 276
53 679
429 824
135 57
679 86
170 305
792 127
631 250
863 944
543 679
292 646
595 96
682 116
568 901
193 805
258 951
259 926
778 428
679 114
717 476
485 679
154 780
264 909
141 369
679 204
827 356
969 870
792 211
780 602
679 898
189 627
814 362
20 362
402 679
259 324
973 341
550 14
380 648
975 679
104 679
49 221
679 359
864 784
664 679
573 28
105 999
666 920
679 825
679 76
569 383
807 757
223 189
784 648
81 504
313 328
534 871
605 679
901 2
489 679
137 68
968 189
176 28
423 189
724 176
441 189
679 250
780 932
778 995
619 532
137 715
679 626
679 545
160 717
357 189
518 504
672 679
679 947
189 27
798 479
669 679
393 875
189 152
222 731
381 798
262 355
875 629
768 304
520 170
433 125
419 674
679 652
679 118
215 679
679 833
326 679
874 970
382 899
632 292
918 679
679 249
679 718
711 313
679 859
417 389
128 852
571 878
811 679
455 548
676 89
674 283
679 368
729 409
679 183
389 206
504 309
70 679
595 504
341 708
365 675
210 2
175 738
194 54
679 802
175 364
588 666
985 679
888 351
602 671
679 544
192 901
41 658
300 351
149 397
807 27
963 539
679 902
566 731
615 919
189 684
679 482
679 885
657 401
679 547
679 890
766 625
274 116
874 496
35 85
449 763
170 112
363 679
344 679
837 2
134 541
679 151
673 679
189 913
131 134
692 679
900 509
504 874
679 148
42 61
189 750
87 528
679 649
481 876
782 861
679 46
786 679
840 223
679 466
595 469
202 679
798 683
778 944
679 283
813 310
189 936
58 820
27 432
166 910
650 547
527 258
592 679
882 531
594 679
189 685
251 574
60 575
282 884
747 694
372 679
438 14
345 679
826 17
717 657
679 163
677 740
48 679
432 752
679 398
149 798
667 56
77 520
303 602
967 679
64 818
506 618
141 408
901 436
959 149
901 59
679 884
906 679
951 109
679 281
103 679
189 208
322 666
305 706
529 679
717 373
282 447
516 935
754 951
764 679
602 497
537 462
641 780
57 403
522 137
228 27
509 643
284 223
679 200
799 237
679 318
491 679
332 963
679 296
165 679
134 353
842 585
996 833
786 461
808 679
679 951
679 25
282 325
679 161
188 694
873 679
530 407
679 351
6 220
818 504
73 520
528 968
270 575
513 44
532 498
356 823
236 679
847 679
458 510
679 136
679 427
968 500
205 717
852 679
679 845
834 400
9 679
413 938
84 969
582 679
679 124
679 162
679 1000
177 849
934 676
860 504
366 259
507 139
805 864
839 679
624 679
679 134
915 679
189 749
170 679
679 639
39 935
312 410
931 365
184 698
646 961
365 411
592 606
416 679
372 662
365 24
901 555
1 439
343 679
679 695
280 560
243 189
679 342
554 824
647 504
225 425
692 783
546 444
679 710
630 884
170 601
85 137
978 175
356 98
872 679
524 679
302 995
137 817
845 800
223 495
679 213
50 679
607 452
679 79
901 83
13 717
504 509
679 349
505 504
283 488
535 384
564 166
679 356
241 679
290 509
191 591
475 917
615 381
295 679
43 397
982 424
874 645
983 679
195 444
149 459
608 679
449 679
696 679
849 679
427 741
175 142
705 504
925 686
679 90
679 26
667 987
57 271
130 532
848 258
282 767
679 38
679 843
820 777
452 509
30 113
714 679
331 408
596 602
97 951
387 679
912 235
389 314
780 139
610 884
395 130
82 420
679 244
211 144
14 211
629 892
431 679
567 459
954 679
239 356
592 386
679 578
875 679
679 3
917 458
679 891
953 219
463 189
901 824
504 180
69 679
389 679
189 259
744 832
462 980
780 421
864 893
679 719
679 665
738 167
717 670
571 227
62 254
149 140
634 967
659 57
504 997
189 690
504 23
101 372
391 679
928 981
502 271
457 528
677 425
137 233
897 796
579 726
679 338
335 778
901 727
5 156
265 212
111 871
686 511
361 951
135 881
504 775
261 667
273 875
6 679
137 31
743 310
799 901
540 922
552 929
903 133
171 679
609 389
679 772
637 75
613 848
313 708
166 504
824 914
586 341
480 769
679 801
679 581
884 486
552 722
374 2
389 365
10 24
938 679
679 348
536 356
679 40
42 984
230 679
3 93
874 211
243 924
712 679
691 679
717 679
286 491
42 315
679 321
679 570
784 168
679 186
460 422
602 721
935 560
994 882
787 679
27 231
818 494
679 633
684 514
671 816
29 679
935 822
967 122
679 654
956 418
333 679
528 34
121 807
42 679
526 717
614 595
155 679
679 297
27 777
679 289
642 82
973 965
579 598
679 484
679 700
30 687
679 194
149 882
478 998
246 29
679 390
759 901
586 895
451 679
513 679
583 464
334 679
679 736
533 679
450 939
388 189
341 793
779 884
229 679
32 134
425 679
679 169
149 730
679 307
770 679
432 562
679 201
693 255
36 249
679 834
862 203
771 149
979 679
971 78
806 890
704 701
272 380
611 149
189 962
425 133
694 667
666 149
2 523
693 663
679 927
679 198
807 907
734 517
451 119
678 679
694 189
679 477
336 455
420 676
262 679
679 7
679 583
341 203
365 992
839 493
679 525
753 85
956 679
410 341
921 679
957 679
452 760
47 330
513 396
207 819
341 788
339 27
179 885
211 174
492 351
748 679
149 268
660 679
100 780
594 966
679 773
977 146
407 412
105 708
795 679
508 389
939 602
21 427
16 792
142 751
257 170
679 279
267 679
504 679
571 107
864 285
264 27
928 951
737 408
679 803
883 901
729 31
187 198
679 11
916 679
935 644
612 408
728 927
27 37
679 646
679 963
53 876
252 679
889 901
189 679
404 900
511 784
812 169
974 679
814 501
817 744
864 679
679 519
628 679
132 133
598 143
206 8
933 407
94 137
462 679
602 952
173 792
351 471
558 679
175 851
679 701
66 679
189 137
190 99
207 679
116 602
702 896
850 256
930 952
705 129
689 140
379 571
189 406
521 135
337 679
231 716
509 108
904 679
473 382
579 189
288 786
589 708
861 679
817 487
515 518
604 859
149 679
67 451
969 823
679 756
679 826
65 945
877 504
679 455
766 504
946 351
922 748
117 504
443 681
988 189
679 150
392 628
679 651
135 679
266 679
175 240
818 791
679 998
679 319
176 341
358 679
283 111
679 490
470 504
679 263
245 679
351 693
361 253
679 702
420 216
679 990
12 389
855 306
556 905
679 769
768 33
864 723
880 679
378 602
189 856
602 679
655 504
994 293
653 473
27 238
137 623
857 145
218 370
692 866
467 137
85 415
824 846
22 717
762 679
765 679
786 190
509 219
679 298
341 600
679 597
360 189
474 679
679 535
170 71
720 955
422 27
958 634
411 120
234 679
855 824
158 175
504 735
299 873
341 698
436 584
511 102
658 815
189 235
679 621
846 617
679 254
203 908
82 376
701 720
51 602
679 599
864 430
137 532
37 352
937 901
972 408
189 732
247 170
340 679
956 157
405 549
679 382
679 197
661 679
835 566
679 291
561 679
717 940
