1000 500
541 102 85 526 680 647 753 849 137 438 894 818 358 122 757 668 879 246 157 774 352 389 596 937 645 392 960 434 573 587 144 472 530 461 678 222 280 47 655 744 630 243 536 572 378 803 191 701 974 778 841 812 293 995 382 95 84 687 547 272 796 690 35 158 226 570 562 548 921 409 699 40 654 215 865 33 247 963 748 672 356 168 987 401 620 714 930 971 418 368 889 905 386 673 329 976 980 794 583 63 617 890 274 179 801 509 477 46 376 821 943 952 71 909 132 433 396 13 337 815 733 147 829 779 219 373 899 958 20 840 161 924 100 875 700 342 891 2 225 320 162 639 789 942 820 697 919 180 834 29 984 379 265 395 178 6 77 355 863 842 22 623 749 425 53 553 111 187 550 622 50 616 474 304 292 539 580 12 323 876 935 954 867 298 946 139 402 208 669 855 926 296 282 822 349 201 727 497 255 945 18 486 466 44 89 729 965 688 64 236 783 542 997 513 101 143 871 261 830 115 777 914 328 577 176 471 764 303 911 923 805 676 232 109 593 188 242 567 531 209 319 190 621 251 189 56 527 985 129 524 245 614 277 511 868 290 506 576 360 852 828 817 752 723 788 381 38 903 773 510 429 675 212 939 367 869 314 439 651 457 955 297 347 850 533 747 917 755 99 239 838 607 768 166 569 97 82 775 756 522 278 31 546 726 734 784 120 512 643 682 901 665 806 324 765 151 950 519 728 315 127 638 420 412 504 554 363 712 269 67 448 487 736 725 735 498 595 198 317 625 424 609 615 966 739 640 167 566 387 305 116 684 341 523 571 249 91 340 428 131 414 146 390 468 845 291 599 447 335 36 45 882 345 375 908 415 660 933 150 887 776 90 968 9 148 359 224 896 534 268 938 83 856 986 537 118 832 460 666 42 443 15 605 795 854 403 703 560 826 193 656 240 408 900 696 87 559 371 134 241 800 24 145 862 816 366 893 350 43 525 858 133 365 301 558 149 423 165 220 556 610 119 8 859 202 575 508 514 81 60 618 874 555 283 657 421 786 902 279 694 256 458 549 611 110 906 491 632 600 473 989 313 465 652 244 990 300 96 462 981 417 377 231 706 490 872 589 339 289 586 467 160 781 811 108 993 52 30 197 54
66 908
654 506
222 742
731 912
452 115
382 654
675 615
350 642
268 232
918 740
654 392
595 654
15 380
339 654
934 306
809 71
468 863
198 913
53 654
997 695
251 225
654 710
654 299
954 291
506 662
85 731
295 268
456 65
823 252
727 890
654 722
771 130
21 654
602 680
251 644
786 626
688 654
540 971
918 249
198 99
265 654
2 155
991 242
885 654
731 552
228 654
651 654
299 306
66 748
869 682
106 389
712 779
823 95
56 654
611 150
771 514
884 654
824 666
164 836
15 128
728 49
671 730
3 452
457 801
654 549
654 332
654 280
82 731
563 364
654 783
319 971
135 116
452 387
266 17
919 202
19 224
654 292
971 287
775 654
339 258
795 958
159 827
654 926
665 731
64 654
654 274
910 600
291 909
880 654
903 925
654 613
914 865
290 650
979 654
34 654
654 40
212 654
654 526
251 416
908 905
742 759
27 243
654 824
179 654
654 505
640 281
654 813
654 143
318 369
251 789
150 88
253 654
243 606
179 717
674 345
299 104
124 251
593 654
630 654
654 522
41 520
654 591
391 771
303 454
899 482
338 654
867 791
337 746
506 962
900 905
941 654
899 964
553 268
268 381
654 411
547 291
956 63
690 862
265 636
120 601
876 104
797 393
654 625
440 490
251 976
234 87
94 918
995 291
654 687
366 375
1 77
408 557
731 790
731 504
452 524
654 161
538 207
628 654
645 506
654 634
918 312
544 654
654 189
245 291
632 404
335 506
654 20
654 776
863 279
13 654
406 778
450 291
529 654
24 760
761 84
253 399
918 357
557 654
268 315
94 307
208 451
604 224
931 654
801 893
985 654
251 302
897 805
654 260
578 654
654 773
654 974
220 654
26 999
159 733
902 731
654 145
152 46
769 694
166 149
942 380
436 209
654 16
918 718
394 654
742 654
366 1000
654 205
774 289
464 654
684 346
756 953
385 471
777 654
268 398
654 764
84 808
654 749
908 649
906 269
731 772
251 999
420 654
438 128
871 318
291 337
629 731
918 743
849 113
424 654
428 918
353 899
269 861
692 320
923 918
48 809
31 646
72 654
306 83
798 151
654 720
920 779
980 289
654 458
690 261
918 866
243 299
291 267
516 654
918 825
244 917
731 755
702 654
313 308
109 654
412 731
91 431
888 298
654 608
906 787
654 183
918 620
815 29
417 654
887 231
296 768
186 29
62 978
562 597
448 731
731 693
943 251
729 520
794 890
809 548
907 654
660 654
209 437
318 654
683 824
390 539
644 986
984 168
251 541
198 635
246 488
528 272
436 506
485 855
731 938
809 575
713 971
223 1000
731 533
57 110
43 654
655 395
758 899
840 818
299 703
901 2
637 617
661 250
914 76
654 538
447 363
98 601
102 17
841 341
24 12
877 210
654 580
321 771
654 81
268 210
914 654
247 291
731 44
54 654
376 654
654 559
610 954
820 983
603 771
601 527
638 886
928 506
273 452
264 251
452 178
628 348
15 251
856 908
350 933
654 393
569 489
654 439
668 662
654 366
164 918
654 282
654 558
908 510
641 654
229 654
654 151
14 654
440 918
162 390
326 447
213 654
513 654
478 150
803 194
390 172
192 236
654 882
831 662
849 328
899 782
654 204
654 556
114 654
654 969
332 187
480 918
690 532
779 251
607 704
494 859
654 239
601 74
487 172
268 2
654 275
374 508
804 654
622 654
654 910
654 116
318 579
654 309
654 268
316 654
654 523
864 172
201 268
318 846
731 667
483 607
762 601
971 939
654 569
654 543
601 809
961 744
489 278
413 654
455 654
889 752
998 654
973 634
674 654
724 654
653 251
899 654
896 452
654 193
883 299
430 463
906 754
158 144
739 433
366 112
23 771
523 574
738 483
855 366
959 506
298 676
654 7
918 545
354 914
919 959
875 433
654 971
180 654
251 33
346 97
709 538
894 971
654 129
654 62
153 940
626 361
654 291
159 24
566 905
654 868
447 959
69 706
134 654
258 334
644 262
654 230
731 577
591 402
654 396
849 654
55 268
343 930
887 731
5 407
697 809
584 991
452 468
251 616
346 298
275 546
269 806
221 654
732 654
654 400
411 770
654 821
299 658
975 654
555 654
654 132
313 982
990 807
870 716
609 251
185 197
268 38
237 251
960 29
719 881
654 981
198 990
654 184
661 322
654 426
654 735
818 37
654 822
654 535
485 356
451 617
181 731
615 995
167 425
994 654
185 299
453 654
496 654
84 343
153 654
692 139
75 654
472 551
581 277
833 686
889 84
303 654
959 632
944 733
101 731
615 767
654 224
607 452
598 518
121 779
174 366
474 838
590 842
405 947
172 654
654 93
188 299
731 276
654 156
491 299
793 654
654 785
771 921
654 617
654 141
826 654
929 665
433 907
601 268
515 654
854 825
828 452
622 582
841 96
646 654
84 105
654 367
654 111
137 452
654 17
654 956
46 601
311 654
734 654
654 657
297 585
654 715
327 452
977 654
142 905
570 971
654 690
117 251
36 731
959 519
449 79
383 299
730 172
959 374
955 654
556 937
771 190
8 654
654 39
654 936
654 305
673 538
654 148
662 350
370 878
829 319
243 891
268 520
17 988
382 935
952 911
924 268
959 100
594 591
298 654
299 233
536 525
150 59
195 17
958 251
654 199
623 283
2 297
643 793
823 466
767 378
967 654
565 43
169 908
45 349
757 972
379 77
226 301
530 731
648 291
881 689
654 537
133 654
696 742
910 542
779 57
731 336
654 661
707 268
768 654
945 502
751 150
654 801
5 654
11 654
346 763
570 847
963 393
654 194
583 590
346 200
301 848
659 1000
939 992
731 680
650 22
800 654
927 243
681 855
67 654
731 993
654 838
654 107
47 291
950 257
168 430
619 654
342 581
333 731
475 299
358 618
654 745
204 170
17 624
299 126
144 771
737 731
654 238
446 291
198 310
350 700
731 946
9 654
484 998
500 654
200 481
36 470
654 182
692 731
405 467
892 654
70 573
497 786
713 300
811 736
654 469
918 858
452 654
965 650
486 654
796 654
29 898
878 323
971 932
824 108
911 318
654 442
918 165
698 995
918 355
349 654
251 401
692 73
581 654
149 997
654 460
599 506
472 291
852 654
654 679
251 352
597 809
654 563
802 654
991 714
287 259
534 268
517 241
959 77
268 123
382 592
360 272
501 878
817 654
168 654
618 867
654 159
916 343
654 359
409 92
343 786
325 829
506 830
692 769
502 299
29 10
198 465
51 571
654 750
340 299
583 731
268 788
811 554
518 176
84 65
654 503
251 248
268 371
654 294
112 879
654 263
753 299
218 318
17 271
150 654
654 922
654 918
194 605
235 969
654 731
654 418
618 607
78 654
196 654
612 995
731 897
957 654
680 154
305 42
288 601
256 251
366 270
17 206
677 544
479 654
198 268
654 614
423 654
255 690
299 50
750 564
550 731
918 386
241 268
918 240
654 589
852 35
405 243
654 841
403 654
654 811
744 654
37 782
908 324
654 127
347 918
601 853
899 69
654 314
853 494
654 780
654 422
103 268
210 365
389 298
857 479
251 18
506 219
251 138
731 627
654 784
251 654
393 362
948 251
462 526
899 771
782 160
646 837
835 904
445 655
567 914
286 674
874 875
84 351
317 743
563 568
850 654
654 695
731 521
173 731
251 285
415 654
966 731
531 654
84 147
94 51
834 251
654 330
429 899
215 654
30 139
899 191
131 914
251 819
203 364
747 809
318 512
685 654
60 703
431 477
268 987
49 654
918 246
959 509
654 873
361 586
601 949
654 125
852 781
662 633
750 663
501 654
654 171
61 154
849 284
839 857
890 177
538 70
654 163
384 506
654 843
29 654
927 227
512 576
268 845
968 476
236 645
464 397
494 372
141 726
291 492
654 640
792 654
157 159
368 654
293 654
963 388
140 601
766 654
560 654
459 80
731 211
860 526
493 348
334 652
716 654
654 80
654 414
705 941
251 983
572 654
650 25
757 478
833 251
298 647
229 58
518 452
596 918
941 214
4 654
695 329
431 506
632 495
654 443
92 654
932 881
583 473
373 654
848 343
955 991
24 810
654 244
692 175
526 536
721 321
198 86
444 654
530 283
699 251
670 995
122 654
816 332
835 662
217 654
17 814
588 918
29 461
449 654
953 29
654 118
427 654
959 890
654 257
343 915
480 410
304 354
678 251
243 6
654 377
851 654
812 303
750 669
119 536
90 654
654 701
511 731
631 291
908 725
731 691
502 432
823 654
654 970
587 618
419 654
859 872
792 434
84 639
621 959
654 708
425 971
654 289
366 895
303 656
272 823
501 655
491 711
136 654
146 84
654 664
778 654
654 765
654 996
674 89
313 216
654 650
435 654
654 32
251 308
68 299
906 198
951 198
731 507
331 731
499 366
654 903
799 654
844 959
649 723
654 28
471 918
692 968
498 251
318 234
886 654
411 344
84 654
899 561
644 254
832 985
908 251
771 682
989 682
654 421
854 741
786 52
672 405
512 441
