1000 10
212 990 893 379 253 221 832 150 815 107
43 39
215 43
755 443
630 591
844 310
17 874
871 156
842 146
720 96
320 352
595 753
525 450
440 444
175 247
316 637
765 606
748 197
815 42
475 46
136 294
792 148
881 750
572 681
918 711
454 186
833 816
577 757
665 51
141 692
821 172
960 200
946 751
969 993
37 535
846 963
176 398
163 896
674 147
689 211
633 498
562 682
121 317
481 641
776 469
351 75
523 530
335 462
675 417
954 930
383 801
320 536
703 690
235 106
124 627
59 21
836 278
510 222
960 650
907 849
719 789
160 369
525 73
43 217
429 532
986 168
209 432
667 284
743 944
470 296
767 931
397 273
178 794
469 916
568 200
550 612
278 862
431 288
922 452
987 989
700 904
799 171
22 729
664 974
202 414
138 149
239 225
26 414
15 25
255 816
869 785
990 661
593 425
195 428
392 624
290 751
988 831
626 835
662 91
961 805
766 675
206 887
599 57
249 88
982 863
976 858
311 790
545 762
903 759
727 938
339 274
291 474
322 41
277 898
3 343
394 970
496 741
923 723
937 5
988 363
698 505
784 548
280 352
929 614
862 819
195 679
283 668
524 575
117 557
363 426
274 56
791 710
800 165
55 147
391 181
390 506
615 912
651 232
374 333
762 500
92 498
31 253
213 236
38 531
879 609
246 386
430 154
937 151
629 910
311 900
866 52
948 9
762 1000
139 597
232 670
895 595
493 800
678 63
433 178
318 347
552 809
774 869
515 335
30 792
938 634
737 517
646 513
213 302
978 732
7 19
488 467
263 848
654 589
640 72
915 936
657 530
343 505
415 491
570 848
430 191
698 158
771 368
891 736
140 782
794 613
694 678
633 456
247 12
638 511
135 468
954 864
192 90
804 407
784 317
192 537
300 552
127 604
358 736
117 718
237 568
168 103
540 867
233 29
491 35
814 964
213 228
743 74
85 619
159 449
140 449
444 104
223 956
183 621
590 529
302 303
849 765
345 684
226 337
519 50
898 365
920 660
502 14
404 658
607 90
485 344
870 626
2 563
832 802
933 784
111 271
118 909
821 642
603 393
547 600
885 66
814 797
652 807
258 12
816 966
742 475
969 219
404 80
67 514
200 487
560 58
388 42
596 382
602 457
923 647
389 565
742 145
342 572
610 79
888 84
308 940
324 416
114 283
470 942
269 889
669 294
19 94
861 471
706 811
699 423
763 32
168 498
607 466
865 72
227 621
633 952
160 310
465 422
682 992
442 298
775 36
956 64
749 244
528 30
412 230
660 257
254 27
326 977
865 809
631 950
288 481
656 740
897 921
778 492
288 551
541 971
61 264
892 610
909 636
601 902
704 556
409 146
77 235
738 170
360 38
694 817
81 682
630 650
356 448
27 840
712 303
285 599
521 803
240 508
130 785
812 826
458 189
698 939
136 618
569 289
851 165
860 817
450 604
131 614
741 934
707 406
940 532
289 609
972 137
997 30
944 483
644 507
515 961
877 392
96 573
262 879
15 580
256 839
651 649
143 555
637 730
680 939
615 722
93 773
909 393
854 286
880 639
118 135
169 402
89 473
653 480
396 585
737 590
233 528
924 952
837 334
713 657
56 944
354 579
185 321
970 439
205 216
214 879
382 433
932 408
653 410
205 223
730 263
280 943
693 968
655 754
541 881
92 917
708 645
843 235
31 268
808 578
592 634
452 661
881 85
226 127
191 284
329 305
331 835
714 247
849 225
750 945
701 483
558 808
914 322
777 166
150 957
297 159
999 218
951 509
611 779
844 291
770 72
975 687
863 373
489 520
994 600
210 325
203 895
646 516
201 743
411 975
373 164
768 411
547 829
266 691
611 984
382 820
482 199
541 876
560 11
635 806
585 627
320 166
900 711
549 132
239 361
133 353
618 909
53 67
231 82
83 744
271 597
243 455
583 371
189 215
544 48
164 438
826 101
866 991
22 876
834 102
119 377
8 798
533 386
1 912
654 542
807 331
949 520
510 823
230 484
75 81
899 688
885 315
428 685
885 966
103 157
774 355
534 134
601 901
685 725
347 308
133 616
839 591
567 434
150 384
330 210
428 372
462 972
514 488
610 906
556 893
476 736
17 594
700 857
54 645
286 230
890 329
340 501
163 530
167 648
144 461
52 676
734 769
575 366
558 304
186 872
423 810
919 381
201 795
15 815
425 634
314 292
353 527
543 827
422 394
50 824
482 834
669 676
389 863
877 983
677 586
197 412
45 287
126 634
334 663
290 242
215 193
138 325
850 78
386 23
755 147
582 59
128 401
441 768
455 173
362 852
754 574
472 896
169 934
43 13
954 327
625 60
158 126
470 885
563 176
564 879
252 276
398 688
258 260
451 973
321 476
183 249
646 51
398 246
120 122
98 868
838 208
267 576
9 352
359 370
338 86
985 832
28 116
663 175
459 934
488 783
941 910
489 686
21 69
768 926
399 839
257 156
408 271
123 937
104 328
413 861
973 617
656 789
852 207
627 479
693 174
283 168
298 295
825 761
13 819
31 598
440 18
628 99
978 16
759 646
695 946
402 149
702 742
699 769
865 962
780 171
4 600
476 718
673 364
595 100
923 405
855 115
667 718
566 731
938 928
715 967
309 265
512 114
554 541
686 550
594 744
32 648
696 422
935 184
245 188
707 466
406 856
149 102
801 357
495 185
272 312
396 925
112 98
367 886
85 549
509 127
803 728
393 998
933 553
295 128
142 630
795 817
221 10
369 16
954 620
976 937
566 862
647 955
76 806
788 629
447 237
548 377
504 787
336 427
395 686
245 368
476 981
680 372
717 830
33 376
306 460
401 212
883 391
116 861
888 186
781 358
540 307
411 867
772 713
328 965
366 578
450 853
325 812
140 225
884 456
453 282
674 683
162 785
215 409
265 348
501 992
259 185
208 543
550 787
990 345
417 436
659 4
977 8
194 115
88 387
190 686
763 273
634 534
854 981
689 374
326 950
651 97
994 228
571 705
994 828
400 323
655 263
327 457
143 232
912 442
248 891
622 716
276 260
988 268
506 944
92 865
379 847
73 712
403 203
501 546
684 486
912 343
727 745
660 663
371 154
535 906
497 487
683 337
908 190
997 158
453 878
927 857
648 348
366 6
754 592
740 49
617 436
299 546
426 378
437 797
468 724
164 258
955 460
963 365
887 740
387 529
796 727
553 407
848 822
564 903
537 86
584 566
71 786
294 62
642 818
449 110
597 177
581 254
152 82
357 244
810 612
341 57
238 375
385 641
285 823
811 2
776 595
813 62
792 605
151 78
620 698
594 112
182 947
853 323
270 773
157 959
268 557
951 377
145 275
109 772
371 187
243 947
538 822
723 463
53 995
545 105
346 24
350 108
658 632
2 837
726 304
791 196
671 639
697 68
284 179
758 50
390 36
623 920
368 845
17 841
787 516
507 334
799 60
490 693
682 604
286 287
626 48
235 681
559 130
577 129
638 705
811 844
302 835
764 296
171 126
786 855
10 819
361 690
178 359
566 883
127 141
875 991
177 248
279 815
955 484
508 793
113 902
756 62
517 206
859 968
736 367
554 522
435 119
921 324
632 482
97 18
399 351
218 696
53 431
878 979
320 587
996 435
248 68
307 170
59 728
499 261
356 741
639 441
20 984
652 624
197 950
542 874
521 301
261 524
420 111
209 526
897 70
264 137
262 266
914 620
184 419
957 936
390 234
793 593
54 219
390 941
40 244
273 828
730 264
752 244
107 318
367 820
913 884
141 415
927 518
25 349
821 47
905 352
779 318
379 34
354 855
953 71
833 628
479 413
86 229
493 418
831 979
165 734
380 134
14 494
932 202
360 41
471 643
47 959
570 304
770 336
781 300
882 998
360 873
338 845
824 626
752 84
922 194
513 379
78 204
87 598
120 251
877 599
931 783
864 243
982 917
339 733
250 774
222 69
768 522
765 58
701 645
807 224
797 927
586 608
830 801
449 579
212 65
955 911
178 231
269 344
618 836
45 974
598 277
860 313
418 213
849 414
934 267
395 155
424 265
359 747
496 123
868 198
824 44
446 709
920 720
281 287
675 780
142 109
623 93
575 346
798 958
217 179
638 775
324 588
188 894
805 220
29 196
386 622
362 464
312 7
838 89
616 993
709 687
695 35
108 88
113 403
500 735
170 721
427 738
495 726
284 629
827 513
383 229
87 989
499 672
901 756
183 106
757 355
727 967
892 505
457 27
980 786
333 1
666 673
240 91
702 139
888 241
518 746
443 931
299 186
174 428
314 925
269 228
673 691
709 421
850 852
674 319
125 216
654 155
761 799
715 141
916 935
942 729
464 919
739 527
573 272
284 161
213 445
500 758
993 311
760 242
342 402
958 375
919 461
494 32
39 25
705 526
999 628
180 475
293 272
746 866
471 717
208 130
100 480
968 503
915 18
677 498
131 330
95 714
561 707
305 129
583 806
579 956
332 884
710 897
49 304
221 893
394 153
478 586
802 799
467 539
477 843
135 107
907 376
816 120
567 7
72 536
147 778
444 68
