1000 500
746 49 997 450 218 423 181 834 854 252 236 759 564 451 166 307 544 687 278 425 310 508 547 215 222 657 905 956 607 309 454 328 971 613 966 434 407 581 967 5 96 132 671 502 395 926 652 47 595 154 964 298 927 755 933 268 421 129 387 552 838 261 930 486 446 93 145 294 216 192 808 194 389 957 229 290 626 225 869 570 897 982 766 804 170 651 403 667 683 246 408 226 839 83 898 763 179 148 752 709 589 384 807 378 586 285 903 814 650 433 849 819 352 76 1000 805 678 242 563 136 969 573 522 485 800 841 305 90 701 370 846 481 735 50 729 611 753 436 498 923 442 344 156 532 619 106 824 622 124 134 617 684 876 71 324 219 513 452 165 994 98 220 228 521 726 556 467 557 217 986 460 494 989 618 255 775 783 212 638 981 739 42 139 210 267 445 398 797 836 745 286 168 572 993 743 160 604 464 852 840 312 943 277 998 122 811 694 256 232 28 26 851 714 69 190 404 499 690 270 802 472 879 126 978 545 674 749 244 516 326 799 853 39 734 409 866 420 435 689 534 7 756 204 400 458 722 703 727 22 199 377 654 962 901 646 367 257 880 437 798 447 114 884 644 105 555 641 511 262 405 31 235 296 432 51 141 385 248 787 449 187 314 364 857 944 844 686 144 17 895 904 140 439 887 855 921 416 716 100 368 78 784 57 208 410 672 771 67 13 706 917 64 32 873 631 121 673 263 80 983 417 123 590 868 773 793 883 697 250 238 426 484 695 335 391 337 825 937 86 316 191 8 351 40 151 27 333 94 842 587 980 900 221 610 893 670 889 669 401 653 320 171 902 466 112 306 440 643 972 776 858 725 470 361 23 708 700 979 721 373 984 214 985 107 914 84 280 167 461 935 680 736 571 291 161 153 605 916 68 365 325 52 732 53 603 353 731 130 567 269 457 924 273 625 821 249 354 468 958 357 297 119 871 760 382 585 767 539 428 867 459 530 951 173 796 348 991 616 72 915 974 4 859 185 397 769 707 174 284 931 253 758 636 264 63 781 16 847 950 833 455 157 342 359 704 59 660 677 742 954 772 504 283 829 531 718 647 788 789 131 91 988 987 343 500 356 538 339 860 301 891 3 180 396 243 794 495 741 554 164
726 247
884 456
864 353
17 342
60 578
560 73
732 948
515 337
977 495
961 365
150 184
449 874
538 527
423 290
2 749
28 371
483 312
842 952
431 3
943 151
772 957
845 186
943 651
84 897
756 418
457 681
17 937
294 3
196 413
118 63
330 358
813 142
427 548
608 495
384 217
923 991
758 741
185 618
47 949
571 929
600 590
930 249
982 343
382 696
319 233
928 32
345 627
862 227
114 203
823 852
604 416
665 488
919 263
59 100
5 768
245 669
733 499
206 948
469 688
819 7
469 532
834 920
67 324
281 579
116 414
507 508
913 512
552 822
826 109
960 675
375 537
431 226
911 435
179 197
494 465
795 395
106 528
341 366
440 839
793 241
172 243
348 863
696 771
744 90
927 636
717 853
951 96
625 726
519 924
880 43
715 771
13 862
504 783
738 941
188 394
821 769
709 629
347 921
804 155
480 817
453 967
626 170
195 908
481 789
988 501
740 198
343 123
737 752
663 15
168 289
756 969
728 536
747 693
412 539
982 301
740 610
300 435
888 458
98 48
292 315
526 647
641 984
556 565
57 731
407 93
719 375
650 302
564 792
898 593
516 535
846 555
379 865
171 969
695 770
141 265
785 708
776 713
330 637
629 728
135 967
700 844
817 795
979 422
67 595
62 843
421 61
139 78
946 595
922 807
200 733
86 262
252 678
77 261
268 939
454 722
932 373
473 181
313 350
995 420
597 568
357 829
135 552
372 98
691 939
409 773
583 335
814 568
924 806
643 893
615 574
311 634
354 278
678 729
871 509
309 836
785 650
443 953
31 95
597 778
985 444
750 712
324 377
218 159
403 377
449 815
691 208
571 258
374 88
510 545
722 138
285 376
705 762
97 731
399 447
642 790
12 661
623 793
409 345
562 996
471 38
897 525
626 95
194 234
517 82
346 240
328 683
561 402
926 482
424 272
563 487
684 559
514 157
80 45
523 680
925 21
336 903
534 498
177 474
751 545
327 676
432 547
735 521
561 404
705 993
534 290
859 46
223 885
626 347
124 224
778 299
452 410
321 235
809 198
333 246
738 88
821 155
911 786
745 490
305 440
693 497
577 277
679 133
980 655
698 872
247 384
367 68
836 988
779 626
991 174
383 838
696 851
842 907
434 451
388 399
211 828
115 265
787 945
823 201
879 42
620 498
829 485
951 56
975 176
915 1000
582 472
401 572
803 981
932 865
125 42
749 497
632 909
701 209
672 797
550 489
261 637
715 439
352 613
209 514
804 599
722 183
395 662
626 223
322 356
667 441
544 850
23 719
833 464
619 387
370 352
519 637
177 918
751 981
912 104
263 731
476 818
707 878
638 17
787 910
791 967
938 992
802 589
389 663
443 386
331 820
538 331
512 312
360 769
939 609
669 198
955 509
585 780
292 251
75 142
307 431
153 429
668 789
1000 298
921 601
320 233
968 621
687 314
566 907
83 84
471 944
153 765
995 442
594 82
619 824
523 686
138 933
230 558
923 587
645 447
799 91
526 297
885 899
536 893
580 727
451 866
252 461
752 611
404 37
946 578
376 106
935 509
446 21
127 430
783 541
215 129
11 570
188 54
663 500
293 878
328 6
525 193
363 155
159 59
994 317
991 109
34 216
530 525
323 673
934 463
301 783
220 132
658 889
230 460
887 985
792 222
260 858
890 743
414 332
894 853
236 396
581 606
41 39
7 407
689 675
5 622
768 68
715 759
1 212
14 905
602 930
761 33
567 811
873 911
692 552
93 918
489 25
149 111
143 894
516 434
965 635
641 25
508 672
767 847
966 664
757 221
649 112
529 572
521 492
869 778
609 926
79 993
290 27
178 869
841 448
91 285
2 858
377 485
671 664
998 286
91 769
846 905
873 295
380 939
773 759
640 158
231 218
101 204
114 68
99 591
318 484
734 53
611 531
618 275
711 24
527 74
856 961
585 258
744 301
607 173
972 269
94 971
337 167
341 627
699 615
965 952
414 517
906 23
139 179
648 20
1000 213
892 175
421 439
271 501
513 175
550 218
357 513
753 13
464 935
615 573
135 796
760 553
929 276
166 246
761 502
87 143
141 998
329 120
737 600
975 264
78 996
652 856
10 138
259 277
50 393
546 534
435 3
605 142
701 598
880 868
309 404
954 835
333 870
999 504
983 973
36 4
892 876
499 633
592 766
228 296
293 136
729 379
856 393
758 55
216 441
396 369
846 419
863 541
801 954
686 545
856 2
947 619
831 354
554 181
835 503
23 132
438 146
86 378
299 565
916 525
944 763
349 87
27 837
864 390
614 79
727 110
755 854
51 706
400 963
290 304
108 137
855 257
885 165
985 64
217 168
72 770
173 870
916 632
748 122
530 654
446 804
394 692
112 505
395 130
310 186
553 160
368 54
531 437
229 644
698 26
710 326
896 891
724 637
509 956
628 948
543 505
228 379
386 849
283 130
725 794
236 361
452 874
650 433
776 827
515 964
190 458
669 287
551 694
422 596
364 204
883 408
273 382
432 467
137 549
542 543
775 630
318 727
279 986
108 223
30 37
660 797
188 428
174 704
999 391
903 589
681 978
914 214
785 207
621 384
487 25
448 26
433 172
684 303
566 932
255 380
992 405
66 472
289 466
841 888
259 875
888 939
496 644
976 675
572 221
950 778
450 212
591 378
325 854
398 381
20 37
208 714
445 571
563 572
338 227
665 484
9 958
461 11
71 196
244 654
930 585
642 37
932 430
825 330
215 357
119 908
174 210
575 836
275 700
89 227
401 80
966 497
290 641
578 72
904 582
646 536
788 149
613 76
597 308
240 742
542 131
746 148
306 481
392 215
468 190
278 748
36 107
58 656
164 720
692 917
878 848
679 862
628 497
406 928
736 372
487 238
108 912
332 152
617 641
477 80
832 217
112 273
895 290
963 849
449 460
280 629
199 811
291 146
194 459
891 286
774 475
347 390
826 224
643 931
582 861
35 906
255 709
707 728
520 192
282 475
527 586
309 555
182 243
640 584
111 798
937 857
84 644
377 604
577 275
65 207
176 30
639 429
427 501
960 111
583 559
831 459
558 407
636 363
515 603
629 638
970 925
723 213
260 118
385 894
756 372
764 222
731 256
524 260
292 962
668 730
586 338
293 887
48 425
467 931
224 588
498 470
573 564
851 205
604 437
757 696
18 323
283 71
383 608
344 398
141 867
696 861
495 28
483 518
88 592
244 631
998 120
184 250
74 287
868 26
242 548
975 682
666 161
120 355
289 250
782 739
990 501
825 512
515 940
33 254
351 195
832 839
754 784
373 96
148 94
898 349
721 881
963 162
50 725
777 878
718 684
500 943
805 313
410 741
594 754
134 697
238 514
852 813
436 457
532 588
340 710
219 531
588 267
588 490
889 818
579 146
552 450
284 342
872 147
447 381
189 633
156 596
6 491
4 455
257 284
101 989
812 66
648 703
486 126
732 657
348 267
859 781
811 511
416 16
994 620
270 309
457 569
262 720
922 977
199 661
755 986
993 562
775 832
551 232
463 895
884 481
214 978
488 808
748 128
590 882
591 964
353 434
840 556
929 382
608 74
808 397
660 253
314 854
482 884
972 604
442 243
690 154
569 520
455 435
947 671
704 400
522 869
478 655
419 713
365 760
364 612
732 616
454 659
721 544
585 36
464 144
765 587
785 685
825 532
942 584
62 565
677 707
202 373
496 158
888 339
637 502
912 235
102 216
51 800
606 417
242 850
225 695
191 442
915 810
973 851
688 634
898 833
137 478
928 860
901 975
622 556
298 112
314 9
103 383
154 415
411 8
802 140
715 815
32 201
755 29
295 232
711 63
733 596
251 901
122 647
316 88
542 847
412 986
195 635
976 900
181 128
953 686
117 169
272 879
830 674
161 346
503 313
693 890
599 910
92 248
187 294
716 269
85 827
529 15
518 696
656 659
774 133
326 936
875 150
322 903
653 147
145 105
979 236
957 165
886 540
735 408
933 886
978 226
114 26
951 599
540 187
42 628
145 415
340 768
501 718
394 117
486 699
327 556
416 449
197 721
432 852
8 487
763 816
88 706
667 877
854 22
53 649
76 624
491 980
756 707
841 477
388 332
739 967
237 187
483 623
764 581
283 82
281 229
104 144
876 557
934 830
19 402
845 413
75 507
831 896
544 267
274 287
322 39
959 201
871 788
180 426
52 537
27 462
816 870
173 187
708 493
10 362
52 640
384 288
162 46
479 634
356 592
121 782
666 636
323 379
263 211
113 249
164 938
818 621
493 283
560 423
533 279
331 576
446 275
645 854
692 629
350 450
811 824
800 880
987 126
705 141
492 301
969 83
49 410
679 69
266 885
974 8
966 697
556 919
140 667
338 181
11 33
494 275
167 625
702 896
70 172
563 949
712 127
552 690
77 971
44 777
81 696
401 196
110 129
615 670
573 351
77 248
320 812
163 356
651 359
733 982
834 892
950 321
45 997
943 506
726 40
66 239
334 420
982 204
180 864
442 613
571 902
747 848
