1000 10
725 873 888 785 853 822 312 835 217 346
229 696
891 551
851 599
268 792
445 41
224 608
784 648
678 790
326 308
615 408
385 375
708 195
997 298
472 176
905 270
278 635
949 953
516 81
567 866
900 190
459 988
788 44
855 7
348 690
314 526
294 216
275 642
646 495
663 187
128 241
718 815
704 358
807 418
180 88
824 777
677 132
465 571
664 697
96 407
114 8
154 474
865 505
240 242
52 218
302 264
991 295
159 287
925 776
964 549
904 59
960 366
777 371
131 559
932 158
826 143
285 480
498 172
654 598
659 774
222 317
127 223
344 895
406 841
999 64
458 170
611 823
150 158
554 280
970 329
154 409
922 404
907 701
556 448
293 617
131 804
969 477
597 343
185 226
443 198
839 249
331 981
638 279
186 68
706 465
338 60
336 447
913 727
575 580
634 983
620 122
701 515
278 311
426 637
756 838
555 835
789 665
473 542
520 655
843 666
769 978
791 916
433 65
65 705
177 359
926 89
335 83
708 749
692 633
861 977
843 870
384 265
455 460
184 735
715 370
814 808
990 47
995 857
558 923
964 391
39 512
966 284
302 789
32 539
451 728
689 91
669 415
815 297
631 243
422 797
880 985
834 463
854 67
206 987
611 812
819 20
284 212
389 520
328 517
613 350
839 159
458 958
24 591
775 191
234 248
546 148
883 360
649 292
805 887
107 432
406 237
950 59
959 362
392 291
163 596
369 49
928 291
491 44
599 901
957 823
361 846
863 472
276 263
551 76
61 21
388 563
561 949
87 417
337 972
923 150
762 835
32 151
677 769
719 110
816 64
874 226
717 415
310 637
425 704
365 247
475 822
396 479
572 864
807 695
744 912
466 236
37 745
985 151
828 695
885 424
854 804
678 98
686 500
192 548
346 299
782 481
779 378
411 792
233 45
831 651
619 363
464 587
86 806
749 917
650 436
263 121
950 475
754 911
714 862
75 535
905 786
43 113
851 358
832 673
155 84
167 107
929 395
434 593
975 880
376 518
471 129
940 790
340 877
71 356
361 111
703 601
486 625
12 987
613 601
386 303
393 267
108 382
196 785
273 169
172 773
13 908
104 666
570 983
482 477
318 353
245 307
125 182
92 59
787 770
180 148
603 992
524 750
629 662
838 22
181 57
225 69
117 608
902 221
405 93
865 887
824 509
935 610
734 47
651 988
593 569
429 911
250 583
504 984
971 421
73 142
722 34
628 918
348 430
464 709
452 875
755 351
660 149
94 902
828 913
93 616
333 497
513 522
223 772
28 111
101 916
483 761
447 227
784 743
391 946
865 793
884 638
905 99
776 216
656 750
801 323
747 211
993 635
188 326
932 836
545 672
199 494
623 853
285 178
930 700
501 576
758 655
36 725
510 632
159 290
843 502
169 979
592 924
781 117
337 555
805 684
301 491
244 397
932 304
722 584
642 319
380 625
25 260
581 388
40 696
460 667
442 606
106 82
211 692
989 247
856 570
605 39
529 315
83 292
947 519
15 377
490 357
258 809
357 136
763 85
538 194
469 332
993 808
557 273
346 155
778 301
80 927
345 377
29 540
837 600
383 584
914 687
842 601
621 463
699 590
731 161
353 338
238 675
75 10
312 741
748 299
389 942
918 998
374 691
9 79
193 686
896 879
703 24
153 435
588 456
967 856
99 934
173 451
742 602
742 740
910 63
11 430
938 624
78 885
854 496
378 94
685 428
228 183
826 231
853 511
252 253
980 713
737 295
898 128
674 116
455 167
467 68
726 370
849 782
166 626
355 698
1 646
559 213
881 422
968 76
366 9
160 899
324 19
215 540
706 46
821 462
518 929
347 352
133 547
627 867
283 829
942 149
103 560
187 97
771 733
894 359
190 959
23 60
33 996
832 640
174 267
532 369
173 878
761 282
7 489
661 311
896 77
238 730
448 407
987 381
18 71
811 104
230 700
130 165
658 813
622 31
693 344
53 573
189 339
236 734
809 373
251 921
816 568
179 245
259 215
203 996
46 561
128 419
530 531
269 164
368 298
607 202
121 580
388 780
954 579
191 342
466 945
324 759
197 919
306 876
2 353
545 31
586 87
134 10
414 657
73 892
849 42
512 873
572 55
493 562
427 745
382 140
626 205
516 118
217 471
218 951
351 76
280 325
327 112
540 98
768 454
313 989
444 115
183 755
869 977
152 67
478 665
629 690
30 890
105 119
170 383
523 273
711 141
136 14
349 926
427 69
564 939
144 181
600 523
736 444
162 867
494 821
277 261
528 53
146 514
994 899
335 762
90 810
771 433
309 920
683 481
462 452
609 845
439 305
437 724
976 940
299 109
281 675
925 265
921 931
334 809
558 848
214 350
778 937
210 605
178 521
240 871
189 680
702 630
669 323
658 919
332 488
818 931
232 930
253 668
984 711
423 417
413 26
431 982
461 515
242 698
614 52
513 736
694 550
825 926
56 618
565 145
394 296
445 349
567 941
952 116
333 773
312 604
330 912
446 126
603 604
802 670
537 129
391 643
799 204
644 232
498 536
892 528
811 956
423 933
681 668
118 303
397 126
243 670
663 61
403 743
506 296
408 981
788 552
447 256
105 677
446 862
552 341
754 410
777 161
490 449
364 16
909 80
54 41
898 635
876 928
341 137
125 596
487 33
958 630
739 893
623 501
115 176
404 872
315 566
882 235
207 420
141 208
648 936
175 550
763 943
434 765
294 895
979 185
4 657
583 822
922 920
237 271
587 891
872 544
609 164
424 324
510 458
535 260
138 50
954 767
661 355
915 766
193 802
645 507
321 175
17 274
617 453
101 257
760 212
694 794
410 45
737 795
347 764
425 228
133 227
876 716
941 467
374 956
965 649
399 705
933 971
12 58
251 957
652 275
62 799
508 495
487 720
831 827
897 55
404 165
538 628
595 1000
304 585
833 783
194 724
266 367
806 431
123 702
715 5
38 606
817 571
419 844
264 27
527 910
297 975
636 593
385 747
517 624
2 89
781 222
672 610
269 436
3 373
305 307
847 908
965 28
589 463
246 255
564 487
340 542
574 252
100 6
43 575
372 827
399 525
429 225
230 267
594 635
859 845
387 286
749 619
92 470
74 869
70 91
937 113
393 110
398 890
998 15
351 354
474 257
289 710
300 566
260 767
588 256
910 27
645 23
441 400
196 67
299 235
209 751
103 636
119 721
590 738
935 837
22 605
484 859
883 858
51 6
374 199
647 546
962 541
503 334
135 500
456 877
953 414
81 42
511 30
571 679
62 362
220 844
886 224
945 471
840 683
489 694
231 746
640 287
879 860
530 901
139 627
972 143
816 438
56 364
203 18
729 582
597 562
106 314
712 752
818 732
714 367
70 990
306 955
952 707
756 100
457 679
231 830
96 122
816 63
906 533
398 789
207 386
138 281
493 482
525 198
346 576
826 889
5 572
380 58
739 413
409 244
801 547
17 372
142 967
139 90
37 898
939 585
718 680
159 508
740 478
847 445
855 768
48 717
588 948
308 903
234 727
21 387
591 581
914 894
16 376
897 962
140 476
49 483
868 856
84 288
27 713
900 770
846 641
1 803
741 888
201 659
209 492
140 168
109 639
906 25
14 586
526 316
171 173
771 553
88 634
195 901
852 371
881 473
939 519
29 506
35 524
20 402
850 239
693 368
682 543
114 774
719 57
850 563
874 795
310 13
641 598
955 153
772 34
229 54
869 676
940 895
798 707
842 866
857 102
309 578
54 560
254 832
631 546
664 46
614 205
589 752
461 488
219 810
135 224
573 757
798 482
480 927
145 994
257 485
687 539
522 889
323 390
775 194
787 848
712 536
964 982
844 915
77 486
432 177
992 120
66 163
766 574
764 688
276 134
367 654
577 400
961 633
505 941
416 909
857 653
72 999
401 214
566 924
758 421
450 973
785 622
392 246
329 499
66 159
342 492
689 255
753 206
200 728
751 160
860 95
261 354
202 221
671 288
363 26
420 730
470 569
280 272
733 331
188 182
396 258
543 963
532 685
379 490
213 108
120 537
48 784
449 4
966 146
916 36
534 157
738 861
793 676
50 966
166 556
577 875
208 21
22 529
320 997
295 443
934 468
504 322
936 469
375 662
973 827
424 813
204 322
667 533
162 38
618 642
82 330
484 674
424 608
986 283
577 681
796 508
74 612
607 192
699 812
254 986
503 282
268 219
682 888
746 497
270 132
233 3
723 980
327 858
948 995
620 615
11 554
439 565
893 502
453 1
262 921
943 144
833 168
418 411
783 97
459 321
141 878
961 753
272 435
757 289
320 960
884 157
476 820
725 428
656 509
147 334
765 499
840 201
403 352
371 442
652 149
963 873
360 365
634 735
726 178
468 95
395 819
903 653
729 100
978 197
262 307
326 974
79 130
313 8
760 137
907 864
710 744
426 440
946 578
316 450
917 944
697 616
200 412
293 863
841 723
597 112
123 271
85 548
1000 980
156 416
440 938
127 401
549 250
318 671
51 35
356 402
951 345
650 644
534 454
800 577
405 279
124 609
378 156
248 709
