1000 500
653 569 301 757 451 936 630 794 841 730 509 861 577 904 550 929 277 905 527 172 191 137 826 214 865 303 844 29 652 882 236 687 215 758 852 1000 39 25 746 733 950 200 811 401 342 160 642 167 525 770 925 96 245 286 88 312 152 136 806 123 631 565 512 666 373 939 539 335 832 82 853 344 5 475 958 870 874 634 869 169 351 338 783 530 94 773 460 290 410 518 208 538 928 427 714 801 917 879 803 785 560 887 611 47 793 107 901 16 103 927 212 412 463 789 71 847 909 462 863 168 597 328 122 920 898 589 912 472 562 742 825 352 559 389 197 946 693 767 744 435 921 85 587 702 779 513 954 843 944 686 996 174 711 265 676 820 507 606 482 681 446 814 561 119 243 595 2 308 804 878 967 319 701 576 49 6 856 153 300 593 175 640 834 437 812 872 221 931 41 534 624 607 372 135 506 387 383 688 339 492 722 778 644 977 918 750 903 871 813 477 956 255 848 617 484 20 310 34 274 468 297 613 268 411 202 83 537 425 902 392 697 960 291 332 864 718 431 385 866 182 935 690 521 402 237 796 805 233 933 544 266 10 584 490 900 745 378 409 51 618 795 599 193 26 601 626 616 108 324 999 913 65 802 660 110 743 467 638 522 269 842 461 774 21 993 454 257 299 581 859 33 974 173 991 164 313 623 465 930 287 760 934 130 598 15 109 284 114 429 161 705 497 980 432 426 388 824 254 77 604 969 672 146 988 524 981 637 546 125 608 968 131 12 140 228 379 124 229 720 858 754 317 264 371 62 665 278 558 600 54 536 4 947 568 995 835 884 625 329 753 210 42 67 782 849 37 840 487 551 46 282 420 438 17 854 149 747 181 503 474 441 331 159 35 592 142 636 883 823 456 292 761 452 473 445 24 965 698 360 945 63 220 663 734 315 304 867 363 639 645 375 994 658 943 223 366 735 661 400 111 667 662 408 922 542 104 143 248 407 721 500 526 81 232 602 775 113 396 891 949 741 827 615 368 614 464 330 657 752 938 629 118 706 707 535 442 649 87 582 19 179 716 765 246 95 305 459 648 620 207 105 50 244 975 494 836 132 148 90 573 815 911 231 674 59 428 554 416 354 889 399 680 93 790 240 543 66 129 908 940
469 462
963 33
820 323
45 67
134 19
971 159
962 780
271 986
497 332
860 931
54 923
547 755
964 713
699 59
699 850
438 923
238 848
386 542
735 950
29 885
206 236
465 151
596 316
628 843
450 18
200 123
291 415
898 630
473 645
523 861
691 96
978 27
72 407
660 269
168 202
780 244
895 49
474 421
125 449
731 294
231 286
111 336
832 576
86 523
692 839
380 276
21 546
84 520
953 146
262 241
733 881
308 478
726 274
282 938
496 709
397 610
660 211
932 502
540 446
593 807
710 866
470 391
922 52
714 190
178 468
454 790
158 12
149 139
728 567
903 514
792 307
178 529
601 392
926 822
908 165
609 618
668 571
867 999
774 911
391 349
35 743
410 849
876 27
730 335
737 583
799 162
596 609
376 179
724 88
417 832
979 190
823 939
561 708
217 316
35 360
666 594
561 205
716 129
99 341
274 278
475 900
319 616
370 73
746 649
680 729
19 334
1000 425
494 754
223 577
643 821
341 434
564 86
326 200
835 8
421 97
62 771
487 272
805 3
306 37
404 579
428 800
314 431
302 55
663 638
329 156
820 869
552 981
945 872
674 147
821 508
321 787
625 945
919 104
520 148
250 685
342 480
555 565
360 672
415 721
303 381
100 861
31 525
650 933
803 279
856 638
771 237
960 700
475 700
544 690
778 445
878 990
722 315
47 920
472 837
860 60
70 120
466 12
793 114
908 254
328 616
355 485
287 185
867 895
794 221
46 653
678 693
694 516
510 649
566 514
157 255
533 88
83 286
557 946
496 593
242 534
456 265
768 174
35 868
630 738
487 689
938 731
235 650
175 985
831 663
209 176
758 201
912 815
412 419
573 884
856 639
427 736
135 625
214 116
462 776
256 589
978 723
117 129
556 58
840 501
807 758
411 31
781 670
617 270
358 365
775 348
924 596
835 220
483 60
657 244
826 795
150 397
645 111
977 95
665 900
281 461
352 789
467 483
998 372
197 806
589 829
52 248
787 720
3 797
769 682
161 631
841 459
6 210
703 888
375 901
513 193
351 267
352 814
383 551
278 384
677 503
141 443
94 833
177 477
750 186
75 633
213 918
683 14
759 893
342 820
891 664
455 335
400 566
778 514
373 85
20 515
849 374
668 484
181 408
299 515
982 207
429 814
104 413
171 531
968 2
32 124
238 844
152 256
719 578
612 709
549 292
766 712
476 135
327 434
964 246
740 906
836 182
704 719
940 81
694 92
280 310
41 366
8 400
87 229
716 742
569 230
767 518
130 353
813 301
910 407
985 92
704 102
381 553
604 545
786 967
887 831
252 530
556 471
215 271
611 669
157 103
614 681
330 300
318 619
640 570
636 809
389 618
109 361
253 310
619 713
673 943
624 590
698 133
636 587
890 604
558 961
592 696
986 777
818 232
641 274
940 590
929 611
463 113
885 33
857 143
337 823
702 595
843 309
550 503
763 568
740 630
414 722
966 447
292 388
356 973
746 956
285 644
166 627
761 572
110 248
347 568
905 169
603 925
388 939
224 431
826 317
727 955
21 854
185 423
243 862
818 214
974 580
711 493
586 601
685 176
672 464
989 848
158 479
712 969
334 377
926 560
263 764
163 942
833 27
471 463
757 328
330 38
531 959
591 957
537 552
250 899
423 512
968 771
785 863
288 677
236 197
902 942
824 169
492 744
461 364
409 540
252 269
851 758
494 10
61 658
372 772
277 605
294 948
518 110
212 74
871 194
128 44
770 668
384 284
442 588
720 240
147 306
977 114
289 714
267 1000
892 452
470 961
308 583
747 806
50 816
468 840
892 511
592 549
375 756
670 747
913 829
917 761
233 757
320 729
469 745
213 449
122 659
753 260
311 705
755 788
847 216
326 37
984 551
995 880
485 202
528 975
718 697
939 338
834 50
779 350
525 527
994 744
346 690
371 82
802 642
751 312
263 517
650 857
264 79
511 646
953 189
628 909
688 526
911 454
220 392
944 433
676 617
918 401
208 272
769 154
17 49
332 366
547 779
765 368
615 504
488 142
78 164
359 124
927 448
749 121
380 453
82 858
915 706
795 154
810 10
792 225
679 229
866 34
894 624
735 725
303 917
321 931
640 424
599 95
420 445
651 446
546 249
657 664
934 991
765 413
105 184
499 529
711 827
174 36
44 228
302 542
261 64
870 754
422 862
395 238
295 109
356 686
101 606
620 492
721 243
142 36
763 982
367 132
257 972
661 464
140 998
563 887
498 550
93 489
219 557
305 313
314 343
493 297
304 883
853 836
282 65
861 46
172 196
490 22
847 607
276 631
398 102
498 852
364 247
983 118
315 212
528 4
365 509
976 696
199 121
467 996
825 88
500 40
775 871
47 395
172 260
404 301
991 839
329 541
63 125
580 155
366 296
737 705
819 94
347 830
513 205
126 106
666 426
539 169
367 11
633 920
206 166
351 544
522 995
378 815
430 988
41 538
43 644
78 947
55 687
635 58
569 667
822 626
411 627
430 929
242 743
341 584
703 385
608 54
24 730
773 897
187 437
470 258
688 443
708 655
387 222
177 375
227 59
234 349
144 299
80 460
889 482
432 378
40 951
742 879
112 29
11 161
363 808
512 270
324 634
992 75
136 727
504 188
990 140
396 838
309 706
734 226
965 414
103 697
602 928
944 873
905 137
232 613
200 120
517 28
436 337
723 280
245 632
239 646
406 623
550 345
312 796
936 687
927 383
629 683
902 24
9 93
595 762
774 586
285 331
811 959
560 538
239 463
562 752
444 978
766 199
519 946
862 357
107 165
369 941
108 637
108 851
686 870
137 117
435 76
788 710
115 559
344 393
749 877
737 479
599 266
524 22
745 4
718 874
390 600
660 226
541 675
507 773
575 715
605 119
821 889
733 425
408 430
327 535
965 877
899 195
461 340
49 179
499 812
717 76
293 130
910 149
143 153
353 369
119 329
559 406
932 943
803 598
418 553
495 584
412 832
950 992
854 783
275 402
207 930
474 488
394 53
671 949
439 382
777 617
621 163
295 958
767 390
43 936
489 798
970 875
105 377
800 279
556 825
702 738
582 357
893 790
6 39
66 662
149 801
222 534
440 370
922 59
486 864
793 160
141 312
30 955
340 732
566 904
447 317
804 480
245 69
345 691
915 999
153 925
707 850
211 476
368 997
952 652
138 575
966 216
623 642
670 842
465 80
193 438
444 196
359 786
507 458
290 855
935 491
483 890
912 126
658 734
348 22
654 113
67 183
655 218
20 894
813 558
614 873
164 789
403 912
73 734
159 144
191 498
241 935
173 845
914 290
573 427
173 255
886 748
191 224
816 34
926 101
973 963
437 409
574 901
937 15
91 162
727 64
429 376
501 819
679 135
271 602
203 112
460 186
799 526
90 110
839 639
761 622
828 784
267 859
561 753
15 25
530 264
661 171
725 5
152 817
495 879
736 379
522 778
72 764
42 607
146 751
752 883
930 68
980 206
760 246
14 637
682 797
967 554
32 921
465 399
265 30
916 156
980 373
344 772
486 844
367 417
457 77
586 26
491 251
536 145
320 225
284 855
170 680
581 1000
473 817
230 240
386 217
440 445
598 988
872 481
805 307
209 615
472 563
875 298
424 579
632 194
934 1
187 989
68 18
98 7
167 439
364 949
387 629
739 478
336 7
941 85
810 9
275 710
695 591
148 294
70 611
362 952
804 343
313 5
789 577
460 57
868 782
407 333
56 210
192 863
5 441
79 155
48 64
585 750
532 453
666 385
906 997
412 500
249 581
221 203
588 896
648 38
324 610
957 526
874 201
490 600
565 865
184 455
106 416
17 597
401 228
506 291
1 358
204 834
371 485
145 960
506 477
756 286
428 313
970 781
907 733
674 505
760 195
717 678
593 65
509 237
481 382
204 976
362 954
128 665
981 13
416 935
732 613
448 74
521 516
198 23
48 383
837 567
791 634
621 882
947 134
956 608
919 287
452 776
715 659
643 346
192 199
253 247
180 235
28 188
133 987
648 701
846 355
118 881
811 626
652 131
39 962
698 964
662 570
418 958
532 251
293 432
537 300
651 71
180 231
741 200
51 802
784 578
89 657
339 336
298 53
505 436
853 374
808 796
554 80
393 235
458 62
289 435
994 728
644 993
459 51
160 582
363 283
979 519
84 587
695 571
621 107
921 16
809 394
45 2
323 183
975 888
304 389
604 319
405 675
322 904
497 841
268 227
23 766
913 266
768 653
777 916
535 308
684 918
318 620
838 562
647 457
290 91
791 827
925 510
131 450
277 824
331 122
748 865
927 22
656 237
667 594
886 25
418 762
451 433
461 273
830 325
451 891
937 139
167 189
234 138
954 198
77 476
254 951
689 13
680 115
63 466
761 219
681 221
780 7
225 548
502 233
202 350
635 42
828 442
116 641
396 884
736 96
268 81
71 555
928 701
297 858
283 259
145 325
410 671
571 523
182 896
759 673
151 846
257 845
794 543
98 127
489 693
118 354
843 983
150 175
585 482
