1000 10
781 891 42 616 796 327 792 450 835 927
468 531
572 674
294 833
473 819
563 380
652 95
743 638
590 39
425 603
143 275
482 294
935 145
308 473
793 843
86 544
482 484
31 615
878 22
344 19
942 44
79 207
50 535
311 364
760 318
45 389
632 958
918 869
698 776
988 532
704 311
65 31
189 447
438 464
298 427
944 489
641 205
691 24
690 456
64 657
840 8
354 199
220 391
313 878
335 687
862 744
203 725
756 542
662 215
558 45
179 189
583 559
393 189
995 951
627 136
149 818
926 297
636 797
651 890
782 456
285 905
152 13
305 447
41 614
705 252
291 752
656 889
556 505
449 184
378 851
840 753
43 381
147 990
845 435
590 320
711 183
413 775
436 863
839 266
351 645
973 832
289 574
81 929
830 518
16 607
282 34
453 755
785 516
707 547
457 486
369 41
398 822
767 351
620 955
47 325
741 348
668 877
288 848
56 446
272 57
152 814
730 787
314 936
375 350
390 685
893 72
696 280
144 942
488 679
144 593
777 222
888 78
262 113
591 548
954 646
483 360
61 89
428 621
898 706
440 721
78 593
65 459
137 561
274 931
648 104
883 91
806 860
537 586
811 423
961 993
163 992
383 378
148 217
152 836
700 265
719 83
495 563
284 242
829 414
781 181
970 625
857 666
861 105
749 241
901 119
134 853
607 672
720 967
51 313
635 130
995 169
126 619
333 627
934 864
578 76
5 502
298 270
346 94
968 907
653 515
832 375
400 290
25 735
665 909
899 648
410 510
402 838
37 96
259 394
524 723
480 891
226 371
931 73
702 530
610 841
122 367
539 710
51 688
636 389
565 702
138 763
573 529
933 172
202 894
102 317
1000 159
74 22
27 416
856 467
756 722
807 98
645 751
619 122
931 609
909 491
204 812
900 140
567 142
83 161
384 956
94 995
836 157
345 684
903 523
965 176
899 206
670 504
120 908
303 361
411 761
683 833
352 657
501 492
862 216
479 125
236 378
909 776
907 755
704 191
260 437
845 450
60 139
80 133
136 298
792 594
351 633
526 963
639 930
970 218
372 367
84 133
979 38
451 527
417 423
695 463
822 735
550 59
258 968
472 997
176 244
59 125
873 62
220 142
636 234
943 321
445 751
488 825
478 903
686 828
455 255
859 901
473 917
851 493
737 911
961 16
825 954
751 811
412 240
108 210
223 628
958 171
315 169
481 510
73 432
594 119
164 29
549 804
704 699
867 520
778 184
816 60
974 277
342 582
983 140
127 607
151 1
887 440
201 884
738 274
546 445
497 568
740 965
924 808
434 921
494 133
182 469
843 349
334 458
278 820
933 186
583 9
774 208
554 392
779 871
283 403
978 180
849 623
547 324
800 555
10 487
694 493
665 616
358 932
838 228
711 675
131 493
591 993
616 966
238 178
848 911
366 761
489 736
203 918
572 143
199 316
208 870
92 870
4 535
994 311
919 740
196 538
642 123
92 429
112 842
392 913
251 804
558 304
557 689
294 916
768 36
784 444
962 897
213 657
794 586
516 106
416 208
524 515
435 723
291 181
79 406
630 737
939 876
847 330
630 685
576 716
167 719
405 64
805 682
886 228
421 667
65 529
312 185
569 188
919 521
635 268
803 929
166 102
180 603
250 41
613 93
922 563
686 727
211 339
674 281
406 70
999 859
634 258
650 211
221 821
88 809
445 772
666 614
386 105
431 746
758 527
273 920
709 419
533 559
309 344
355 134
673 316
487 722
497 134
46 621
54 499
199 32
131 514
128 604
17 701
714 384
949 402
556 472
230 565
791 124
747 857
137 114
803 434
709 768
568 63
226 47
530 407
982 914
361 922
810 214
30 165
151 581
496 890
595 336
525 159
946 750
976 404
406 318
147 670
213 431
609 140
858 834
237 899
883 930
826 951
612 802
687 976
780 814
205 181
291 872
945 745
739 925
520 428
910 282
281 910
715 717
476 137
471 498
803 925
168 625
891 53
823 352
264 713
693 45
952 141
937 409
466 598
531 943
422 260
419 300
560 168
829 218
553 91
584 153
676 121
508 660
449 880
898 696
401 782
506 359
725 544
775 818
668 835
642 49
811 262
734 681
795 667
76 801
777 177
173 981
986 289
539 1
854 182
731 310
433 713
985 111
567 757
51 42
651 789
893 78
224 400
109 552
227 879
718 914
637 324
565 511
628 216
392 933
904 369
525 923
766 449
987 119
248 950
794 631
31 714
506 117
679 89
319 585
293 68
902 356
512 726
988 318
615 579
881 649
430 928
115 120
801 599
813 329
330 326
877 427
781 762
438 523
104 813
111 838
143 693
198 225
87 349
264 261
124 288
42 911
949 964
122 102
158 615
310 813
812 263
927 425
87 477
468 10
336 820
600 731
126 35
443 992
275 352
244 138
577 410
552 809
490 99
906 775
175 34
194 269
977 617
603 73
889 631
679 701
18 821
307 826
796 394
708 683
815 279
58 381
90 953
972 723
131 724
855 138
267 94
60 518
631 893
948 524
892 815
802 818
15 108
671 376
528 769
426 706
778 743
693 16
27 293
564 712
19 587
919 27
620 362
943 590
372 705
213 753
142 989
323 797
868 193
826 804
194 906
791 606
258 971
40 163
357 855
219 726
156 689
282 121
313 728
749 315
341 334
216 806
580 359
654 253
722 760
794 302
902 290
442 40
660 340
831 96
278 338
937 179
112 200
637 969
901 885
322 502
118 754
686 261
417 788
790 163
83 201
737 991
70 848
980 69
550 768
340 630
255 467
251 702
916 844
212 233
729 35
632 951
741 110
26 262
47 732
285 882
111 337
347 155
278 108
678 605
998 7
200 830
192 823
746 451
474 779
242 382
974 227
910 463
150 198
793 531
417 756
281 825
684 325
382 733
974 330
70 210
519 526
413 993
205 771
462 844
377 81
845 663
288 543
450 659
144 452
765 443
940 793
593 174
121 571
822 301
279 953
145 716
806 817
592 331
359 470
38 87
446 509
640 567
355 525
100 998
368 545
976 64
517 346
605 692
824 386
983 929
387 225
49 436
299 586
80 273
787 738
757 912
840 585
265 463
983 517
767 160
327 865
235 958
959 370
786 587
904 5
608 93
317 85
917 321
557 601
998 52
534 327
945 680
53 541
343 952
418 218
481 478
788 779
129 267
448 865
80 967
257 490
146 859
30 381
286 969
2 733
29 600
638 337
408 549
226 307
363 633
900 440
967 239
692 385
542 833
161 624
675 962
235 67
661 404
518 835
37 365
96 559
20 301
869 780
869 830
5 959
637 669
170 229
334 877
162 770
670 244
522 956
6 960
52 116
759 618
548 642
664 960
600 638
426 644
225 666
71 758
895 992
465 424
965 76
217 653
283 555
202 557
458 165
115 882
223 33
420 720
162 430
107 718
416 977
200 435
988 469
952 748
103 272
829 461
796 957
621 507
688 896
975 948
169 117
50 843
918 662
185 132
769 801
647 329
718 980
805 745
332 618
23 972
171 56
79 369
207 694
682 764
55 196
11 632
431 353
374 795
18 684
95 322
799 6
747 412
629 315
810 382
781 104
932 153
296 788
724 460
202 353
542 324
582 589
688 852
715 682
925 415
77 808
201 312
884 961
991 589
238 622
623 647
341 418
835 346
791 583
649 953
773 409
981 882
331 332
29 902
469 947
191 254
336 499
807 515
367 468
91 731
203 190
191 251
606 295
740 375
289 807
648 516
916 332
450 562
540 989
174 427
229 477
486 50
669 145
161 12
588 107
611 328
834 653
871 287
290 388
379 777
117 715
743 478
190 776
194 82
703 738
508 875
59 340
950 470
249 647
482 570
395 832
33 279
808 538
633 874
968 866
358 805
497 720
475 798
669 105
154 533
517 10
610 996
66 235
876 763
2 853
396 923
136 454
48 183
151 572
344 526
135 997
166 101
112 314
628 253
458 97
701 373
231 444
780 828
552 937
466 295
126 520
573 658
394 529
397 592
271 540
24 903
604 180
103 347
245 783
828 538
650 540
714 915
306 498
850 466
187 107
500 522
372 655
697 139
197 475
12 485
266 594
326 611
444 904
437 778
12 922
736 399
177 2
997 488
402 981
413 735
884 748
597 14
483 982
853 547
668 459
118 597
310 640
799 614
1 186
511 411
535 21
536 747
608 306
429 28
671 888
558 941
368 618
354 321
423 53
467 250
991 256
834 605
746 227
307 223
619 40
506 938
186 103
928 4
389 306
667 940
609 534
570 62
569 708
846 591
643 30
317 734
174 987
711 725
276 230
837 455
885 620
243 687
555 996
179 459
742 164
674 337
827 232
683 890
741 182
210 176
984 767
982 33
42 100
814 456
906 118
564 862
798 172
503 527
623 622
948 292
886 204
247 228
573 926
333 602
575 503
52 513
219 75
857 566
448 246
329 750
3 649
823 245
354 610
694 114
386 465
626 733
426 629
820 219
987 907
492 476
543 934
490 878
19 124
195 150
441 819
268 855
596 885
24 212
969 399
503 827
266 677
551 866
760 275
681 209
959 193
439 587
