1000 500
997 481 683 102 440 539 553 248 110 777 311 66 959 918 886 46 287 439 949 280 939 906 42 629 115 661 272 670 511 857 879 515 818 909 491 677 880 726 22 433 904 167 557 815 547 184 133 12 191 374 153 45 352 832 366 359 856 943 76 122 718 999 282 851 398 363 582 108 537 717 86 807 841 192 693 712 578 309 612 207 20 26 79 610 182 266 446 514 443 205 869 795 881 865 846 98 146 590 487 106 545 875 852 397 273 542 55 850 305 137 19 227 85 951 364 725 599 384 947 426 297 973 196 385 935 868 136 934 821 495 174 371 644 883 772 9 751 990 138 166 506 269 956 792 448 215 628 829 228 44 620 277 733 847 853 414 386 189 660 504 895 927 291 389 974 630 761 254 601 402 6 734 252 410 484 286 100 569 944 576 4 766 662 563 354 415 101 292 992 263 998 586 70 447 444 451 910 143 774 811 181 75 479 616 980 294 692 431 614 319 684 758 965 775 214 908 631 172 178 530 249 913 924 453 923 357 709 964 417 336 392 665 672 435 722 434 324 404 538 720 210 962 152 872 225 694 972 920 966 871 140 605 480 445 778 270 343 608 533 715 565 809 21 32 37 459 187 860 112 258 946 485 151 681 80 603 770 520 126 218 976 279 510 43 505 13 696 129 543 450 991 467 293 421 513 604 47 369 526 767 378 16 837 800 752 15 346 96 51 573 678 388 429 432 67 482 685 509 827 719 310 911 148 917 323 646 645 170 185 933 759 595 120 746 498 858 298 653 437 885 887 361 958 600 579 301 825 289 501 975 486 866 905 804 494 790 764 796 527 256 376 632 104 209 843 71 332 351 710 675 916 250 686 695 36 652 570 989 373 8 780 691 928 810 493 124 341 222 786 38 377 784 264 503 757 201 793 418 142 867 669 801 177 955 197 736 986 960 219 651 549 937 649 844 587 874 223 763 499 302 900 365 873 577 226 903 741 531 689 331 430 785 213 546 848 667 381 246 134 147 326 948 697 158 276 34 738 637 808 452 517 180 940 915 544 613 407 337 372 394 65 806 922 639 627 48 987 154 567 983 834 1000 819 635 799 314 583 168 111 103 838 859 769 237 789 978 606 602 131 532 676 130 591 345 842 512 682 27 674 315
699 682
700 293
968 481
141 733
228 404
735 660
83 162
235 12
351 253
768 671
874 663
666 58
669 343
115 304
818 577
523 844
708 722
213 737
383 916
781 408
709 890
112 543
514 400
950 187
299 849
710 739
636 358
332 359
910 280
184 563
305 986
817 579
228 395
155 571
925 862
323 834
529 414
218 227
989 629
803 558
566 704
99 186
959 106
981 282
547 854
478 818
997 763
568 419
341 260
472 100
703 468
356 784
544 26
303 734
683 876
973 701
743 836
767 971
616 653
978 626
811 492
215 75
141 202
709 417
191 345
888 748
924 337
122 494
59 643
257 457
828 28
659 112
890 245
473 306
300 352
479 671
709 97
992 808
687 340
812 781
290 143
723 473
736 945
217 477
231 437
527 848
42 428
581 68
611 583
613 725
158 775
776 942
84 790
897 270
426 284
541 181
676 106
154 27
179 198
852 317
301 103
652 286
900 415
185 603
984 478
105 48
494 560
931 147
810 67
36 760
470 691
935 683
980 718
364 11
77 208
480 720
630 80
440 173
296 551
536 929
130 982
591 115
30 561
355 497
101 889
870 131
253 777
831 40
582 177
449 787
55 373
177 166
34 210
398 78
14 353
658 516
999 974
313 904
734 794
702 244
305 25
590 60
577 289
902 732
216 909
191 382
505 48
107 299
852 280
348 447
448 274
647 669
626 754
383 754
880 915
363 553
887 516
766 400
433 745
190 745
831 730
514 966
151 96
205 692
775 322
589 577
642 338
659 320
442 134
191 748
317 109
196 149
631 190
708 326
529 496
300 854
552 606
752 755
262 463
193 189
224 117
756 969
724 680
977 452
169 72
645 195
838 608
886 546
8 620
385 58
342 436
693 114
397 962
33 370
527 192
1 293
842 826
872 688
368 313
967 562
742 363
86 850
732 777
717 953
682 338
293 885
769 800
115 575
338 187
226 809
832 927
349 634
782 399
441 600
906 816
576 209
490 45
163 663
955 382
63 939
572 366
986 46
62 512
137 488
159 335
328 651
949 259
983 803
474 37
607 556
659 146
448 680
865 788
173 205
27 161
113 453
102 323
552 381
421 589
475 932
294 749
909 132
678 523
542 899
233 385
991 283
778 775
174 747
988 459
845 584
764 333
945 263
822 367
969 425
356 664
378 706
49 774
52 916
997 667
409 634
251 458
601 508
24 604
525 32
313 639
990 78
985 273
9 465
340 407
633 650
716 630
518 390
74 387
377 670
733 944
215 393
316 776
68 829
938 995
265 494
113 656
847 159
539 377
943 695
137 864
545 495
62 937
375 91
856 279
757 221
801 902
310 52
326 222
890 770
660 576
79 887
788 82
599 507
832 422
212 923
188 850
383 568
496 407
729 237
972 744
791 496
838 1
67 586
749 320
901 250
316 882
256 525
236 763
941 894
93 388
853 175
360 837
200 60
620 110
31 57
744 474
49 530
232 674
751 109
65 295
907 231
433 67
755 503
594 954
335 123
387 758
880 455
247 497
934 145
395 821
684 434
957 937
581 618
787 78
358 908
714 167
597 73
870 841
635 104
507 469
321 217
359 875
263 504
570 779
974 90
134 64
820 351
816 412
530 610
534 38
675 13
761 212
36 336
921 932
885 56
350 812
869 619
572 500
317 531
405 818
389 83
323 606
234 669
969 114
333 461
26 661
712 640
564 228
207 451
372 661
209 248
687 918
657 264
190 842
301 82
38 925
255 706
119 269
471 574
85 507
787 116
713 501
970 298
281 213
532 177
405 409
29 676
429 911
303 263
357 819
207 136
899 829
757 50
61 222
523 268
484 896
208 878
113 467
568 219
126 188
736 203
851 150
517 75
817 212
79 208
982 258
471 673
961 462
125 952
124 811
174 1000
753 302
443 268
794 145
900 549
702 866
401 195
989 796
649 431
183 14
596 17
889 646
388 690
528 953
300 107
53 737
459 884
272 367
971 535
627 673
524 998
861 411
101 921
500 732
489 675
847 476
793 261
538 131
486 559
633 881
267 704
554 800
855 277
76 674
437 182
799 211
951 92
152 657
815 542
793 720
771 652
593 15
814 929
682 96
813 625
567 501
573 870
353 79
637 831
880 887
805 634
361 102
245 609
184 339
875 588
467 938
401 526
527 125
771 370
452 730
4 681
744 897
511 721
840 192
663 511
50 839
360 413
814 454
290 204
392 845
241 262
164 884
84 931
809 260
330 54
691 249
102 679
33 668
199 120
390 119
355 166
629 423
342 848
285 360
181 35
224 587
525 485
621 574
169 784
111 515
595 580
19 465
680 665
500 5
599 185
871 996
386 327
333 934
677 501
993 167
872 750
885 308
198 136
651 346
2 490
292 151
314 488
243 648
944 24
605 85
853 694
276 42
10 766
282 565
407 1000
490 854
424 324
917 46
832 314
747 160
991 32
80 447
780 593
589 913
934 521
236 91
318 560
965 597
331 674
554 614
80 362
635 975
540 332
786 418
905 431
485 955
81 397
416 912
57 144
382 878
111 655
664 240
492 653
616 903
808 188
106 512
187 857
367 567
201 13
970 553
176 519
451 859
59 926
862 508
840 542
828 482
904 422
170 165
97 618
435 882
319 219
175 138
132 886
597 546
945 345
902 550
369 762
767 130
295 977
412 620
703 271
614 140
481 666
180 868
268 249
349 638
678 617
181 562
868 361
61 450
409 672
390 655
100 495
17 731
666 36
251 506
825 336
931 200
175 843
758 95
503 312
595 638
686 901
627 795
920 907
797 537
794 448
892 685
914 284
911 133
8 21
955 693
966 754
287 766
463 117
551 89
930 726
214 233
520 434
359 398
168 624
107 44
545 727
894 288
888 120
861 776
873 928
243 398
5 389
161 617
170 353
480 137
178 396
606 878
312 305
339 230
473 741
238 562
810 625
701 862
918 194
454 222
872 486
19 612
231 430
623 257
648 995
815 556
311 16
298 69
53 652
914 71
655 131
51 441
103 641
329 277
853 729
499 846
958 720
993 556
615 136
111 910
303 943
976 548
209 564
259 879
366 172
117 736
717 324
330 976
617 927
276 186
505 402
579 315
20 372
707 615
42 427
520 948
820 602
402 631
990 416
710 828
462 332
859 41
883 696
626 528
468 904
711 898
22 47
711 8
347 270
944 429
206 734
285 143
596 285
246 394
678 745
41 438
906 726
410 437
266 1
376 309
348 243
587 895
502 434
272 242
242 291
171 28
550 344
25 51
498 867
983 104
830 307
738 833
406 624
295 811
758 130
585 499
836 5
514 430
384 587
50 147
702 823
148 37
773 993
306 51
18 419
386 996
379 456
851 436
536 575
498 860
863 156
727 894
785 968
92 639
627 328
676 297
907 227
820 855
740 276
860 546
189 769
835 340
696 718
460 148
852 480
435 939
112 570
729 905
958 401
992 380
664 446
62 122
55 66
718 816
9 439
46 39
827 906
43 759
284 385
224 200
827 840
608 153
614 96
537 897
302 110
158 207
690 922
719 771
799 101
554 464
399 158
416 4
834 971
578 298
420 484
255 325
396 157
786 762
765 88
365 167
858 3
157 947
23 3
87 973
684 670
404 223
127 987
489 748
777 684
97 866
22 82
699 956
216 64
203 65
863 139
220 807
104 169
403 34
847 986
767 566
206 715
286 479
334 124
225 838
491 330
817 466
624 701
928 447
31 454
192 564
830 396
35 254
640 802
498 900
552 235
762 570
392 166
593 499
246 819
486 467
189 610
687 738
43 489
583 867
940 706
960 658
572 672
371 999
535 963
346 477
512 68
59 528
581 257
859 66
543 699
376 726
882 118
504 596
14 728
576 598
799 405
513 44
452 253
429 345
251 6
364 909
307 654
657 915
146 919
124 802
397 693
644 660
924 670
388 72
331 374
370 492
282 139
935 845
356 108
622 461
54 541
585 746
279 20
888 139
689 763
89 456
72 433
308 569
91 469
33 555
140 483
679 275
171 246
877 864
769 259
522 970
571 229
255 366
301 848
432 468
964 85
118 252
70 19
372 846
995 738
533 943
354 232
331 34
65 815
927 977
612 170
98 873
807 420
509 846
730 430
760 994
503 705
834 456
812 806
844 30
827 808
133 686
772 81
998 336
316 695
509 653
801 272
328 369
824 714
600 239
262 886
280 428
249 508
861 511
371 252
133 613
910 142
958 135
988 618
792 377
522 631
536 495
698 64
487 120
697 484
800 75
3 419
629 149
571 825
510 649
881 88
860 809
161 178
94 632
232 488
391 410
206 28
464 891
946 326
234 804
917 594
814 547
16 225
829 466
145 619
44 662
451 314
987 801
118 685
543 348
737 273
881 703
278 805
545 197
673 893
899 312
94 478
648 463
178 149
783 505
234 138
83 121
302 936
216 205
358 335
996 242
937 176
128 342
368 444
695 266
685 506
27 628
7 613
159 933
129 431
412 807
493 171
541 533
400 929
58 504
781 140
547 37
236 422
339 441
592 992
392 533
651 979
557 387
966 905
789 376
798 924
66 445
