1000 10
850 401 312 556 970 965 792 972 16 118
845 658
845 123
68 845
845 796
845 213
845 26
611 845
845 389
845 294
546 845
845 667
87 845
446 845
340 845
845 712
845 14
375 845
305 845
845 486
845 67
498 845
845 655
845 790
391 845
845 811
845 63
589 845
24 845
438 845
491 845
845 818
845 105
845 860
325 845
327 845
845 266
845 749
848 845
257 845
845 644
299 845
845 994
845 394
432 845
845 928
845 2
845 538
845 715
48 845
845 12
845 781
845 847
845 374
511 845
688 845
845 139
836 845
845 274
218 845
729 845
366 845
845 352
845 841
845 995
845 872
304 845
845 335
845 681
845 905
845 9
43 845
845 801
845 243
845 573
845 787
845 579
310 845
824 845
177 845
845 584
53 845
654 845
845 576
823 845
845 64
845 110
235 845
716 845
856 845
845 707
845 674
338 845
845 128
845 134
845 798
845 863
845 678
845 969
106 845
640 845
845 989
845 444
183 845
270 845
368 845
845 27
845 492
154 845
556 845
109 845
845 752
731 845
845 209
845 77
845 627
308 845
845 873
845 617
395 845
845 754
210 845
794 845
845 833
845 992
845 155
504 845
845 632
635 845
868 845
484 845
845 906
932 845
845 97
820 845
845 917
314 845
355 845
845 621
845 941
605 845
845 666
301 845
845 958
845 922
845 370
855 845
845 450
526 845
434 845
812 845
845 92
569 845
845 267
523 845
940 845
311 845
965 845
845 89
816 845
769 845
845 341
845 217
845 225
7 845
146 845
845 898
845 108
742 845
845 687
845 792
129 845
442 845
175 845
845 961
291 845
321 845
393 845
845 990
845 711
845 197
386 845
845 115
845 203
845 653
845 455
845 938
845 83
680 845
668 845
703 845
845 330
845 226
845 185
845 727
975 845
845 373
845 342
845 360
845 160
566 845
825 845
38 845
845 962
588 845
741 845
845 135
845 223
845 167
663 845
509 845
759 845
845 785
845 153
560 845
474 845
845 909
845 954
21 845
764 845
845 346
845 842
686 845
809 845
845 252
845 194
996 845
845 567
845 55
845 475
606 845
514 845
845 282
845 349
845 891
587 845
845 595
318 845
219 845
946 845
845 884
845 415
986 845
736 845
845 910
845 890
845 174
924 845
845 612
477 845
845 673
845 943
894 845
845 748
120 845
472 845
845 157
457 845
845 987
845 633
173 845
317 845
845 259
845 660
845 806
637 845
845 540
845 483
170 845
215 845
845 834
845 382
845 258
902 845
845 844
419 845
845 853
448 845
242 845
845 522
782 845
845 827
875 845
531 845
845 604
845 178
845 684
535 845
539 845
231 845
845 462
845 609
562 845
807 845
845 757
676 845
845 260
725 845
245 845
845 895
719 845
930 845
845 661
845 981
845 880
119 845
845 287
953 845
845 275
845 162
234 845
845 22
949 845
845 691
845 271
845 273
800 845
845 544
845 356
582 845
845 40
845 332
845 78
845 376
212 845
845 381
845 536
845 229
261 845
845 379
845 525
845 626
227 845
365 845
845 201
13 845
250 845
685 845
789 845
580 845
845 59
845 726
537 845
675 845
169 845
845 814
784 845
140 845
899 845
845 35
845 865
190 845
528 845
698 845
845 181
845 383
845 65
984 845
845 877
845 706
845 803
845 942
665 845
247 845
845 136
845 447
845 944
845 704
735 845
417 845
845 494
236 845
845 148
845 161
845 264
845 42
845 669
845 828
845 864
74 845
779 845
845 857
574 845
117 845
896 845
845 23
596 845
845 410
845 817
81 845
118 845
25 845
768 845
449 845
888 845
636 845
845 256
918 845
845 435
845 788
290 845
845 430
306 845
870 845
845 858
845 760
845 489
101 845
334 845
670 845
396 845
189 845
845 500
84 845
692 845
845 16
892 845
845 85
845 599
845 322
437 845
854 845
753 845
845 401
272 845
572 845
845 765
182 845
845 797
756 845
845 493
309 845
530 845
550 845
845 955
845 919
845 739
845 66
846 845
845 302
845 17
351 845
610 845
354 845
845 631
837 845
845 832
362 845
904 845
843 845
945 845
845 337
657 845
845 758
845 240
639 845
845 720
845 156
845 284
845 710
845 878
845 200
845 147
845 359
496 845
959 845
316 845
51 845
845 622
845 552
845 186
90 845
646 845
845 470
279 845
845 130
845 602
163 845
845 838
255 845
845 780
845 503
594 845
408 845
845 476
845 283
845 933
451 845
845 431
845 33
845 515
845 874
845 292
696 845
845 348
563 845
244 845
845 505
428 845
845 425
829 845
20 845
466 845
192 845
575 845
845 732
845 58
614 845
398 845
845 615
180 845
592 845
845 326
717 845
845 193
73 845
233 845
651 845
533 845
845 112
357 845
845 412
845 750
845 86
845 150
845 499
28 845
429 845
845 527
845 693
416 845
534 845
845 248
845 372
568 845
845 228
329 845
517 845
970 845
993 845
845 413
845 293
845 883
845 15
333 845
845 586
845 983
845 144
845 343
369 845
845 149
845 300
433 845
845 570
845 737
625 845
845 142
952 845
900 845
845 935
740 845
643 845
345 845
783 845
238 845
871 845
436 845
845 205
713 845
845 165
195 845
845 307
196 845
947 845
845 603
600 845
315 845
11 845
845 948
887 845
845 813
849 845
998 845
761 845
468 845
420 845
845 638
262 845
845 427
845 543
845 31
265 845
845 786
845 323
845 966
957 845
845 371
99 845
845 624
845 380
999 845
845 46
845 734
629 845
730 845
19 845
845 929
459 845
456 845
402 845
911 845
845 82
845 770
510 845
439 845
199 845
93 845
296 845
453 845
845 54
664 845
845 116
845 312
414 845
876 845
951 845
845 861
405 845
845 950
701 845
845 974
445 845
845 927
845 578
845 464
851 845
845 458
845 131
845 91
269 845
897 845
845 508
845 488
845 143
852 845
845 397
179 845
61 845
423 845
845 168
513 845
1000 845
845 689
171 845
845 469
963 845
845 988
377 845
881 845
295 845
102 845
845 424
885 845
845 392
705 845
553 845
845 912
652 845
281 845
172 845
845 920
845 69
845 650
598 845
714 845
845 10
980 845
845 802
95 845
973 845
845 810
889 845
845 967
845 985
845 516
845 32
744 845
845 241
845 44
845 320
903 845
39 845
819 845
56 845
518 845
467 845
232 845
971 845
709 845
845 571
845 763
743 845
879 845
565 845
845 328
104 845
845 202
845 387
286 845
485 845
583 845
738 845
845 672
845 254
845 191
845 745
845 808
211 845
845 480
845 1
845 111
50 845
554 845
344 845
845 253
630 845
845 141
845 923
845 204
559 845
845 132
845 558
216 845
75 845
297 845
845 774
845 495
845 80
866 845
520 845
350 845
845 934
100 845
991 845
324 845
845 207
850 845
907 845
426 845
159 845
501 845
845 607
845 542
524 845
671 845
793 845
835 845
103 845
845 72
845 60
845 649
926 845
845 545
690 845
137 845
845 641
263 845
49 845
845 57
845 460
845 403
363 845
845 662
619 845
443 845
224 845
151 845
124 845
795 845
845 347
158 845
845 303
336 845
859 845
845 628
557 845
845 502
845 914
845 138
845 512
845 463
845 778
845 964
845 724
845 62
845 977
718 845
997 845
723 845
845 577
845 529
845 547
70 845
591 845
845 18
845 465
845 361
747 845
331 845
176 845
96 845
36 845
845 5
208 845
830 845
845 239
648 845
845 695
222 845
845 642
845 277
913 845
845 682
122 845
845 590
221 845
481 845
845 471
939 845
845 285
198 845
6 845
845 364
479 845
845 478
845 634
187 845
845 4
845 125
845 251
404 845
931 845
683 845
915 845
845 454
845 925
869 845
845 276
845 507
845 367
845 519
775 845
845 152
845 708
721 845
845 288
722 845
845 482
551 845
656 845
845 766
298 845
845 799
845 206
979 845
37 845
126 845
845 581
821 845
613 845
384 845
733 845
845 388
845 113
845 549
845 976
845 618
418 845
845 886
845 268
845 385
845 353
845 214
541 845
548 845
845 487
71 845
555 845
845 679
249 845
845 313
845 339
845 616
845 620
94 845
506 845
440 845
845 422
845 751
845 593
845 585
845 694
845 647
839 845
805 845
845 409
697 845
52 845
400 845
30 845
771 845
845 791
845 79
767 845
845 659
845 901
845 956
378 845
441 845
845 893
845 982
677 845
804 845
845 972
762 845
845 246
845 164
772 845
845 145
845 184
845 289
845 98
452 845
47 845
845 645
845 407
107 845
188 845
728 845
845 978
845 166
702 845
845 936
3 845
862 845
845 29
960 845
845 41
845 521
845 815
220 845
845 390
358 845
411 845
845 921
845 916
845 421
845 908
845 8
845 280
845 700
845 699
114 845
845 230
34 845
845 76
845 777
845 746
845 121
845 867
845 608
490 845
845 882
497 845
840 845
237 845
461 845
319 845
773 845
845 473
845 968
88 845
845 278
845 822
845 831
826 845
623 845
776 845
601 845
127 845
845 45
532 845
399 845
133 845
845 755
845 406
597 845
845 564
561 845
845 937
