1000 500
625 674 845 757 564 794 586 567 340 184 212 761 125 223 740 838 336 201 444 410 513 82 888 104 961 269 422 471 495 278 362 903 849 272 941 326 719 909 231 367 98 382 852 64 7 747 517 332 346 768 981 308 13 544 317 589 573 676 134 77 453 251 21 590 491 151 289 284 587 339 912 963 295 175 627 663 385 81 769 76 45 868 298 890 154 911 309 520 733 632 782 673 879 451 895 164 817 814 445 92 418 831 405 63 139 542 481 923 458 72 199 355 4 825 933 330 224 962 815 929 392 14 426 765 163 687 99 54 566 183 778 968 456 621 468 528 754 65 230 17 575 236 259 42 619 653 996 514 415 994 800 1000 539 937 804 917 488 558 489 720 248 189 841 305 396 450 732 130 724 352 552 475 288 555 553 476 176 595 333 485 753 101 414 487 938 642 431 943 113 822 898 734 877 675 152 144 704 956 873 84 359 179 119 420 88 862 210 857 718 959 833 557 785 620 12 648 810 527 559 279 781 78 939 494 137 242 239 561 819 399 950 353 337 534 484 502 40 358 324 376 576 535 725 907 171 603 842 452 510 758 695 979 789 229 854 980 11 944 650 329 748 690 303 538 574 530 681 504 258 342 922 493 908 370 286 801 89 537 999 350 214 323 518 918 685 178 550 467 407 523 998 70 434 347 666 983 1 375 386 880 861 148 774 5 430 965 651 967 127 824 411 592 404 187 18 930 459 372 995 112 136 174 391 945 511 232 220 425 953 131 267 881 726 433 240 914 698 497 969 560 671 602 896 606 363 68 844 108 835 806 384 964 257 338 645 657 31 936 315 604 669 283 412 516 664 689 940 910 871 274 95 181 882 409 211 563 424 738 678 380 128 706 227 378 728 202 875 536 701 767 354 436 829 777 454 194 802 483 158 626 876 53 864 723 177 282 206 686 975 86 654 942 692 75 865 209 498 827 584 196 739 807 20 461 913 416 157 636 322 712 241 25 147 129 506 515 335 470 997 795 904 635 15 195 361 270 972 978 318 56 197 925 949 55 377 600 135 307 580 955 846 48 793 438 715 160 473 874 643 729 977 640 906 750 397 915 571 883 47 277 388 756 205 3 722 826 828 145 271 204 797 60 924 682 568 932 43 310 469 29
324 391
737 324
396 324
324 373
590 324
372 324
324 973
324 125
324 443
306 324
324 24
530 324
611 324
324 163
739 324
970 324
324 435
324 355
627 324
324 229
324 911
979 324
107 324
473 324
858 324
752 324
324 821
324 729
324 753
460 324
722 324
324 350
414 324
324 35
324 626
324 715
324 181
364 324
696 324
685 324
73 324
851 324
324 104
324 280
994 324
839 324
324 669
384 324
470 324
574 324
324 875
324 208
256 324
324 755
48 324
108 324
925 324
324 794
529 324
324 718
41 324
37 324
324 110
324 769
167 324
919 324
936 324
324 445
120 324
228 324
324 248
324 230
462 324
324 151
638 324
324 149
324 699
324 336
566 324
324 698
324 459
133 324
324 289
324 500
859 324
324 702
842 324
324 989
13 324
444 324
252 324
324 897
324 951
324 146
324 34
324 983
324 207
656 324
324 848
324 603
26 324
673 324
324 601
324 647
324 477
594 324
324 170
324 840
324 576
547 324
324 531
981 324
856 324
624 324
324 772
632 324
206 324
324 188
756 324
527 324
324 800
39 324
568 324
324 424
324 642
780 324
324 892
570 324
945 324
324 585
390 324
80 324
836 324
324 150
324 64
178 324
324 205
397 324
324 361
831 324
992 324
714 324
591 324
777 324
324 305
324 194
130 324
324 354
506 324
321 324
254 324
827 324
324 425
324 69
324 231
324 902
471 324
682 324
417 324
337 324
324 938
324 307
887 324
324 36
793 324
598 324
324 219
324 604
324 760
939 324
324 747
324 949
324 920
584 324
421 324
324 528
980 324
56 324
475 324
324 580
976 324
319 324
932 324
324 946
324 953
310 324
171 324
183 324
985 324
781 324
882 324
670 324
1 324
324 301
324 407
324 933
324 687
291 324
324 493
324 583
281 324
633 324
784 324
324 776
324 61
326 324
324 748
838 324
324 904
420 324
16 324
324 82
324 654
324 123
490 324
456 324
324 402
324 496
324 381
238 324
324 212
324 995
324 3
324 554
173 324
324 972
166 324
324 109
95 324
612 324
314 324
766 324
324 717
324 440
324 526
727 324
324 405
6 324
324 549
828 324
324 411
100 324
743 324
324 189
44 324
865 324
324 599
239 324
220 324
324 572
711 324
341 324
203 324
977 324
324 479
482 324
759 324
161 324
538 324
324 749
327 324
66 324
789 324
324 968
613 324
325 324
324 483
410 324
324 11
324 631
537 324
811 324
635 324
324 449
523 324
324 365
324 30
559 324
324 905
666 324
730 324
324 841
385 324
324 157
324 852
797 324
324 499
975 324
324 240
259 324
324 286
324 271
324 185
324 701
324 809
324 645
103 324
543 324
395 324
515 324
822 324
324 136
324 223
182 324
324 910
734 324
324 344
804 324
324 817
303 324
253 324
400 324
258 324
62 324
741 324
5 324
217 324
787 324
324 502
324 383
324 610
324 623
324 582
324 261
324 622
324 810
798 324
324 617
324 492
324 694
324 274
324 818
469 324
18 324
324 43
304 324
324 284
245 324
191 324
324 556
705 324
751 324
88 324
324 644
843 324
324 49
982 324
374 324
960 324
665 324
234 324
324 226
324 143
98 324
197 324
324 790
629 324
324 320
488 324
324 796
324 463
268 324
324 111
324 532
324 40
324 864
324 813
165 324
663 324
565 324
324 366
426 324
324 276
324 779
997 324
324 243
324 901
324 660
324 242
928 324
324 134
324 906
503 324
141 324
324 140
42 324
324 9
324 641
316 324
343 324
346 324
600 324
156 324
324 620
324 158
409 324
885 324
553 324
324 918
480 324
615 324
324 94
324 863
324 634
324 605
324 14
324 315
868 324
324 909
324 869
575 324
324 943
616 324
700 324
324 269
324 758
324 84
176 324
142 324
525 324
498 324
870 324
324 552
340 324
324 937
324 826
889 324
97 324
324 815
91 324
81 324
324 211
324 235
324 898
8 324
324 542
21 324
324 128
324 808
324 102
324 877
266 324
389 324
324 675
79 324
324 942
967 324
324 948
324 447
579 324
379 324
324 145
855 324
324 958
659 324
324 783
324 52
50 324
484 324
324 378
324 504
324 277
324 765
639 324
324 352
324 275
324 646
963 324
54 324
519 324
324 742
324 929
353 324
324 625
324 830
196 324
324 19
324 518
744 324
716 324
324 53
324 913
837 324
324 131
587 324
709 324
324 285
330 324
324 785
324 854
476 324
78 324
180 324
571 324
971 324
324 71
279 324
250 324
324 731
406 324
324 535
177 324
416 324
324 357
324 392
324 172
834 324
278 324
324 478
324 987
551 324
324 89
324 881
324 201
324 273
442 324
241 324
324 99
324 778
200 324
324 137
324 218
857 324
712 324
710 324
324 59
309 324
348 324
917 324
900 324
388 324
323 324
324 495
324 45
847 324
324 38
962 324
486 324
324 308
324 431
324 873
439 324
862 324
719 324
536 324
114 324
324 693
283 324
726 324
324 12
324 363
986 324
324 317
85 324
324 876
884 324
186 324
823 324
324 287
497 324
816 324
324 829
324 628
678 324
83 324
679 324
324 782
324 586
324 736
324 959
324 466
692 324
618 324
999 324
313 324
324 92
324 544
430 324
324 649
567 324
324 55
324 947
324 244
934 324
332 324
369 324
324 227
324 803
324 674
324 558
324 419
324 950
324 438
63 324
262 324
236 324
563 324
324 32
210 324
324 51
324 322
138 324
324 912
324 866
86 324
324 144
324 22
820 324
324 437
324 367
324 560
636 324
162 324
293 324
621 324
139 324
324 896
324 761
432 324
757 324
324 888
324 969
653 324
324 119
324 940
324 329
573 324
324 132
686 324
517 324
324 451
222 324
324 578
998 324
489 324
324 467
814 324
263 324
351 324
324 360
117 324
324 257
116 324
324 555
324 105
4 324
521 324
324 58
485 324
324 368
324 637
118 324
324 299
883 324
608 324
324 824
324 434
324 454
324 922
927 324
324 768
356 324
974 324
324 122
224 324
324 461
661 324
324 377
324 512
324 596
487 324
324 680
324 792
324 738
393 324
505 324
324 422
324 452
324 347
775 324
324 908
754 324
324 667
324 944
984 324
324 662
786 324
324 453
324 126
324 312
723 324
324 941
370 324
324 428
324 192
324 728
113 324
324 507
324 791
893 324
7 324
324 677
648 324
57 324
324 215
247 324
324 732
871 324
324 890
112 324
324 916
324 513
324 773
324 923
324 703
464 324
324 225
324 90
324 706
294 324
65 324
324 376
28 324
652 324
333 324
324 657
324 614
324 664
324 771
324 362
324 169
561 324
324 577
324 907
991 324
159 324
324 588
849 324
324 468
338 324
539 324
324 216
872 324
324 331
324 334
921 324
237 324
394 324
187 324
60 324
324 650
324 387
190 324
324 302
324 684
924 324
324 481
324 127
324 249
72 324
324 867
324 695
324 401
324 795
324 87
324 2
324 398
324 720
324 267
160 324
75 324
324 335
763 324
324 25
874 324
324 179
324 878
155 324
67 324
324 589
508 324
894 324
324 516
174 324
264 324
324 688
324 404
324 474
324 721
832 324
835 324
324 101
324 845
324 349
324 413
324 375
324 880
324 106
541 324
324 148
935 324
930 324
324 713
324 164
931 324
324 978
46 324
819 324
324 725
957 324
129 324
324 879
324 520
774 324
324 630
324 382
324 339
448 324
324 509
324 154
324 745
427 324
260 324
324 833
681 324
324 272
324 436
324 433
697 324
690 324
324 295
195 324
324 441
199 324
324 954
324 465
324 533
324 152
522 324
324 15
198 324
324 358
324 546
324 233
209 324
501 324
807 324
324 724
324 770
324 450
324 135
324 891
371 324
324 415
708 324
324 965
324 799
251 324
569 324
324 76
324 68
33 324
324 328
300 324
324 764
324 403
805 324
324 844
324 643
510 324
265 324
74 324
324 494
296 324
23 324
153 324
324 423
640 324
324 10
324 221
324 457
324 121
324 548
324 915
545 324
380 324
184 324
324 964
524 324
324 342
324 31
324 96
562 324
895 324
115 324
324 676
324 124
767 324
511 324
324 988
324 668
540 324
324 658
952 324
607 324
324 853
324 93
825 324
324 550
429 324
324 298
324 746
606 324
20 324
324 455
324 311
324 806
412 324
324 318
324 672
324 846
324 750
472 324
29 324
324 408
324 651
324 204
324 175
324 292
324 683
77 324
324 788
324 491
324 282
602 324
324 270
860 324
671 324
324 812
324 193
17 324
324 214
609 324
324 597
324 564
47 324
735 324
324 232
290 324
886 324
324 961
458 324
592 324
324 1000
324 956
733 324
557 324
955 324
707 324
324 297
324 359
990 324
324 593
762 324
27 324
324 246
324 914
926 324
903 324
418 324
966 324
324 619
534 324
993 324
70 324
345 324
399 324
168 324
202 324
324 213
324 861
324 899
655 324
324 288
324 850
324 255
595 324
740 324
324 147
581 324
324 386
689 324
514 324
324 704
691 324
324 802
801 324
324 446
996 324
