50 1000 635
683 0 366
982 0 424
998 0 937
221 0 193
554 0 738
639 0 887
111 0 728
803 0 814
211 0 644
703 0 74
693 0 936
192 0 53
91 0 556
509 0 161
928 0 90
670 0 359
682 0 482
492 0 578
963 0 290
533 0 755
414 0 625
629 0 558
787 0 485
337 0 410
890 0 393
535 0 509
648 0 915
631 0 421
565 0 896
543 0 590
898 0 236
451 0 831
93 0 603
172 0 651
659 0 237
425 0 656
452 0 174
910 0 779
256 0 103
459 0 32
856 0 670
822 0 36
454 0 126
863 0 332
874 0 259
447 0 237
58 0 606
315 0 588
596 0 793
706 0 659
