80 20 363
590 0 14
976 0 10
677 0 7
460 0 18
256 0 20
984 0 11
149 0 2
337 0 3
227 0 12
326 0 5
402 0 12
680 0 0
699 0 7
733 0 0
435 0 17
765 0 9
469 0 1
414 0 12
663 0 5
312 0 2
83 0 15
858 0 14
315 0 8
229 0 0
103 0 15
816 0 16
821 0 13
902 0 11
955 0 0
836 0 17
224 0 11
845 0 18
387 0 12
410 0 2
978 0 5
428 0 10
76 0 13
217 0 20
781 0 14
464 0 15
307 0 6
389 0 0
616 0 2
684 0 19
837 0 7
213 0 9
623 0 0
951 0 1
517 0 5
162 0 15
263 0 1
522 0 2
46 0 0
697 0 11
1 0 15
899 0 7
352 0 11
597 0 17
413 0 18
345 0 18
716 0 18
417 0 3
657 0 20
611 0 19
38 0 11
652 0 1
431 0 14
398 0 13
634 0 10
812 0 12
322 0 7
853 0 6
934 0 13
800 0 16
620 0 1
591 0 6
314 0 9
236 0 5
655 0 3
664 0 12
