80 20 99
18 0 5
91 0 9
281 0 16
332 0 18
378 0 6
872 0 19
897 0 9
491 0 5
357 0 15
185 0 2
249 0 1
579 0 1
116 0 11
682 0 11
497 0 16
585 0 1
396 0 16
477 0 7
834 0 0
397 0 1
814 0 7
525 0 1
417 0 11
116 0 14
791 0 9
238 0 7
135 0 18
644 0 2
609 0 3
606 0 9
738 0 8
355 0 9
106 0 11
451 0 11
303 0 14
322 0 10
662 0 8
571 0 2
711 0 5
386 0 4
422 0 1
878 0 10
467 0 2
216 0 1
383 0 15
116 0 14
969 0 13
795 0 0
919 0 11
858 0 9
371 0 11
861 0 0
695 0 16
469 0 12
305 0 11
532 0 4
872 0 9
570 0 8
778 0 8
319 0 10
286 0 4
476 0 10
503 0 17
577 0 18
507 0 4
408 0 9
284 0 7
684 0 19
455 0 5
942 0 2
135 0 10
764 0 19
917 0 18
657 0 3
55 0 20
6 0 0
402 0 8
715 0 6
222 0 19
229 0 12
