100 10 381
329 0 3
700 0 9
916 0 0
133 0 4
419 0 3
902 0 0
185 0 6
101 0 3
792 0 7
271 0 10
918 0 0
89 0 5
643 0 4
441 0 1
875 0 3
610 0 0
859 0 8
2 0 1
497 0 9
380 0 7
19 0 1
763 0 1
854 0 5
17 0 4
50 0 2
705 0 4
610 0 7
824 0 0
985 0 3
270 0 3
710 0 5
32 0 4
525 0 4
710 0 5
753 0 6
591 0 1
413 0 7
688 0 3
157 0 9
986 0 9
289 0 1
157 0 8
760 0 2
852 0 5
302 0 4
133 0 4
72 0 7
305 0 0
533 0 3
301 0 10
87 0 0
608 0 5
973 0 4
244 0 9
838 0 3
17 0 7
719 0 10
184 0 10
375 0 3
357 0 9
730 0 9
588 0 5
252 0 6
544 0 1
246 0 4
671 0 6
532 0 5
414 0 2
454 0 3
959 0 2
983 0 9
264 0 6
720 0 2
989 0 9
230 0 10
668 0 2
484 0 6
427 0 1
454 0 10
453 0 7
678 0 4
613 0 1
306 0 3
935 0 3
231 0 5
948 0 4
573 0 5
549 0 5
899 0 6
127 0 5
942 0 2
675 0 0
830 0 0
253 0 9
109 0 2
494 0 7
679 0 3
192 0 4
859 0 6
601 0 8
