100 10 531
809 0 1
663 0 9
266 0 4
659 0 9
956 0 4
957 0 3
910 0 10
659 0 7
400 0 1
174 0 8
518 0 8
492 0 4
533 0 8
117 0 4
592 0 8
706 0 5
128 0 7
195 0 9
47 0 9
414 0 8
721 0 3
38 0 0
457 0 6
828 0 3
124 0 4
360 0 3
240 0 3
847 0 7
730 0 8
740 0 7
703 0 8
10 0 9
564 0 1
292 0 4
271 0 8
689 0 0
267 0 9
231 0 10
594 0 0
269 0 9
775 0 4
874 0 5
803 0 2
409 0 0
744 0 6
987 0 3
422 0 2
598 0 8
895 0 1
67 0 9
704 0 9
576 0 10
590 0 2
671 0 4
646 0 2
143 0 6
379 0 1
586 0 1
835 0 7
716 0 6
135 0 0
224 0 9
261 0 3
279 0 10
321 0 6
505 0 7
491 0 5
653 0 4
837 0 2
460 0 7
730 0 9
72 0 9
68 0 5
997 0 8
390 0 3
16 0 5
629 0 2
962 0 1
889 0 10
261 0 1
825 0 10
321 0 4
165 0 8
203 0 4
966 0 10
243 0 5
152 0 3
956 0 2
329 0 1
262 0 1
666 0 1
166 0 4
721 0 1
513 0 7
803 0 6
196 0 1
358 0 1
595 0 10
403 0 1
814 0 6
