150 10 462
0 0 1
180 0 2
462 0 6
815 0 10
358 0 0
322 0 6
131 0 3
503 0 3
985 0 1
451 0 7
26 0 1
925 0 6
140 0 5
881 0 2
670 0 6
739 0 1
261 0 0
922 0 3
123 0 1
306 0 3
438 0 0
749 0 9
820 0 2
673 0 9
354 0 3
959 0 7
562 0 0
365 0 8
256 0 5
333 0 4
435 0 0
502 0 2
83 0 9
801 0 3
200 0 4
950 0 8
173 0 0
950 0 4
332 0 5
301 0 1
290 0 3
241 0 10
960 0 7
791 0 4
853 0 8
875 0 5
43 0 0
698 0 6
519 0 0
427 0 1
830 0 10
215 0 0
450 0 7
687 0 1
236 0 1
744 0 9
909 0 3
364 0 10
328 0 1
197 0 3
477 0 9
924 0 6
273 0 4
993 0 10
745 0 10
356 0 7
494 0 5
640 0 5
133 0 0
196 0 1
96 0 1
407 0 10
881 0 6
978 0 10
210 0 4
983 0 2
686 0 3
257 0 4
288 0 10
487 0 7
948 0 10
449 0 4
802 0 4
933 0 3
282 0 5
563 0 8
653 0 4
190 0 7
276 0 6
715 0 4
142 0 2
928 0 0
279 0 4
453 0 7
645 0 0
554 0 5
156 0 1
881 0 3
379 0 1
759 0 4
103 0 1
842 0 1
781 0 4
838 0 9
332 0 3
765 0 2
554 0 8
983 0 8
47 0 10
46 0 0
183 0 8
891 0 9
790 0 2
891 0 10
401 0 0
269 0 6
968 0 2
694 0 0
4 0 10
970 0 2
245 0 3
366 0 10
726 0 8
925 0 6
965 0 4
622 0 4
675 0 8
638 0 2
122 0 7
611 0 9
371 0 7
192 0 8
840 0 2
471 0 3
60 0 2
694 0 6
519 0 7
617 0 10
614 0 6
922 0 7
885 0 0
866 0 4
240 0 6
774 0 9
559 0 5
490 0 3
68 0 7
645 0 7
210 0 8
342 0 7
