150 10 703
151 0 5
171 0 6
507 0 4
244 0 3
985 0 1
299 0 0
645 0 10
309 0 3
312 0 5
315 0 5
816 0 0
402 0 6
313 0 5
650 0 9
333 0 5
95 0 7
966 0 3
629 0 10
984 0 3
238 0 5
163 0 6
453 0 9
697 0 9
887 0 1
559 0 8
924 0 8
688 0 3
166 0 3
605 0 10
385 0 3
222 0 1
17 0 6
271 0 7
334 0 9
426 0 6
640 0 4
332 0 10
940 0 7
193 0 5
780 0 2
398 0 10
747 0 0
844 0 9
804 0 8
269 0 3
305 0 8
524 0 5
40 0 1
806 0 9
310 0 4
741 0 6
411 0 9
470 0 10
505 0 1
233 0 1
969 0 10
313 0 5
848 0 2
464 0 8
364 0 3
871 0 5
916 0 4
684 0 3
649 0 2
423 0 0
618 0 2
355 0 1
721 0 0
291 0 2
412 0 0
785 0 9
711 0 5
405 0 1
844 0 9
733 0 8
153 0 4
756 0 4
864 0 3
626 0 0
507 0 10
896 0 10
637 0 10
186 0 5
763 0 8
870 0 0
453 0 0
388 0 1
627 0 8
810 0 9
914 0 7
244 0 3
630 0 9
480 0 5
11 0 8
299 0 0
707 0 1
955 0 1
578 0 9
926 0 6
785 0 3
524 0 5
719 0 2
624 0 5
237 0 4
127 0 2
299 0 10
904 0 0
381 0 4
300 0 8
840 0 5
727 0 5
515 0 3
958 0 6
300 0 8
381 0 10
541 0 5
308 0 4
832 0 1
907 0 7
391 0 2
556 0 5
856 0 6
724 0 1
470 0 1
532 0 0
567 0 10
254 0 1
226 0 0
800 0 1
664 0 5
717 0 9
732 0 7
426 0 1
288 0 3
353 0 9
932 0 8
286 0 4
608 0 10
126 0 3
734 0 5
736 0 2
543 0 9
402 0 7
78 0 3
97 0 8
778 0 10
517 0 4
427 0 10
7 0 2
392 0 9
