500 400 180
93 0 209
743 0 317
1 0 69
210 0 47
530 0 141
803 0 8
427 0 90
272 0 133
349 0 244
398 0 321
411 0 325
54 0 240
922 0 8
156 0 291
8 0 185
329 0 146
357 0 220
725 0 210
465 0 278
496 0 87
568 0 214
425 0 57
977 0 361
533 0 294
236 0 103
327 0 60
133 0 271
82 0 316
423 0 388
836 0 230
858 0 25
515 0 206
862 0 0
264 0 63
464 0 368
260 0 77
992 0 282
714 0 42
693 0 324
614 0 232
245 0 5
190 0 289
277 0 18
743 0 101
577 0 22
486 0 318
691 0 335
411 0 173
131 0 90
388 0 102
219 0 206
76 0 341
390 0 120
312 0 230
390 0 89
779 0 166
330 0 179
118 0 242
685 0 8
343 0 96
241 0 200
231 0 211
203 0 18
143 0 44
629 0 88
417 0 120
478 0 289
166 0 96
755 0 53
11 0 171
270 0 312
368 0 308
234 0 92
183 0 372
273 0 58
263 0 92
371 0 77
518 0 350
918 0 73
949 0 309
923 0 200
726 0 295
827 0 243
44 0 119
261 0 253
898 0 193
591 0 83
236 0 148
468 0 90
301 0 169
762 0 382
671 0 252
88 0 220
634 0 331
51 0 386
296 0 260
624 0 317
653 0 211
703 0 300
92 0 18
131 0 300
90 0 353
322 0 112
577 0 238
878 0 141
111 0 161
730 0 312
448 0 46
651 0 59
791 0 259
112 0 395
493 0 303
838 0 184
436 0 253
671 0 279
424 0 375
823 0 297
573 0 305
915 0 59
550 0 27
138 0 320
994 0 44
914 0 134
768 0 90
594 0 380
699 0 196
157 0 373
639 0 383
979 0 270
391 0 208
849 0 184
689 0 101
400 0 20
734 0 216
717 0 143
597 0 366
433 0 149
642 0 243
328 0 169
934 0 323
245 0 251
36 0 168
192 0 173
501 0 192
649 0 195
891 0 40
993 0 373
441 0 245
795 0 29
565 0 359
290 0 197
95 0 140
68 0 363
983 0 0
183 0 183
306 0 286
383 0 398
529 0 165
640 0 226
537 0 257
420 0 287
169 0 56
990 0 363
748 0 222
776 0 85
628 0 162
106 0 216
991 0 128
305 0 310
590 0 337
82 0 396
925 0 336
520 0 191
982 0 331
25 0 205
846 0 322
258 0 373
281 0 68
326 0 24
367 0 341
457 0 122
862 0 26
49 0 127
518 0 96
960 0 268
763 0 287
67 0 182
207 0 131
491 0 73
792 0 277
501 0 369
309 0 129
966 0 335
256 0 203
565 0 388
93 0 125
517 0 125
881 0 126
953 0 184
524 0 326
260 0 113
569 0 96
561 0 358
857 0 306
370 0 196
179 0 280
204 0 346
232 0 274
445 0 379
982 0 43
693 0 57
818 0 148
563 0 165
45 0 81
395 0 49
429 0 195
953 0 371
41 0 140
112 0 16
403 0 272
730 0 297
289 0 314
724 0 49
250 0 202
28 0 356
950 0 77
227 0 225
602 0 122
670 0 174
372 0 359
421 0 43
433 0 138
797 0 77
134 0 96
398 0 30
586 0 283
980 0 363
492 0 261
556 0 370
35 0 288
840 0 155
808 0 319
346 0 22
710 0 205
315 0 316
624 0 88
391 0 69
989 0 335
756 0 56
797 0 175
518 0 55
663 0 223
407 0 280
112 0 248
825 0 215
654 0 283
265 0 330
771 0 112
321 0 327
120 0 147
348 0 327
58 0 96
773 0 84
651 0 194
203 0 386
489 0 49
898 0 186
26 0 183
96 0 5
827 0 364
67 0 19
807 0 149
685 0 28
22 0 248
464 0 274
564 0 101
718 0 172
739 0 327
487 0 356
637 0 100
749 0 229
992 0 190
601 0 167
663 0 77
563 0 228
216 0 358
331 0 50
910 0 221
588 0 157
421 0 244
453 0 21
378 0 149
855 0 128
775 0 219
943 0 301
624 0 153
502 0 110
660 0 332
407 0 396
990 0 396
111 0 324
255 0 252
396 0 67
254 0 72
100 0 318
6 0 205
450 0 202
532 0 256
501 0 301
438 0 193
527 0 357
306 0 359
613 0 246
832 0 310
738 0 245
982 0 69
973 0 305
31 0 152
403 0 106
50 0 316
801 0 334
614 0 347
194 0 95
788 0 30
101 0 316
850 0 325
434 0 158
241 0 242
687 0 100
465 0 156
525 0 89
402 0 66
188 0 207
45 0 292
671 0 148
578 0 262
989 0 189
980 0 7
983 0 134
674 0 194
313 0 177
741 0 167
29 0 93
930 0 343
358 0 73
559 0 111
895 0 365
875 0 374
675 0 266
917 0 194
75 0 174
216 0 327
88 0 16
473 0 293
799 0 55
243 0 220
69 0 217
425 0 188
996 0 99
332 0 134
402 0 377
494 0 124
184 0 63
12 0 91
710 0 304
675 0 181
744 0 199
728 0 244
543 0 310
303 0 273
387 0 80
743 0 335
556 0 69
232 0 37
497 0 291
336 0 222
957 0 312
691 0 53
27 0 351
10 0 366
713 0 13
421 0 268
902 0 111
902 0 209
186 0 87
24 0 187
595 0 68
79 0 176
98 0 32
963 0 302
620 0 380
407 0 181
146 0 31
122 0 293
936 0 350
807 0 202
559 0 17
920 0 24
738 0 50
256 0 35
168 0 233
64 0 207
671 0 356
880 0 231
964 0 244
498 0 206
782 0 100
220 0 151
426 0 162
756 0 4
774 0 356
41 0 124
571 0 162
999 0 365
142 0 3
921 0 48
183 0 128
208 0 182
149 0 345
343 0 79
110 0 281
107 0 279
512 0 130
273 0 375
678 0 374
780 0 133
934 0 241
525 0 365
559 0 162
137 0 169
919 0 387
679 0 125
687 0 159
542 0 370
408 0 305
969 0 181
551 0 343
788 0 358
938 0 138
651 0 86
765 0 119
996 0 301
283 0 157
878 0 340
702 0 399
606 0 355
350 0 238
309 0 393
563 0 15
120 0 281
854 0 59
882 0 233
100 0 329
470 0 250
423 0 203
776 0 355
331 0 264
173 0 229
906 0 73
367 0 8
294 0 315
563 0 152
137 0 294
866 0 127
529 0 367
434 0 84
303 0 73
462 0 142
703 0 316
569 0 398
359 0 142
104 0 51
162 0 70
285 0 244
138 0 258
990 0 8
951 0 341
262 0 262
680 0 103
849 0 365
857 0 355
223 0 382
751 0 141
365 0 180
443 0 273
1000 0 282
940 0 77
312 0 234
494 0 361
879 0 247
338 0 135
490 0 78
482 0 10
694 0 70
416 0 208
780 0 340
394 0 146
713 0 297
164 0 87
724 0 293
