1000 100 452
554 0 74
141 0 69
246 0 98
525 0 75
262 0 70
888 0 84
908 0 39
302 0 79
643 0 13
102 0 70
60 0 75
219 0 19
552 0 22
140 0 56
507 0 91
170 0 68
738 0 19
785 0 69
944 0 77
249 0 43
594 0 78
339 0 9
169 0 47
347 0 30
286 0 54
852 0 9
821 0 57
608 0 27
530 0 79
881 0 70
57 0 89
397 0 76
100 0 3
716 0 48
630 0 93
717 0 91
963 0 31
950 0 58
840 0 58
412 0 51
282 0 86
4 0 85
983 0 97
943 0 41
198 0 73
225 0 20
962 0 34
113 0 87
837 0 59
555 0 88
756 0 100
895 0 15
331 0 78
686 0 82
169 0 27
399 0 30
528 0 33
535 0 89
625 0 42
675 0 75
986 0 49
145 0 87
256 0 67
553 0 64
925 0 28
526 0 13
463 0 1
332 0 12
255 0 1
327 0 90
89 0 89
45 0 59
273 0 26
793 0 25
775 0 69
182 0 97
439 0 36
221 0 89
602 0 89
969 0 84
504 0 44
866 0 40
833 0 41
763 0 33
613 0 56
827 0 22
192 0 63
439 0 11
410 0 39
193 0 23
789 0 94
201 0 80
491 0 17
919 0 84
714 0 76
67 0 83
381 0 16
23 0 99
518 0 71
754 0 67
776 0 20
655 0 75
623 0 37
778 0 19
272 0 55
405 0 10
576 0 71
955 0 35
228 0 33
749 0 6
752 0 79
575 0 10
874 0 75
635 0 41
540 0 73
887 0 53
38 0 11
684 0 15
443 0 62
870 0 100
881 0 53
397 0 3
677 0 92
121 0 86
301 0 27
69 0 31
611 0 49
525 0 40
394 0 43
743 0 91
756 0 0
509 0 94
183 0 51
918 0 51
8 0 2
521 0 98
608 0 86
48 0 6
742 0 65
18 0 50
189 0 72
686 0 87
167 0 46
565 0 52
765 0 7
604 0 70
601 0 87
358 0 5
921 0 76
379 0 85
274 0 23
536 0 41
561 0 81
150 0 35
159 0 45
519 0 98
166 0 96
519 0 96
436 0 75
636 0 94
701 0 1
284 0 13
913 0 65
327 0 71
600 0 78
399 0 10
474 0 36
460 0 74
953 0 7
961 0 44
577 0 81
76 0 42
564 0 5
531 0 38
994 0 72
157 0 50
507 0 77
767 0 48
198 0 35
630 0 28
541 0 13
125 0 81
125 0 94
304 0 58
868 0 12
571 0 43
202 0 81
244 0 62
805 0 94
462 0 59
734 0 57
486 0 29
735 0 1
217 0 38
239 0 31
53 0 55
444 0 71
925 0 0
554 0 12
486 0 17
948 0 9
933 0 95
987 0 42
454 0 89
71 0 44
291 0 51
473 0 100
436 0 46
638 0 64
359 0 37
659 0 41
221 0 67
855 0 64
828 0 90
570 0 82
135 0 71
974 0 92
276 0 58
508 0 29
347 0 26
488 0 2
651 0 45
162 0 32
357 0 48
13 0 82
825 0 67
266 0 40
426 0 19
411 0 95
547 0 78
973 0 2
346 0 95
942 0 79
675 0 4
136 0 32
493 0 79
64 0 3
676 0 14
523 0 6
260 0 92
406 0 78
817 0 25
836 0 67
825 0 61
418 0 34
59 0 44
654 0 66
838 0 20
71 0 42
999 0 73
701 0 45
336 0 89
427 0 61
190 0 27
556 0 23
442 0 88
81 0 70
894 0 21
493 0 6
663 0 51
542 0 0
848 0 61
610 0 39
520 0 25
987 0 62
970 0 75
658 0 3
833 0 96
701 0 6
859 0 35
913 0 71
332 0 11
946 0 69
83 0 11
121 0 40
838 0 17
586 0 24
167 0 51
742 0 21
467 0 22
44 0 73
911 0 63
510 0 44
544 0 20
953 0 34
528 0 54
103 0 92
862 0 62
628 0 5
355 0 89
733 0 42
595 0 91
55 0 98
779 0 3
48 0 78
585 0 93
887 0 70
309 0 90
136 0 78
788 0 89
285 0 72
829 0 46
287 0 69
936 0 87
637 0 1
184 0 57
671 0 20
634 0 53
418 0 11
138 0 26
578 0 75
689 0 73
475 0 66
931 0 96
408 0 83
239 0 57
671 0 82
511 0 98
129 0 0
342 0 2
144 0 74
748 0 21
55 0 29
595 0 80
886 0 28
452 0 60
551 0 60
714 0 60
406 0 41
357 0 62
38 0 31
798 0 75
926 0 36
688 0 77
132 0 64
45 0 53
209 0 70
446 0 41
700 0 16
588 0 27
778 0 7
464 0 17
132 0 34
607 0 61
714 0 32
325 0 50
602 0 53
87 0 58
563 0 15
560 0 82
217 0 3
594 0 73
215 0 98
868 0 31
137 0 53
64 0 57
725 0 59
884 0 39
174 0 72
271 0 38
875 0 26
453 0 98
318 0 16
125 0 51
22 0 33
937 0 61
100 0 72
873 0 62
231 0 79
347 0 25
611 0 85
588 0 16
510 0 56
952 0 92
44 0 90
693 0 3
996 0 66
263 0 83
249 0 13
260 0 24
279 0 54
818 0 67
356 0 83
986 0 91
286 0 56
529 0 100
24 0 14
486 0 18
541 0 17
402 0 91
795 0 50
470 0 40
993 0 70
936 0 90
571 0 0
763 0 1
316 0 76
726 0 88
281 0 75
621 0 91
702 0 47
903 0 70
61 0 39
878 0 51
12 0 72
655 0 6
789 0 88
465 0 91
402 0 85
781 0 48
445 0 55
928 0 83
117 0 30
275 0 70
586 0 28
805 0 35
226 0 94
350 0 36
254 0 98
492 0 54
803 0 9
585 0 95
862 0 22
802 0 96
785 0 21
274 0 48
293 0 27
127 0 7
617 0 68
70 0 72
38 0 84
805 0 9
519 0 82
707 0 63
979 0 50
615 0 50
98 0 73
266 0 75
474 0 1
834 0 33
26 0 25
553 0 6
617 0 48
543 0 100
170 0 82
33 0 87
703 0 51
267 0 30
661 0 72
822 0 26
0 0 11
318 0 59
552 0 15
517 0 84
742 0 94
504 0 75
320 0 16
200 0 89
279 0 32
884 0 35
798 0 77
93 0 57
120 0 81
731 0 55
728 0 69
464 0 64
822 0 14
750 0 47
644 0 58
89 0 29
194 0 35
662 0 88
598 0 3
508 0 32
496 0 99
508 0 58
843 0 50
959 0 60
600 0 96
604 0 8
295 0 17
555 0 91
831 0 62
613 0 4
409 0 56
946 0 13
558 0 76
6 0 3
977 0 28
190 0 71
418 0 5
735 0 47
139 0 47
974 0 2
973 0 8
502 0 43
192 0 35
324 0 81
926 0 49
620 0 24
8 0 49
813 0 30
933 0 75
557 0 98
2 0 58
281 0 63
170 0 47
404 0 63
979 0 26
4 0 52
406 0 59
749 0 66
996 0 87
735 0 80
480 0 96
705 0 74
365 0 29
884 0 8
732 0 41
268 0 97
958 0 26
75 0 3
56 0 96
399 0 12
103 0 8
786 0 81
543 0 19
397 0 96
587 0 94
85 0 75
909 0 26
458 0 63
256 0 23
793 0 23
682 0 51
678 0 84
882 0 92
396 0 65
69 0 26
231 0 85
333 0 79
794 0 75
816 0 92
17 0 9
857 0 36
682 0 69
316 0 81
81 0 16
94 0 56
699 0 48
251 0 16
600 0 91
92 0 30
944 0 48
267 0 50
247 0 89
477 0 7
815 0 79
149 0 61
72 0 12
985 0 98
494 0 83
781 0 75
405 0 86
108 0 89
939 0 68
730 0 90
205 0 94
265 0 70
418 0 56
570 0 32
717 0 9
545 0 91
470 0 32
245 0 5
862 0 78
943 0 65
347 0 42
455 0 93
317 0 23
448 0 75
785 0 67
527 0 23
638 0 98
138 0 41
210 0 73
383 0 45
907 0 32
494 0 97
221 0 21
280 0 5
504 0 57
802 0 37
237 0 15
95 0 54
50 0 43
128 0 82
10 0 90
259 0 85
377 0 100
726 0 51
831 0 44
873 0 61
357 0 39
764 0 62
321 0 9
859 0 78
275 0 17
130 0 58
18 0 92
953 0 27
892 0 51
290 0 97
603 0 36
593 0 0
889 0 35
415 0 16
844 0 35
467 0 97
883 0 33
941 0 97
653 0 75
778 0 1
707 0 39
210 0 25
160 0 67
169 0 35
620 0 54
852 0 36
112 0 60
643 0 44
102 0 93
278 0 29
704 0 60
986 0 55
18 0 30
294 0 96
919 0 22
641 0 17
746 0 58
430 0 63
37 0 47
226 0 50
642 0 23
261 0 19
96 0 45
625 0 49
494 0 2
417 0 84
884 0 84
587 0 1
746 0 34
180 0 86
903 0 64
84 0 16
947 0 1
596 0 56
782 0 84
304 0 68
504 0 24
385 0 33
305 0 62
628 0 51
182 0 14
953 0 90
343 0 8
785 0 20
914 0 81
746 0 10
119 0 99
574 0 81
57 0 38
419 0 30
106 0 13
733 0 4
174 0 80
16 0 97
205 0 34
488 0 43
410 0 53
916 0 85
893 0 65
491 0 67
657 0 11
797 0 0
113 0 58
801 0 87
668 0 1
378 0 47
698 0 41
275 0 32
852 0 87
756 0 14
786 0 60
907 0 25
716 0 16
934 0 25
980 0 10
558 0 88
227 0 63
16 0 57
936 0 1
777 0 42
149 0 38
855 0 26
899 0 32
152 0 96
776 0 44
198 0 27
908 0 33
640 0 72
373 0 29
731 0 86
339 0 91
657 0 97
290 0 44
885 0 87
435 0 78
444 0 30
153 0 42
60 0 65
374 0 95
464 0 91
451 0 99
90 0 35
569 0 43
517 0 98
889 0 29
218 0 36
20 0 54
772 0 43
476 0 26
862 0 75
348 0 2
685 0 49
48 0 38
418 0 57
989 0 18
982 0 85
845 0 18
363 0 48
795 0 76
461 0 71
4 0 20
181 0 48
849 0 92
357 0 63
355 0 56
991 0 16
837 0 100
748 0 74
666 0 5
329 0 55
780 0 14
648 0 58
2 0 25
559 0 32
230 0 33
906 0 31
953 0 35
536 0 74
621 0 16
767 0 33
344 0 3
187 0 9
391 0 55
92 0 13
3 0 77
752 0 48
572 0 59
963 0 95
730 0 52
694 0 38
117 0 61
605 0 40
446 0 65
312 0 77
285 0 7
886 0 81
645 0 2
635 0 97
162 0 9
648 0 70
304 0 86
983 0 96
368 0 8
962 0 14
644 0 78
196 0 91
571 0 97
368 0 7
537 0 39
404 0 28
19 0 50
735 0 37
99 0 16
113 0 40
149 0 18
304 0 41
922 0 9
769 0 84
313 0 44
979 0 11
488 0 42
953 0 71
835 0 47
141 0 46
794 0 20
565 0 10
696 0 57
967 0 43
677 0 29
20 0 3
57 0 20
801 0 57
144 0 98
922 0 71
99 0 25
142 0 46
384 0 49
860 0 39
369 0 97
543 0 48
379 0 54
791 0 61
325 0 17
812 0 16
517 0 46
698 0 87
786 0 20
131 0 41
238 0 62
364 0 38
281 0 61
229 0 71
616 0 89
720 0 34
510 0 39
690 0 64
816 0 65
111 0 24
624 0 3
640 0 91
751 0 76
57 0 52
115 0 95
307 0 83
32 0 89
29 0 35
329 0 77
263 0 64
700 0 61
866 0 5
17 0 57
734 0 83
46 0 32
851 0 28
461 0 72
544 0 16
629 0 53
11 0 98
867 0 15
287 0 62
682 0 100
614 0 36
611 0 74
640 0 5
854 0 41
690 0 55
297 0 34
457 0 53
529 0 46
455 0 49
595 0 100
505 0 45
878 0 40
919 0 60
940 0 39
797 0 39
393 0 74
672 0 16
348 0 59
442 0 65
324 0 6
99 0 59
581 0 0
177 0 75
19 0 72
796 0 77
767 0 48
946 0 43
605 0 51
246 0 86
375 0 34
500 0 65
521 0 98
997 0 59
325 0 90
382 0 29
545 0 45
479 0 97
138 0 44
416 0 3
411 0 41
518 0 78
75 0 80
339 0 27
746 0 36
379 0 69
268 0 6
62 0 60
179 0 6
946 0 79
411 0 40
143 0 21
332 0 45
561 0 70
503 0 66
394 0 70
645 0 1
120 0 18
759 0 55
470 0 78
366 0 37
808 0 71
234 0 41
75 0 81
958 0 64
451 0 45
519 0 3
512 0 81
165 0 33
850 0 50
589 0 67
982 0 4
145 0 70
155 0 60
213 0 49
987 0 92
54 0 57
288 0 71
821 0 21
237 0 95
670 0 76
801 0 14
369 0 56
236 0 97
901 0 7
994 0 33
33 0 42
144 0 12
360 0 66
43 0 46
225 0 92
527 0 49
537 0 0
475 0 24
553 0 10
514 0 4
246 0 54
573 0 60
857 0 28
584 0 10
134 0 100
588 0 84
836 0 36
875 0 35
964 0 45
398 0 3
296 0 10
785 0 55
675 0 3
695 0 90
226 0 80
912 0 66
78 0 41
153 0 0
134 0 45
534 0 91
455 0 25
866 0 91
458 0 51
198 0 98
784 0 54
257 0 80
409 0 50
516 0 18
106 0 58
327 0 76
719 0 97
126 0 68
472 0 77
360 0 75
398 0 6
419 0 19
306 0 36
969 0 58
576 0 33
296 0 37
295 0 9
