1000 200 482
382 0 183
5 0 58
399 0 122
524 0 193
481 0 184
959 0 198
744 0 85
766 0 176
910 0 125
253 0 56
611 0 99
860 0 125
202 0 131
331 0 11
618 0 190
733 0 199
90 0 192
834 0 7
149 0 95
828 0 57
427 0 146
868 0 14
847 0 103
314 0 19
133 0 69
417 0 111
781 0 189
424 0 73
240 0 56
550 0 23
722 0 186
879 0 27
351 0 121
884 0 93
367 0 24
969 0 163
9 0 36
486 0 142
92 0 94
207 0 4
633 0 28
206 0 79
514 0 85
740 0 117
451 0 189
809 0 77
389 0 45
885 0 75
730 0 78
69 0 47
214 0 157
767 0 105
463 0 198
171 0 198
319 0 171
435 0 76
65 0 158
1 0 12
725 0 128
355 0 102
911 0 180
858 0 76
677 0 65
218 0 101
149 0 79
367 0 60
905 0 138
639 0 116
345 0 179
227 0 52
308 0 179
36 0 86
132 0 128
866 0 110
460 0 58
464 0 158
308 0 146
6 0 180
972 0 85
385 0 98
517 0 103
513 0 17
545 0 74
941 0 120
39 0 176
525 0 159
234 0 26
566 0 72
568 0 98
284 0 98
910 0 169
556 0 94
471 0 35
813 0 156
158 0 104
824 0 73
305 0 21
37 0 195
756 0 19
531 0 158
84 0 196
862 0 116
979 0 22
928 0 107
856 0 101
726 0 33
227 0 3
377 0 59
286 0 34
587 0 67
670 0 198
626 0 5
692 0 143
268 0 152
88 0 111
484 0 43
128 0 141
999 0 73
481 0 49
831 0 1
387 0 162
531 0 100
353 0 198
205 0 18
104 0 137
460 0 35
781 0 150
587 0 96
259 0 13
760 0 98
500 0 121
830 0 94
330 0 12
19 0 77
593 0 104
883 0 190
765 0 124
680 0 92
184 0 149
479 0 19
88 0 25
305 0 97
800 0 121
481 0 163
655 0 171
312 0 42
786 0 113
4 0 81
106 0 104
927 0 134
636 0 138
277 0 25
661 0 116
128 0 163
4 0 148
380 0 190
485 0 98
726 0 200
577 0 142
832 0 180
455 0 171
641 0 165
432 0 186
418 0 137
210 0 175
474 0 74
408 0 20
990 0 82
432 0 123
195 0 173
741 0 60
762 0 185
564 0 94
516 0 138
561 0 133
993 0 148
49 0 1
401 0 89
80 0 13
522 0 75
973 0 174
292 0 24
375 0 78
64 0 154
381 0 123
459 0 158
435 0 199
289 0 164
171 0 128
225 0 160
779 0 1
746 0 200
827 0 33
127 0 154
128 0 197
849 0 98
410 0 87
381 0 21
283 0 11
597 0 149
90 0 163
742 0 56
75 0 163
453 0 18
221 0 50
830 0 114
177 0 183
242 0 151
744 0 185
986 0 134
274 0 143
904 0 24
649 0 161
795 0 190
945 0 22
342 0 70
748 0 49
543 0 46
962 0 78
968 0 79
463 0 184
187 0 115
943 0 111
355 0 165
591 0 110
63 0 22
550 0 33
71 0 82
448 0 112
129 0 89
33 0 45
507 0 154
7 0 0
818 0 18
846 0 8
690 0 103
721 0 139
510 0 127
416 0 167
605 0 103
372 0 123
999 0 80
220 0 16
461 0 10
175 0 85
564 0 115
960 0 107
280 0 140
468 0 92
971 0 96
113 0 10
841 0 20
722 0 142
245 0 193
375 0 25
317 0 104
382 0 56
827 0 45
945 0 136
635 0 60
396 0 42
850 0 16
667 0 167
364 0 107
703 0 136
760 0 138
308 0 16
3 0 125
676 0 156
280 0 120
615 0 74
619 0 129
620 0 121
270 0 25
364 0 71
561 0 114
468 0 170
441 0 54
372 0 98
56 0 49
813 0 154
391 0 113
700 0 17
792 0 18
725 0 51
620 0 103
240 0 195
976 0 122
278 0 140
472 0 92
296 0 87
469 0 56
868 0 115
163 0 124
419 0 176
789 0 129
683 0 147
42 0 165
610 0 54
869 0 146
218 0 113
586 0 53
886 0 41
104 0 180
561 0 190
946 0 31
395 0 125
353 0 67
376 0 145
849 0 114
403 0 101
318 0 22
934 0 49
635 0 166
171 0 67
645 0 4
532 0 52
227 0 0
468 0 190
708 0 126
624 0 51
450 0 89
608 0 28
750 0 76
935 0 7
684 0 193
258 0 5
715 0 92
803 0 103
992 0 123
506 0 48
97 0 97
766 0 62
875 0 66
702 0 45
545 0 176
96 0 39
194 0 99
807 0 155
366 0 24
976 0 81
103 0 98
674 0 169
541 0 175
704 0 190
189 0 43
807 0 36
217 0 89
202 0 121
698 0 58
487 0 48
277 0 140
335 0 83
50 0 139
953 0 135
23 0 19
744 0 89
299 0 15
213 0 33
195 0 38
993 0 95
309 0 107
781 0 8
425 0 18
783 0 196
144 0 138
972 0 172
390 0 33
100 0 186
646 0 88
892 0 4
965 0 149
434 0 68
233 0 180
354 0 128
664 0 187
267 0 120
243 0 138
793 0 66
136 0 123
476 0 190
733 0 151
642 0 17
263 0 141
569 0 38
22 0 121
51 0 60
266 0 14
448 0 171
554 0 106
606 0 45
434 0 9
276 0 24
961 0 150
541 0 138
544 0 69
315 0 45
510 0 127
706 0 25
563 0 196
196 0 40
503 0 135
721 0 28
807 0 184
421 0 98
892 0 51
353 0 41
164 0 43
665 0 72
574 0 63
442 0 175
352 0 157
323 0 122
502 0 66
993 0 160
191 0 143
244 0 111
729 0 132
140 0 25
685 0 116
542 0 40
284 0 161
136 0 71
60 0 124
459 0 168
333 0 36
591 0 190
512 0 133
192 0 176
502 0 16
131 0 58
278 0 136
929 0 76
728 0 116
725 0 43
174 0 184
123 0 9
216 0 47
630 0 19
182 0 94
628 0 183
287 0 56
384 0 169
566 0 59
232 0 99
889 0 32
328 0 70
81 0 33
733 0 50
235 0 105
185 0 139
112 0 159
450 0 23
55 0 153
572 0 118
556 0 57
144 0 141
316 0 34
345 0 179
353 0 37
809 0 2
527 0 175
853 0 134
393 0 111
835 0 67
130 0 130
987 0 105
521 0 125
485 0 172
950 0 85
328 0 69
558 0 200
705 0 53
616 0 193
368 0 73
922 0 98
640 0 89
861 0 105
411 0 117
804 0 116
30 0 59
325 0 142
574 0 138
908 0 143
979 0 111
84 0 145
701 0 191
893 0 83
574 0 67
527 0 171
642 0 1
451 0 8
390 0 172
456 0 37
305 0 70
412 0 163
333 0 112
845 0 50
821 0 136
260 0 197
763 0 198
328 0 84
846 0 75
434 0 105
312 0 83
415 0 193
57 0 10
283 0 164
954 0 149
939 0 115
845 0 182
433 0 191
307 0 108
504 0 67
781 0 28
478 0 3
810 0 34
687 0 91
955 0 92
16 0 25
437 0 4
169 0 171
70 0 85
114 0 33
176 0 53
696 0 130
969 0 110
600 0 155
969 0 14
42 0 20
641 0 195
181 0 61
759 0 98
850 0 168
119 0 130
132 0 51
89 0 84
221 0 102
670 0 23
574 0 160
879 0 11
874 0 72
133 0 18
155 0 75
634 0 52
573 0 188
314 0 91
98 0 88
487 0 125
726 0 145
711 0 22
440 0 187
999 0 50
124 0 161
614 0 73
633 0 157
954 0 82
717 0 28
7 0 145
631 0 52
762 0 177
461 0 94
996 0 128
717 0 52
657 0 103
368 0 156
305 0 38
445 0 155
226 0 56
79 0 131
299 0 187
706 0 34
346 0 18
299 0 33
808 0 38
50 0 106
295 0 1
944 0 177
285 0 119
124 0 190
462 0 88
740 0 25
378 0 200
349 0 12
424 0 173
555 0 91
436 0 22
646 0 56
526 0 44
240 0 175
12 0 139
544 0 65
238 0 13
996 0 33
751 0 46
77 0 26
353 0 66
712 0 59
909 0 47
834 0 129
464 0 49
761 0 117
539 0 102
688 0 76
453 0 53
534 0 183
885 0 144
726 0 27
875 0 155
874 0 21
321 0 29
762 0 171
876 0 137
585 0 176
29 0 85
15 0 134
939 0 166
81 0 80
26 0 26
727 0 85
815 0 47
906 0 158
51 0 155
447 0 94
873 0 200
714 0 117
307 0 125
860 0 164
160 0 179
259 0 45
523 0 147
78 0 128
725 0 122
630 0 13
633 0 183
648 0 34
707 0 166
541 0 92
295 0 122
463 0 5
505 0 59
256 0 62
847 0 156
748 0 10
324 0 76
807 0 19
225 0 153
893 0 2
430 0 18
484 0 175
531 0 117
644 0 124
489 0 144
465 0 20
5 0 76
645 0 84
189 0 195
553 0 142
733 0 166
772 0 196
617 0 6
704 0 6
816 0 60
603 0 127
348 0 26
81 0 185
840 0 73
246 0 106
130 0 171
850 0 11
482 0 79
459 0 45
301 0 44
791 0 147
108 0 186
867 0 155
944 0 198
67 0 146
306 0 163
97 0 181
860 0 71
665 0 118
734 0 149
78 0 118
683 0 115
757 0 34
117 0 131
483 0 133
512 0 149
412 0 139
998 0 59
18 0 32
535 0 157
89 0 47
644 0 157
765 0 133
31 0 106
336 0 196
290 0 50
282 0 52
714 0 169
983 0 132
354 0 163
117 0 192
380 0 42
521 0 123
440 0 103
548 0 25
106 0 128
154 0 181
610 0 4
258 0 31
534 0 176
255 0 96
72 0 156
974 0 57
822 0 91
429 0 172
296 0 25
332 0 21
962 0 167
868 0 58
650 0 178
364 0 194
849 0 115
376 0 165
339 0 176
120 0 174
585 0 191
362 0 6
433 0 103
265 0 128
609 0 40
795 0 103
325 0 23
553 0 48
164 0 9
574 0 148
2 0 121
779 0 100
249 0 113
510 0 195
703 0 63
853 0 138
334 0 93
352 0 148
374 0 147
49 0 135
419 0 80
934 0 71
632 0 38
631 0 113
185 0 58
162 0 46
809 0 43
993 0 28
649 0 165
853 0 133
699 0 112
515 0 182
69 0 14
866 0 13
273 0 189
797 0 36
114 0 96
195 0 109
180 0 35
282 0 81
228 0 8
121 0 178
307 0 25
967 0 3
443 0 45
78 0 108
649 0 108
810 0 21
540 0 188
664 0 129
895 0 162
532 0 45
642 0 0
647 0 199
345 0 141
35 0 96
825 0 77
2 0 131
679 0 12
144 0 19
335 0 176
377 0 126
206 0 68
129 0 12
908 0 27
97 0 34
777 0 21
612 0 128
184 0 97
889 0 94
733 0 136
691 0 111
535 0 195
773 0 33
857 0 93
674 0 65
590 0 139
623 0 158
446 0 0
364 0 178
57 0 119
941 0 161
735 0 154
707 0 156
12 0 168
400 0 130
719 0 122
676 0 42
212 0 27
400 0 95
747 0 136
442 0 48
357 0 94
690 0 143
747 0 193
899 0 199
799 0 175
265 0 117
318 0 130
924 0 92
366 0 28
169 0 146
929 0 34
336 0 6
863 0 138
327 0 190
974 0 57
236 0 83
631 0 160
718 0 92
285 0 163
102 0 90
444 0 140
905 0 105
775 0 97
722 0 182
437 0 65
856 0 76
837 0 36
747 0 77
819 0 137
728 0 4
618 0 62
328 0 186
476 0 150
104 0 33
138 0 112
346 0 148
300 0 156
456 0 31
798 0 162
233 0 92
138 0 174
852 0 124
1 0 175
435 0 194
799 0 188
376 0 178
5 0 162
460 0 52
233 0 82
443 0 103
39 0 190
88 0 66
690 0 133
432 0 47
797 0 12
781 0 173
207 0 22
357 0 171
198 0 110
129 0 15
779 0 152
598 0 96
680 0 72
874 0 10
808 0 8
480 0 38
370 0 180
905 0 7
423 0 40
3 0 141
821 0 96
450 0 2
244 0 94
159 0 78
362 0 43
263 0 53
758 0 61
615 0 128
985 0 152
315 0 24
631 0 171
101 0 88
452 0 57
598 0 194
862 0 39
220 0 174
122 0 8
602 0 12
504 0 178
732 0 89
897 0 171
662 0 12
999 0 112
804 0 161
761 0 140
512 0 118
219 0 128
636 0 105
359 0 142
251 0 34
953 0 150
699 0 166
508 0 152
871 0 145
832 0 78
362 0 34
583 0 165
188 0 55
724 0 176
972 0 5
257 0 96
229 0 147
978 0 76
970 0 165
836 0 18
176 0 50
281 0 174
997 0 70
48 0 80
732 0 133
482 0 188
588 0 126
27 0 49
208 0 27
514 0 183
217 0 141
106 0 61
19 0 150
956 0 112
344 0 79
608 0 154
491 0 30
546 0 164
217 0 11
86 0 132
774 0 152
760 0 49
59 0 34
846 0 26
142 0 131
981 0 152
532 0 16
92 0 42
948 0 40
941 0 116
138 0 9
947 0 18
791 0 14
868 0 46
63 0 146
955 0 132
734 0 96
623 0 174
143 0 164
592 0 39
500 0 105
19 0 0
619 0 142
739 0 100
777 0 175
789 0 150
427 0 129
486 0 199
127 0 90
738 0 116
31 0 0
173 0 25
342 0 99
93 0 171
822 0 112
357 0 189
181 0 182
768 0 133
584 0 156
156 0 103
292 0 109
15 0 118
584 0 60
744 0 87
734 0 181
