100 99
2 91 94
2 94 2
2 2 73
2 67 55
2 55 15
2 15 32
2 48 54
2 54 39
2 39 13
2 13 84
2 35 64
2 64 93
2 14 28
2 89 41
2 8 49
2 49 47
2 47 45
2 45 88
2 88 59
2 11 23
2 85 7
2 7 18
2 9 12
2 80 83
2 83 40
2 71 77
2 77 72
2 72 96
2 96 87
2 30 79
2 79 66
2 66 37
2 37 44
2 44 19
2 19 95
2 33 61
2 52 43
2 43 98
2 98 57
2 5 53
2 53 24
2 24 82
2 82 36
2 69 86
2 86 99
2 99 6
2 6 31
2 31 50
2 58 46
2 46 62
2 62 10
2 10 56
2 56 78
2 78 63
2 63 92
2 92 90
2 90 38
2 38 68
2 68 65
2 11 21
2 50 58
2 21 59
2 36 29
2 80 97
2 26 14
2 17 27
2 16 67
2 73 22
2 1 51
2 100 65
2 21 70
2 75 42
2 29 69
2 41 34
2 87 30
2 51 91
2 17 41
2 84 35
2 28 89
2 32 48
2 41 60
2 9 81
2 85 23
2 17 74
2 93 26
2 61 52
2 18 81
2 8 34
2 20 27
2 95 33
2 71 40
2 21 76
2 87 42
2 12 97
2 57 5
2 4 28
2 22 16
2 32 25
2 25 3
