100 70
2 89 46
2 46 83
2 83 63
2 63 96
2 96 10
2 10 79
2 79 26
2 27 32
2 32 44
2 44 14
2 14 6
2 9 8
2 8 69
2 69 52
2 52 81
2 81 45
2 45 41
2 41 64
2 64 25
2 25 66
2 66 11
2 11 51
2 51 57
2 57 40
2 40 3
2 3 84
2 84 55
2 29 42
2 42 56
2 56 60
2 60 92
2 92 87
2 87 18
2 18 19
2 19 7
2 7 15
2 15 97
2 97 48
2 48 34
2 34 2
2 2 58
2 58 47
2 47 13
2 13 67
2 67 20
2 20 100
17 90 38 65 17 73 99 74 31 43 95 22 24 72 78 62 86 4
2 89 82
2 21 82
2 23 59
2 74 24
2 30 9
2 29 55
2 55 88
2 50 28
2 49 17
2 6 30
2 28 37
2 27 26
2 35 91
2 62 71
2 91 94
24 59 82 5 77 70 71 33 75 98 12 4 78 21 76 50 31 85 22 53 1 61 80 23 16
2 99 33
2 5 54
2 28 78
2 1 35
2 70 39
2 80 36
5 68 93 38 86 99
