100 52
2 12 36
2 36 29
2 29 96
2 96 37
2 37 50
2 50 7
2 7 77
2 77 89
2 89 14
2 14 68
2 68 66
2 66 32
2 32 99
2 99 6
2 6 51
2 51 52
2 52 75
2 75 28
2 28 55
2 55 54
2 54 40
2 10 60
2 60 67
2 67 11
2 11 64
2 64 43
2 43 47
2 47 83
2 87 98
2 98 69
2 69 24
2 24 48
2 48 15
2 15 71
2 71 79
2 79 18
9 70 8 81 46 94 84 33 1 92
16 21 22 59 73 100 86 78 80 42 81 53 91 16 58 31 12
35 30 97 4 86 90 65 56 58 38 88 16 5 27 42 45 85 46 61 63 2 13 70 74 95 20 44 17 31 91 25 9 22 100 41 76
2 65 5
2 95 82
2 40 10
2 83 87
2 46 49
2 100 34
2 23 91
2 23 35
2 3 88
2 72 93
2 62 46
2 72 56
8 26 57 97 86 19 85 39 100
