100 37
2 28 68
2 68 44
2 44 21
2 21 92
2 49 42
2 42 73
2 73 5
2 5 52
2 52 86
2 86 30
2 30 55
2 55 2
2 2 93
2 93 67
2 67 88
2 88 32
2 32 50
2 50 37
2 37 90
2 90 97
2 97 65
2 65 95
2 95 24
2 24 60
2 60 7
2 7 94
2 94 64
2 64 34
2 34 58
44 11 62 66 43 63 4 59 35 27 84 85 39 19 46 79 57 89 48 51 33 31 53 17 6 69 26 75 71 76 96 54 91 78 29 83 100 25 22 9 10 82 56 13 77
2 92 49
2 9 48
2 99 28
25 40 87 82 61 20 12 74 53 1 17 99 16 81 3 36 48 80 71 33 6 8 18 91 72 70
2 98 61
2 47 39
17 87 70 23 15 19 14 12 38 84 36 41 82 47 45 35 10 78
