100 39
2 11 16
2 16 80
2 80 34
2 34 74
2 74 12
2 12 95
2 95 67
2 67 6
2 6 45
2 45 76
2 76 26
2 26 84
2 84 36
2 36 99
2 99 52
2 52 5
2 5 92
2 92 94
2 94 3
2 3 32
2 32 54
2 54 28
2 28 2
2 2 60
2 60 73
2 73 39
2 39 51
2 51 13
2 13 8
2 8 79
2 79 17
2 17 68
2 68 33
2 33 48
2 48 46
34 10 18 70 22 4 24 57 83 49 91 88 43 38 77 9 82 37 66 14 15 7 40 19 29 75 78 89 41 44 72 61 56 90 55
22 77 38 4 63 58 22 31 91 56 81 20 57 75 85 65 30 21 53 100 18 64 69
37 88 61 50 96 47 81 98 40 62 87 21 27 93 1 59 53 90 42 69 55 86 71 64 22 23 66 97 77 44 56 7 25 75 35 4 38 24
5 11 57 69 1 38
