100 28
2 1 45
2 45 86
2 86 28
2 28 18
2 18 20
2 20 76
2 76 88
2 88 96
2 96 82
2 82 9
2 9 40
2 40 50
2 50 97
2 97 95
2 95 89
2 89 94
2 94 36
2 36 60
2 60 30
2 30 19
2 19 52
2 52 4
2 4 63
2 63 55
2 70 26
2 100 54
48 22 10 34 53 79 23 35 55 93 64 90 58 49 56 44 80 38 78 51 99 32 69 16 84 85 65 17 98 43 37 74 26 83 6 12 62 21 15 7 31 72 41 29 8 13 66 67 61
48 51 39 49 57 26 3 13 43 83 46 5 2 68 48 78 92 59 10 11 31 73 21 67 81 37 77 14 24 62 22 38 71 35 90 27 75 42 74 33 12 25 54 87 69 100 91 47 56
