100 99
2 100 99
2 99 72
2 72 53
2 53 88
2 88 32
2 32 79
2 79 15
2 15 61
2 61 28
2 28 20
2 20 16
2 16 5
2 5 65
2 65 24
2 24 49
2 49 47
2 47 7
2 7 37
2 37 25
2 25 8
2 8 40
2 40 56
2 56 39
2 39 80
2 80 4
2 4 78
2 78 67
2 67 64
2 64 85
2 85 11
2 11 19
2 19 12
2 12 77
2 77 97
2 97 52
2 52 48
2 48 17
2 17 93
2 93 66
2 66 69
2 69 23
2 23 46
2 46 42
2 42 74
2 74 82
2 82 29
2 29 10
2 10 60
2 60 58
2 58 62
2 62 98
2 98 34
2 34 31
2 31 94
2 94 18
2 18 96
2 96 6
2 6 95
2 95 50
2 91 1
2 91 63
2 45 63
2 83 45
2 26 83
2 27 26
2 68 27
2 51 68
2 35 51
2 35 70
2 70 92
2 92 30
2 30 90
2 57 90
2 41 57
2 41 59
2 59 2
2 75 2
2 38 75
2 38 13
2 13 55
2 84 55
2 33 84
2 87 33
2 43 87
2 81 43
2 73 81
2 73 86
2 86 36
2 14 36
2 21 14
2 54 21
2 54 71
2 71 22
2 22 9
2 9 44
2 89 44
2 89 76
2 76 3
2 3 100
