100 45
2 68 25
2 25 72
2 72 9
2 9 29
2 29 28
2 28 54
2 54 10
2 10 66
2 66 5
2 5 48
2 48 80
2 80 18
2 18 45
2 45 38
2 38 98
2 98 85
2 85 41
2 41 74
2 74 63
2 63 3
2 3 61
2 61 43
2 43 16
2 16 82
2 82 78
2 78 31
2 31 65
2 65 11
2 11 58
16 68 86 93 22 47 42 33 17 69 79 1 46 36 7 73 56
2 47 69
2 79 47
2 79 64
2 64 83
2 83 59
2 30 59
2 30 94
2 51 94
9 51 44 32 57 81 70 52 13 24
2 70 13
2 13 52
2 52 75
38 92 95 40 50 75 49 60 88 20 12 90 62 21 89 27 37 34 96 91 2 76 53 19 100 84 77 23 99 39 87 55 35 6 97 26 14 4 15
2 14 90
5 67 90 8 100 71
