100 41
2 73 15
2 15 93
2 31 75
2 75 33
2 33 67
2 67 47
2 47 62
2 62 21
2 21 57
2 57 50
2 50 77
2 77 74
2 74 94
2 94 91
2 91 72
2 72 48
2 48 89
2 89 76
2 76 4
2 4 80
2 80 14
2 14 34
2 34 56
2 56 27
2 27 35
55 16 82 59 51 45 78 37 29 2 52 36 30 95 44 6 66 98 38 71 86 65 19 42 68 3 10 22 97 87 100 96 58 32 17 20 61 60 9 8 64 81 24 90 84 99 13 49 53 28 69 18 46 79 40 88
2 23 31
7 7 54 39 43 26 87 25
2 83 92
2 55 11
2 70 23
2 93 23
2 1 85
2 23 70
2 87 63
2 5 63
2 83 87
2 11 26
2 83 41
2 41 83
4 73 12 85 83
