200
956792605 758094558 21
-995356735 511893812 21
815611679 487035162 27
863246010 976833660 10
-473381851 154145057 39
524753049 434183100 3
-31365158 815147357 15
-628696954 447687690 8
-952567870 767428724 26
-185082889 942291896 12
-450634085 55199241 18
327439754 920759474 18
-611434703 322178918 26
-498085163 299914973 29
-181568639 844265593 35
-5428298 577363259 12
-453459743 955642645 26
-72468498 837808886 14
922427263 256501870 26
888059165 101323886 35
182774136 945728855 37
71084571 978953443 38
176401199 312559332 26
520444131 856418148 3
-267043937 895270496 22
780632181 520468146 33
807379863 316029387 34
-986793257 665114081 40
251783144 88061561 31
172219138 778326781 16
932525368 237526739 29
-554771709 691985823 35
-612291374 559350408 39
-36915866 797304912 21
-258210503 871630570 36
533077124 867728446 6
-312001263 658086533 17
-483685400 626968741 20
406437500 789066636 3
613933555 304398232 33
-96260192 171347801 24
-693347615 498029632 27
-336287074 462284863 33
-701474765 141283627 3
9211171 547402600 31
-305538203 875671693 8
880518884 506848263 26
-929298037 14033994 40
-276879832 2329197 21
-550202762 420516102 31
-812484472 779328658 34
-266811555 607745485 30
-449997918 712546505 37
-601633270 78286742 10
-982400604 280554218 1
-829290446 214410603 12
-849507354 841463260 30
-820906354 388839716 31
-139785518 827878292 14
649528525 6986146 17
-569474599 191105594 21
637711904 346378373 29
251669070 5744666 27
735454275 481444778 1
-974583833 640758977 25
285115275 510670017 38
-738269912 564783058 22
-458284299 132693935 16
-71428448 519839454 40
-705625503 180273725 18
529934787 65741530 31
-134223435 723726128 32
93172511 222308393 39
-919077017 808554331 35
-315133707 206440660 14
252607283 570757656 22
-265505728 109693765 31
673402533 25209835 32
-555415152 792873342 7
740448779 300338420 16
565220992 144477581 14
-222035495 100812543 16
679721242 989571961 21
-821600693 241655993 36
-540226815 909623300 14
860971086 998738395 20
-873879025 517525918 12
507995336 639145684 35
-651947746 408957098 37
183510206 428685961 21
973968933 388597596 6
-827582837 712799547 6
305135962 615154950 30
-381614017 951599409 17
-493129208 537703652 9
-525262280 417375667 14
432304536 146070423 25
-344222827 611436755 25
-793247107 385816728 19
-276991140 755458966 30
7712153 492363 6
-256453697 364894500 15
666809467 420140339 3
280535816 902526694 3
-85344791 434891830 31
-249797827 269340790 24
-403030316 873227806 36
297211919 481026306 6
-314807302 600896005 22
-310334207 215396576 17
-938134339 124619120 22
-704643660 842526372 36
55744597 556020093 30
837769312 659838685 21
58887358 992749114 31
448454477 232839670 13
890396422 288666887 4
715627034 818887391 35
902091503 453896675 20
-292020967 960566276 25
-100044663 640373030 12
-868357811 321297699 13
-387828447 298459583 21
-328076942 831151039 2
653704151 27363308 13
264374872 422015074 10
-47617330 164814162 40
-199284440 867924607 32
-106372349 673756958 17
354329024 552689863 15
700284205 944646210 23
-699301860 178390909 14
375848632 373494998 11
113196518 503700154 20
344357999 758299074 35
53010391 133902444 37
262544315 393163821 1
-989755076 207048184 14
900394052 631288412 3
530901347 476733767 8
772782165 764626123 38
-873342301 411080677 30
-863160531 669531265 27
-767235117 446933410 23
-596045918 775637458 35
678920233 576403831 6
613756404 311477584 40
-487251305 691927056 38
-637880188 501986001 20
655295383 138410932 29
564403974 808619255 3
-332823733 71391439 38
362453975 524667350 37
3252424 653579364 20
70285592 333701977 19
-705773174 610042021 3
445818363 812125742 5
832464830 797727758 39
-753610955 747652481 36
599624059 773533870 13
-466644470 597028652 23
-51437362 677597665 25
-866585861 22442117 10
-934512342 827660748 30
109588058 35315652 35
-754095119 268145812 20
323131689 137536000 7
-522545605 825529403 11
-148748102 639516990 39
104282234 947728492 40
-622084565 3784140 6
217445867 29493037 30
568329342 530874897 13
-528374264 66634195 5
832662938 870497511 20
-914426107 311253977 37
145562358 172864957 20
-623755732 831216424 25
752907296 469714006 23
568259216 722370696 1
35075940 604838054 3
775334948 201974006 19
488137090 426322370 20
439697563 196040746 16
882504268 47518566 28
882642232 472951559 35
113604440 6406410 4
-390714844 155120357 2
-390415642 428645339 36
-382767364 568701679 37
185221097 390049764 7
-118281145 134487424 40
278715945 967906121 20
-186119878 918047392 37
-318390455 931663419 22
160108347 207702054 13
540040210 653616161 16
179260507 434235889 4
909295861 483846498 15
-109489695 602539590 34
