200
-1 776020289 17
4 741258642 16
3 916093389 26
-1 405331625 19
3 852214885 12
-3 964840237 34
0 40615272 27
3 257405339 28
-1 211494308 6
3 278695334 3
1 133727142 40
4 391279540 2
2 56568163 9
5 914076410 28
4 764202770 28
0 785847444 32
-3 236568271 29
2 495500573 27
3 767731448 14
1 788830545 23
5 863911196 31
-5 545433657 20
-2 811056611 3
2 317036954 8
-5 549508645 14
-3 296947212 33
-1 246715451 18
2 74502201 19
-1 179139979 12
-3 671027783 32
-5 61885196 12
1 615912857 24
2 634794991 29
-4 751846941 39
4 548158400 31
1 860661358 20
-2 242406517 17
-4 433367763 13
4 710602258 16
-5 724464196 24
-1 557230451 6
-3 790763311 15
-2 324101178 12
-2 129774300 10
-4 141709971 23
-3 304778609 40
2 901451671 28
-5 147935045 33
3 934456014 28
0 191237149 17
-3 891450242 24
-1 182810251 27
-3 622478922 24
-1 735433762 6
0 957338816 34
-4 591591347 33
2 738404180 15
-3 950350795 32
-2 652203436 39
5 768747138 29
1 911413969 14
4 252226005 5
4 502992185 2
3 458427527 9
1 589535757 25
0 496617073 27
4 724395337 14
5 415586126 35
-5 780433306 37
-3 107545247 28
2 805798452 36
3 756316259 25
3 381773758 38
-1 548122532 24
2 90008429 6
-4 120083887 40
-2 942354076 30
3 217941041 18
0 217433257 12
-5 775161095 8
-3 562622582 24
-1 187027344 18
0 356880070 22
5 924765360 17
2 735874878 10
4 355991871 10
-2 598164219 37
0 839255266 12
2 146002312 40
-5 277717064 13
-5 35787198 34
5 448513975 26
-4 513080946 7
2 503004626 12
-5 337693931 3
5 73667534 31
-5 924016158 4
-5 584238746 13
0 330804498 29
-4 958252488 4
3 666789394 18
2 49380979 22
5 711343470 26
4 666633861 14
-3 322951592 22
-3 558153309 36
-5 359642421 8
-1 932974947 34
5 729707533 37
-2 86454646 11
-1 225503635 22
-5 585953212 16
-3 727909902 11
0 739416017 5
2 284017748 31
4 260527363 34
-4 965679099 28
4 335448638 1
0 340593723 33
-5 99862825 4
5 646611504 10
-1 755470903 31
1 192404039 32
-3 910831089 24
-5 790424466 23
0 254408003 11
4 83100679 12
-4 513579930 21
1 523516011 11
-1 641181699 23
0 120353306 25
-4 714721269 6
-5 80826317 38
-2 960921971 8
-4 17111547 21
-4 774433633 11
-2 952567486 24
-4 355316579 8
1 336831750 4
3 227540970 10
0 690566795 6
-5 29678154 8
5 924647199 30
5 964958357 5
-4 784307212 38
1 476582793 4
1 467303620 3
2 786824793 6
2 626527457 10
4 482072717 31
4 46738592 25
0 74493964 10
5 256009710 15
4 183259522 14
-3 615346854 38
-2 221352424 2
-2 195543112 27
2 709279427 24
3 49079966 16
3 550781403 7
0 711803406 24
3 48909879 10
4 661302005 34
3 144215964 22
-5 874777741 35
1 468466385 10
-4 984999861 36
1 158616430 32
-1 929771493 22
-4 717053172 31
4 455184384 9
-4 679258902 22
-1 307821040 24
1 895831820 38
4 720868794 11
-1 364361885 30
0 89903113 17
-2 940632848 18
-2 218733284 26
1 242762184 1
3 662839582 37
-1 607631135 29
4 461197087 12
-2 574338261 39
3 699554319 26
2 889970482 7
-4 345963042 39
-4 447275216 37
5 223355104 36
-3 985058472 14
1 612101072 7
4 58480669 7
-4 313503245 2
0 622536244 33
-4 624972530 23
-4 972943805 30
2 103123733 19
-4 28234979 21
2 690219182 19
-2 95347608 7
