200
273775455 -25316814 129
273658007 -12372635 157
273609329 -2651243 88
273731521 -12642517 83
273633844 -4590061 84
273771963 -6939338 36
273614271 -4068072 116
273689148 -12863846 117
273591163 -1148336 96
273757509 -14621195 82
273666048 -13982278 161
273716436 -8920220 65
273660844 -5225121 64
273616068 -4018452 109
273604702 -2830637 111
273748079 -9119496 54
273657865 -157302 2
273776793 -14029021 71
273715996 -26811737 196
273640607 -5894913 96
273647582 -8205749 120
273754769 -7022750 40
273633739 -9816936 180
273632373 -2871340 54
273731959 -2444035 16
273718462 -23535197 169
273760097 -2170698 12
273594326 -151331 10
273618208 -5772962 148
273689255 -3411694 31
273748842 -15946169 94
273724568 -15990305 110
273635116 -8610893 154
273663953 -16950403 200
273728016 -18304278 123
273646394 -8667984 129
273594938 -2313291 147
273633608 -2448279 45
273759800 -1083600 6
273727532 -27737980 187
273739779 -20553915 128
273723090 -5611768 39
273688265 -19958614 183
273605320 -2873090 110
273717526 -24621859 178
273680791 -2133343 21
273669535 -14001748 155
273597608 -1491010 81
273732782 -10289994 67
273666019 -15887641 183
273659515 -8352732 104
273779192 -24998911 125
273667978 -3196049 36
273742874 -31752598 194
273741264 -21716394 134
273708129 -6962180 54
273680090 -2118606 21
273686431 -16513430 154
273743379 -820923 5
273738947 -29712768 186
273665125 -945122 11
273639868 -11830158 195
273703126 -11401060 92
273769165 -6268877 33
273739050 -6074242 38
273778183 -21490076 108
273624818 -4151050 91
273622216 -430054 10
273623090 -3774545 86
273633031 -10550712 196
273656753 -7367435 95
273663927 -14064586 166
273668879 -13810512 154
273628726 -8666960 175
273631810 -8575184 163
273719520 -22310671 159
273722702 -8466503 59
273600386 -275340 13
273727235 -11398624 77
273702905 -17936998 145
273593936 -397916 27
273750679 -8745338 51
273630351 -5063775 99
273655291 -10120003 133
273675520 -6068031 63
273724523 -10899069 75
273763122 -7540851 41
273613355 -888010 26
273626094 -4923767 105
273764231 -6105892 33
273670425 -14139748 155
273693774 -2176880 19
273582605 -194099 57
273584778 -736193 132
273740812 -14706571 91
273695658 -10015256 86
273676169 -1357467 14
273725188 -28467371 195
273662786 -10615395 127
273677068 -16637305 170
273744960 -25195415 152
273667502 -16512355 187
273597862 -261194 14
273756123 -15215281 86
273617296 -4380870 115
273717683 -12324909 89
273609672 -4723069 155
273620086 -1144706 28
273752184 -4843526 28
273736474 -21074656 134
273709154 -25080968 193
273658521 -5869780 74
273665389 -16892769 196
273693500 -19887934 174
273600196 -440963 21
273741587 -6820187 42
273677703 -18321379 186
273751868 -34188011 198
273646966 -2168411 32
273720951 -12474081 88
273598433 -750094 39
273733393 -13414682 87
273776609 -9673042 49
273675173 -18330660 191
273664377 -6217947 73
273741441 -162198 1
273631194 -3639506 70
273671271 -17125005 186
273776710 -20343510 103
273732342 -26493477 173
273756535 -31210788 176
273640321 -10512572 172
273772203 -5211063 27
273741413 -3730829 23
273596129 -3385556 200
273738685 -21849251 137
273629317 -3658383 73
273662581 -11089516 133
273646877 -6700008 99
273674470 -3048598 32
273711807 -3182511 24
273698099 -13316617 112
273692146 -3501372 31
273580132 -16741 18
273753793 -11697703 67
273712482 -5464598 41
273723069 -18127391 126
273694526 -12455076 108
273711064 -17405868 132
273678675 -7460619 75
273583903 -705225 150
273765598 -35415486 190
273754327 -700511 4
273667511 -1324576 15
273641444 -10581317 170
273604371 -5008790 199
273723273 -14119146 98
273592323 -1312124 100
273723123 -25905926 180
273624116 -4177137 93
273763668 -20844737 113
273585512 -258724 41
273661095 -6469560 79
273672531 -17265985 185
273731684 -609935 4
273721839 -10269873 72
273634949 -278829 5
273663367 -4376707 52
273586355 -615166 86
273737753 -16330860 103
273594485 -886466 58
273757725 -6962449 39
273753086 -10433058 60
273663567 -14173580 168
273749038 -13247373 78
273660029 -9780100 121
273646250 -5028674 75
273630178 -9736552 191
273741638 -2436553 15
273704967 -3018396 24
273687710 -5425403 50
273594706 -852860 55
273720207 -9447474 67
273729309 -22516265 150
273617738 -1965308 51
273640023 -1338159 22
273690168 -7434798 67
273752825 -520810 3
273644141 -3376949 52
273656711 -14106732 182
273768437 -37279562 197
273614575 -2122462 60
273746371 -14209390 85
273722437 -5442910 38
273605341 -2169678 83
273643530 -450264 7
273688947 -4280007 39
273595440 -2582029 159
273758758 -28010833 156
273686173 -427902 4
