200
-80168973 -32832444 189
-80188268 -25942913 168
-80326728 -2458146 154
-80257704 -4164270 49
-80205370 -10573555 77
-80278505 -3594323 56
-80163059 -27663099 154
-80164201 -32485028 182
-80198971 -26156764 182
-80262452 -2808327 35
-80179544 -18272444 112
-80208517 -8452964 63
-80173966 -16534892 98
-80260308 -1730017 21
-80318894 -2831638 119
-80274876 -10918086 161
-80334004 -1155264 133
-80293882 -341662 7
-80290012 -1106173 21
-80215191 -20527263 161
-80193849 -1041866 7
-80233857 -19045826 175
-80276177 -9311880 140
-80247715 -5318636 56
-80205476 -10565385 77
-80299227 -4563607 105
-80241819 -2118356 21
-80202589 -9807016 70
-80310817 -5577814 175
-80151269 -18759235 98
-80182583 -16811185 105
-80190099 -12817685 84
-80222439 -15993335 133
-80189655 -8569910 56
-80150408 -10767797 56
-80154307 -23736215 126
-80288486 -9865129 182
-80297236 -4454517 98
-80197789 -13185925 91
-80188202 -17302649 112
-80219153 -17295146 140
-80224495 -19029465 161
-80190781 -4253462 28
-80235721 -2246299 21
-80155541 -23580818 126
-80329014 -191523 14
-80201594 -18765682 133
-80329410 -1022530 77
-80322588 -3799266 189
-80156934 -35107967 189
-80277623 -10931270 168
-80319741 -4016010 175
-80266388 -7477503 98
-80144014 -30596055 154
-80175873 -28025160 168
-80292768 -8736325 175
-80262914 -12843958 161
-80235037 -5274927 49
-80284493 -6518134 112
-80309828 -5060729 154
-80208001 -7542555 56
-80263614 -5535374 70
-80256381 -9062530 105
-80301211 -580664 14
-80237464 -3682959 35
-80203059 -10751549 77
-80226811 -9733793 84
-80158059 -23263446 126
-80313350 -3080747 105
-80276320 -4181382 63
-80326493 -1813985 112
-80215588 -2669095 21
-80221452 -848587 7
-80301798 -286279 7
-80217166 -5272042 42
-80194347 -25959926 175
-80307734 -6362057 182
-80333155 -1067848 112
-80319401 -4564722 196
-80261741 -12466156 154
-80231353 -6234811 56
-80222594 -17654157 147
-80183811 -2224250 14
-80306149 -1278973 35
-80211276 -5519371 42
-80319959 -1750318 77
-80233133 -766894 7
-80283761 -412513 7
-80322152 -3737842 182
-80201061 -24785070 175
-80254113 -8680449 98
-80247311 -8679397 91
-80196625 -6134762 42
-80254937 -12285363 140
-80227836 -2411968 21
-80214732 -9852762 77
-80181538 -23689413 147
-80215894 -23964346 189
-80305364 -4180508 112
-80178871 -11467389 70
-80257981 -7115604 84
-80251128 -7050232 77
-80280826 -5196494 84
-80264848 -3814298 49
-80231983 -20148678 182
-80200875 -992702 7
-80260247 -2308460 28
-80284093 -9023951 154
-80144974 -16608127 84
-80265438 -12437529 161
-80207803 -13218876 98
-80192177 -23178973 154
-80330556 -2378331 196
-80189285 -10738315 70
-80334435 -1502406 182
-80148628 -23093384 119
-80319831 -479974 21
-80254813 -9227095 105
-80222885 -10902188 91
-80204667 -16424832 119
-80276685 -12936902 196
-80199509 -18040881 126
-80199295 -22082910 154
-80191382 -19064737 126
-80243526 -17353646 175
-80283352 -2907509 49
-80146946 -1370269 7
-80279092 -7568252 119
-80214730 -15227215 119
-80289804 -7033829 133
-80145190 -30415099 154
-80336503 -649595 105
-80266270 -3744535 49
-80185507 -25306500 161
-80272516 -1473580 21
-80290298 -4767646 91
-80249128 -17028221 182
-80250959 -3210521 35
-80326443 -2502008 154
-80263048 -11149817 140
-80271001 -7527299 105
-80174734 -8229930 49
-80180253 -18192926 112
-80242069 -9860837 98
-80293826 -7867143 161
-80253329 -12510505 140
-80233011 -16890637 154
-80176643 -22084316 133
-80245594 -8156072 84
-80147011 -6848770 35
-80280739 -2601846 42
-80198832 -25175233 175
-80143861 -22268878 112
-80151114 -14751439 77
-80197271 -6107504 42
-80331125 -1619184 140
-80290955 -2172867 42
-80269259 -6168228 84
-80142742 -9797467 49
-80336742 -832705 140
-80277195 -11003258 168
-80278600 -7626624 119
-80235307 -2254971 21
-80282755 -9649518 161
-80315827 -3196637 119
-80266513 -13330888 175
-80275894 -8883786 133
-80236054 -8957324 84
-80174004 -25977630 154
-80318491 -846981 35
-80272799 -6849372 98
-80282155 -9746038 161
-80293197 -1039350 21
-80201842 -17746863 126
-80272006 -989484 14
-80222612 -2521697 21
-80303624 -6016247 154
-80202858 -10767094 77
-80261656 -7941406 98
-80263908 -6066296 77
-80160709 -19108053 105
-80176450 -9309376 56
-80299174 -609191 14
-80219722 -19797805 161
-80266952 -4241358 56
-80327810 -312548 21
-80271937 -13372242 189
-80199823 -24001693 168
-80227486 -2419336 21
-80229787 -12645206 112
-80188642 -19410093 126
-80269136 -13901695 189
-80215427 -16926015 133
-80178461 -31039257 189
-80248748 -9206294 98
-80155225 -35430885 189
-80179083 -6871506 42
-80143143 -2793570 14
-80230738 -21158998 189
-80267466 -2632887 35
