4000
737376923 -281586 17
737536846 -3529608 20
737547314 -186980 1
737550107 -3225681 17
737459473 -891917 9
737506140 -2623973 18
737527255 -1502071 9
737516748 -2189300 14
737431986 -1289136 18
737424136 -701471 11
737526419 -332094 2
737538092 -2488288 14
737559240 -397717 2
737416679 -1013773 18
737361630 -12685 10
737379839 -311661 16
737409579 -639877 13
737455234 -1802479 19
737494231 -2409578 18
737442513 -1478610 18
737425694 -718669 11
737538658 -1783028 10
737531649 -685217 4
737441024 -161249 2
737555402 -2925619 15
737433251 -583054 8
737393837 -133895 4
737489131 -1674044 13
737508814 -890702 6
737505519 -1451623 10
737515538 -2327651 15
737366917 -19648 3
737360379 -283 19
737383693 -69899 3
737553263 -3472158 18
737379534 -325867 17
-119682132 127799941 7
737544871 -2583088 14
737392868 -455160 14
737483390 -123068 1
737496892 -273139 2
737522017 -3233002 20
737497340 -1780775 13
737559859 -3591013 18
737516690 -937918 6
737363886 -59892 17
737518510 -316377 2
737376549 -194201 12
737531129 -170718 1
737469391 -1635440 15
737486155 -251523 2
737460893 -1407518 14
737511783 -1211278 8
737487844 -1657216 13
737509907 -149554 1
737373425 -117554 9
737486281 -1259239 10
737461909 -812446 8
737412745 -471527 9
737461881 -710609 7
737515056 -1392165 9
737476604 -465016 4
737475391 -1495416 13
737388011 -248853 9
737418030 -1037995 18
737480736 -962975 8
737519327 -476806 3
737413113 -633061 12
737508003 -442829 3
737521086 -1928732 12
737480266 -959257 8
737486662 -1768200 14
737506247 -729385 5
737494928 -2018470 15
737471975 -1450871 13
737482148 -1217867 10
737409841 -148470 3
737458426 -784425 8
737424424 -1088982 17
737482887 -857621 7
737527606 -2341436 14
737381315 -188480 9
737483300 -1106490 9
737396203 -358408 10
737478586 -1891474 16
737444510 -1009745 12
737531932 -2230416 13
737409534 -688302 14
737438434 -1327301 17
737403481 -819331 19
737509542 -2536033 17
737376185 -47479 3
737536700 -2997715 17
737511947 -1061117 7
737385880 -255242 10
737536946 -2825241 16
737378694 -91593 5
737410691 -201308 4
737466323 -635826 6
737379372 -209079 11
737393389 -198115 6
737408606 -289453 6
737387336 -27052 1
737482456 -2441873 20
737525162 -2801586 17
737452898 -740378 8
737556490 -2157459 11
737458368 -979956 10
737363851 -14043 4
737487253 -2283961 18
737378519 -108863 6
737421196 -729909 12
737458499 -1962819 20
737407356 -704901 15
737387221 -53772 2
737506269 -1459001 10
737505939 -1601320 11
737442043 -81749 1
737551848 -1914867 10
737444858 -84573 1
737503750 -2580956 18
737492197 -1054661 8
737418426 -348332 6
737366746 -19210 3
737385979 -358601 14
988602260 -628630153 12
737409977 -347370 7
737401656 -743358 18
737415384 -550190 10
737459544 -694179 7
737510679 -751675 5
737383151 -364545 16
737504895 -1156213 8
737421519 -917241 15
737492792 -397359 3
737457438 -679573 7
737374350 -195795 14
737447459 -435579 5
737552988 -1733633 9
737478665 -828154 7
737475328 -1724442 15
737502127 -2268219 16
737445554 -170390 2
737388491 -449970 16
737503371 -715021 5
737433898 -441147 6
737552157 -1342579 7
737429786 -138869 2
737441898 -489270 6
737416740 -281932 5
737379051 -168119 9
737541325 -2171531 12
737409705 -493354 10
737382530 -22199 1
737442389 -738174 9
737368478 -16237 2
737502087 -1275556 9
737430144 -69754 1
737498392 -690147 5
737523766 -163470 1
737460015 -597981 6
737452502 -276333 3
737391029 -245405 8
737450105 -1705075 19
737521680 -2742456 17
737552608 -1922382 10
737392244 -637684 20
737470330 -1319610 12
737382487 -442390 20
737468907 -2062324 19
737389742 -293706 10
737519228 -1906355 12
737534466 -522397 3
737383450 -346350 15
737526060 -1159909 7
737423930 -508463 8
737376960 -49695 3
737541399 -2353545 13
737550840 -3428661 18
737462756 -511930 5
737457147 -677402 7
737431697 -1283936 18
737394383 -306089 9
737537742 -709608 4
737555292 -194894 1
737521249 -1287012 8
737391688 -344605 11
737556684 -2944878 15
737463349 -1956648 19
737366438 -79071 13
737365737 -32324 6
737500214 -2097702 15
737411147 -253960 5
737540783 -902119 5
737431786 -1142856 16
737419021 -527973 9
737556358 -2547893 13
737520524 -800732 5
737520918 -2087179 13
737477519 -1874431 16
737483125 -1350425 11
737409308 -342690 7
737390165 -59537 2
737474795 -1487616 13
737480905 -482154 4
737499247 -833310 6
195477285 559507365 5
737443086 -1240925 15
737509639 -1194195 8
737550983 -2478038 13
737534302 -1391612 8
737468998 -1629611 15
737444626 -1263956 15
737380752 -326288 16
737462534 -1430461 14
737467164 -213591 2
737535308 -2274382 13
737367124 -101452 15
737361964 -20751 13
737396864 -656967 18
737447832 -1661930 19
737517719 -314801 2
737507539 -1324625 9
737472320 -671783 6
737463633 -516336 5
737540247 -3417773 19
737466126 -1269214 12
737362062 -3498 2
737441900 -407651 5
-773881181 -411845536 18
737372977 -50357 4
737509092 -2230848 15
737374382 -56031 4
799721445 -630342092 13
737554956 -1167534 6
737432632 -650447 9
737508717 -1038577 7
737436265 -758967 10
737532241 -2062534 12
737520438 -960362 6
737542387 -363980 2
737424480 -1025907 16
737525019 -1481847 9
737384989 -492615 20
737373964 -108814 8
737479961 -1076369 9
737374804 -274293 19
737416087 -167206 3
737431726 -642351 9
737497757 -274817 2
737477620 -1993351 17
737485403 -750272 6
737530662 -851553 5
737417828 -1034337 18
737522607 -1135758 7
737547676 -2809634 15
737371710 -68054 6
737557763 -3158346 16
737440138 -1196659 15
737422247 -371249 6
737472548 -1346224 12
737523010 -975866 6
737537078 -1236913 7
737444156 -1340612 16
737545198 -3142281 17
737410508 -1002888 20
737496018 -2577440 19
737526016 -1325208 8
737441792 -162840 2
737472353 -1343873 12
737368068 -146482 19
737464318 -207853 2
737446017 -685200 8
737398109 -604028 16
737501504 -1552556 11
737421739 -1166143 19
737497000 -2459396 18
737524355 -3115770 19
737549158 -188746 1
737476603 -1859743 16
737400036 -793541 20
737533543 -3463621 20
737530845 -2386762 14
737539307 -3221044 18
737466746 -212840 2
737403090 -171002 4
737521563 -1934345 12
737485826 -1254688 10
-727881177 -381603703 14
737454707 -1792635 19
737445334 -764770 9
737404272 -395235 9
737373262 -77367 6
737487272 -888309 7
737451836 -914770 10
737486715 -1642633 13
737442722 -411879 5
737560269 -799552 4
737520176 -479494 3
737469667 -1967507 18
737382446 -66169 3
737363868 -48992 14
737510446 -600332 4
737364663 -38703 9
737455121 -852803 9
737515154 -2012190 13
737431815 -1286074 18
737444149 -586545 7
737480799 -1686184 14
737549121 -1887515 10
737439055 -865561 11
737503948 -1866548 13
737455768 -1717224 18
737432428 -216244 3
737503800 -2008051 14
737462794 -614514 6
737513479 -306176 2
737439925 -477464 6
737419575 -1065908 18
737477648 -2228483 19
737437276 -769036 10
298861532 -159917206 5
737425669 -457152 7
737448588 -176363 2
737467324 -855753 8
737547809 -2061847 11
737460091 -299195 3
737507676 -1767816 12
737371966 -34856 3
737429057 -343467 5
737389030 -114571 4
737502931 -712740 5
737528891 -336976 2
737555239 -2923099 15
737430687 -914286 13
737381763 -171227 8
737560011 -2595516 13
737544492 -2025331 11
737389476 -203733 7
737362464 -29451 14
737368908 -51219 6
737505839 -1163758 8
737399212 -349643 9
737498643 -2212493 16
737506820 -2929117 20
737391390 -527527 17
737442743 -823808 10
737498086 -137744 1
737484116 -1856298 15
737387811 -548919 20
737509860 -1494978 10
737552290 -1343435 7
737494132 -401321 3
737494759 -1209658 9
737383899 -470734 20
737463224 -720059 7
737489887 -1295326 10
737487686 -1400459 11
737394883 -517744 15
737475360 -919925 8
737548486 -752421 4
737450791 -1175489 13
737473991 -681765 6
737486768 -1769666 14
737451168 -635643 7
737539520 -1970815 11
737517575 -157299 1
737433662 -1392703 19
737414629 -976693 18
737407750 -853007 18
737470495 -1762066 16
737447818 -262368 3
737473587 -679328 6
737511658 -302644 2
737496191 -1358187 10
737437789 -232342 3
737469265 -1851294 17
737437494 -925488 12
737490792 -2086888 16
737526713 -998123 6
737550296 -1709478 9
737428606 -887256 13
737486287 -1259314 10
737512040 -1061756 7
737550723 -1332607 7
737370049 -9610 1
737459978 -1195410 12
737367984 -68491 9
737520592 -160251 1
737479225 -1307447 11
737524901 -1645329 10
737488136 -2172216 17
737540036 -3234018 18
737520969 -1124337 7
737443065 -330843 4
737427039 -133275 2
737418875 -116997 2
737385043 -394847 16
737497709 -137314 1
737397424 -36966 1
737459496 -1784334 18
737374766 -115155 8
737547756 -937017 5
737496130 -1221950 9
737460834 -1205575 12
737436552 -304809 4
737482527 -1466009 12
737475475 -805854 7
737550088 -569199 3
737470870 -1989148 18
737400140 -318164 8
737471943 -892687 8
737494249 -937137 7
737504676 -144281 1
737364503 -28945 7
737447524 -1133009 13
737470154 -109810 1
737423700 -633339 10
737516764 -1564087 10
737421614 -122430 2
737544350 -2575881 14
737554501 -3300374 17
-554461295 329401280 14
737387916 -82750 3
-112401028 657430370 3
737516047 -778434 5
737391980 -347701 11
737485561 -1126809 9
737467243 -1068733 10
737420379 -960314 16
737458175 -684596 7
737416992 -792826 14
737467154 -427152 4
737540615 -180333 1
737538245 -3557674 20
737440104 -478413 6
737530602 -1361877 8
737460642 -200640 2
737406600 -185040 4
737384221 -47780 2
737490278 -2468406 19
737538347 -2847706 16
737394794 -378696 11
737435341 -1349532 18
737414218 -376932 7
737468622 -757799 7
737486819 -1770308 14
737513132 -152718 1
737478012 -353018 3
737395072 -104084 3
737398924 -655547 17
737373527 -105360 8
737367597 -65009 9
737456804 -1253640 13
737478099 -824122 7
737558360 -3167919 16
737432149 -1363994 19
737461667 -1823496 18
737503849 -2869695 20
737403825 -564938 13
737395693 -35262 1
737372086 -93829 8
737398995 -231693 6
737432201 -862109 12
737374019 -13689 1
737424208 -893871 14
737431230 -1133961 16
737443004 -1239656 15
737527824 -837229 5
737530643 -3065118 18
737445966 -171144 2
737508349 -1331842 9
737452196 -551008 6
737387389 -351327 13
737522472 -2431557 15
737527763 -1841351 11
737516116 -2492023 16
737464555 -1667039 16
737519675 -955870 6
737403955 -610304 14
737447955 -525453 6
737410963 -253073 5
737373055 -228360 18
737488770 -1283984 10
737487182 -887680 7
737474271 -1139162 10
737554469 -1552757 8
737377112 -117293 7
737424672 -385900 6
737457206 -1936952 20
737404848 -489407 11
737417208 -909553 16
737449233 -266641 3
737391638 -62620 2
737433022 -1089859 15
737403952 -392248 9
737427956 -743526 11
737482495 -732883 6
737540254 -1439055 8
737473293 -1242133 11
737412071 -51796 1
737401543 -247068 6
737485402 -1000283 8
737506410 -584149 4
737435971 -302352 4
737395137 -243325 7
737403144 -513361 12
737381396 -231323 11
737411478 -766658 15
737526125 -2320619 14
737474477 -570526 5
737559253 -397742 2
737494099 -1872215 14
737477657 -1524877 13
737472908 -1913340 17
737465742 -1475296 14
737412170 -1036076 20
737526776 -1497668 9
737544104 -2388619 13
737479130 -2019047 17
737518374 -2370237 15
737425401 -845440 13
737501987 -1557932 11
737530041 -1017972 6
737466664 -850372 8
737542868 -2920156 16
737372221 -71122 6
737519686 -796650 5
737451135 -1543025 17
737448363 -352094 4
737554971 -1556781 8
737406992 -699411 15
737473936 -2271398 20
737368509 -89670 11
737467560 -1393626 13
737506887 -1318732 9
737441186 -969797 12
737498555 -138279 1
737457531 -1263206 13
737480753 -1083444 9
737437712 -386790 5
737465725 -842814 8
737504586 -144136 1
737519209 -635323 4
737496693 -1772316 13
737464911 -1463669 14
737373605 -185292 14
737460115 -1496252 15
737496295 -543659 4
737387590 -27160 1
737378156 -142339 8
737491666 -1444392 11
737457056 -580138 6
737511823 -151393 1
737453182 -1763462 19
737488093 -127667 1
737403242 -257369 6
737508404 -1628409 11
737378169 -284814 16
737361648 -6411 5
737540564 -360410 2
737386547 -209554 8
737382673 -245314 11
737435716 -1431803 19
737401447 -328700 8
737488672 -2566108 20
737532811 -2931587 17
737407274 -281550 6
737405976 -136915 3
737468383 -2052331 19
737429911 -556339 8
737441425 -972741 12
737535210 -699453 4
737429738 -624409 9
737500702 -2666533 19
737552362 -3647890 19
737421532 -367079 6
737481141 -1449273 12
737521072 -803611 5
737504235 -1007110 7
737371860 -160882 14
737473910 -1816812 16
737405481 -496220 11
737472280 -2126362 19
737367913 -128432 17
737468579 -108147 1
737419633 -948317 16
737389333 -550528 19
737467339 -962826 9
737521429 -3060247 19
737535193 -699340 4
737523277 -162909 1
737450503 -540810 6
737378516 -163293 9
737368189 -46874 6
737402733 -805028 19
737451900 -1739148 19
737362747 -11939 5
737524459 -984663 6
737437436 -1541384 20
737519915 -2871843 18
737441891 -1059904 13
737524263 -1966725 12
737474352 -227953 2
737477412 -1755650 15
737386089 -77103 3
737478200 -1178369 10
737374993 -277923 19
737543319 -3659105 20
737494406 -2144681 16
737455930 -1815808 19
737412650 -888820 17
737435344 -224855 3
737470849 -552410 5
737406511 -323049 7
737517445 -1884908 12
737476800 -1397285 12
737384214 -190746 8
737383249 -228855 10
737532560 -2582924 15
737413019 -157975 3
737517649 -1572956 10
737391593 -530812 17
737454887 -94616 1
737377139 -268447 16
737500873 -983574 7
737462149 -1628614 16
737463361 -1030008 10
737402400 -588585 14
737549259 -2266850 12
737454489 -470635 5
737439864 -715544 9
737433505 -292632 4
737407318 -516480 11
737397319 -110915 3
737478759 -592040 5
737528597 -1177555 7
737434677 -223035 3
737361896 -9200 6
737527601 -3010279 18
737387605 -217999 8
737512501 -760711 5
737530936 -511721 3
737477794 -704488 6
737526850 -2330917 14
737558301 -1187543 6
737420240 -478926 8
737540236 -719591 4
737484078 -1113455 9
737418376 -174082 3
737408213 -861395 18
737475019 -2178386 19
737439903 -1431793 18
737544398 -552021 3
737408253 -718268 15
737429984 -278549 4
737452491 -276341 3
737441290 -971206 12
737505342 -869870 6
737463994 -1036240 10
737393842 -502258 15
737383508 -208254 9
737444859 -422511 5
737469561 -1201138 11
737510106 -2695387 18
737453297 -557523 6
737469018 -1738551 16
737522278 -2428744 15
737432851 -724801 10
737403779 -303859 7
737540928 -1805685 10
737393210 -98553 3
737395711 -141441 4
737543133 -2558776 14
737521761 -2743766 17
737479108 -712484 6
737360734 -1560 4
737392933 -325659 10
737418641 -291414 5
737539770 -358741 2
737383419 -69209 3
737399525 -274160 7
737377286 -338474 20
737481898 -1458364 12
737465514 -1156676 11
737459449 -594489 6
737516784 -3128408 20
737486701 -379006 3
737560216 -999362 5
737381541 -402316 19
737467063 -1707230 16
737382349 -22058 1
737486649 -378905 3
737381904 -21500 1
737492038 -2370218 18
737462797 -102409 1
737457311 -97047 1
737533135 -518241 3
737403937 -479381 11
737414641 -217131 4
737442614 -1398330 17
737438288 -1558430 20
737371370 -33109 3
737480460 -720538 6
737404670 -753316 17
737540325 -1619737 9
737418813 -350678 6
737492545 -2643589 20
737519050 -2697642 17
737365957 -22312 4
737435071 -1494205 20
737423600 -695513 11
737459422 -495343 5
737468664 -108302 1
737435263 -1198366 16
737367651 -94652 13
737462867 -205068 2
737494863 -1479412 11
737441807 -1547488 19
737379591 -346035 18
737510925 -1656148 11
737529513 -3383088 20
737482792 -1958777 16
737375680 -91830 6
737548887 -754057 4
737408680 -434758 9
737388893 -285226 10
737398746 -690814 18
737476227 -2085637 18
737436515 -76149 1
737514056 -614744 4
737437057 -1457159 19
737535712 -1402739 8
737373194 -218067 17
737517430 -1256467 8
737518268 -1578989 10
737414225 -538541 10
737433261 -291634 4
737414831 -1034841 19
737377336 -339365 20
737549719 -1325400 7
737531904 -2573163 15
737552804 -962124 5
737553661 -2899555 15
737430264 -629135 9
737542856 -1642479 9
737501363 -704931 5
737443532 -498988 6
737559862 -798081 4
737537724 -1951051 11
826994467 824049797 10
737449888 -1342803 15
737488214 -2557056 20
737404396 -660567 15
737550842 -1714229 9
737369005 -51849 6
737521130 -321563 2
737486819 -758679 6
737430277 -1048804 15
737391392 -341288 11
737469894 -1861929 17
737480270 -719351 6
737529958 -1865560 11
737368218 -70762 9
737557918 -2963272 15
737481779 -1214183 10
737449309 -1334151 15
737482206 -1827587 15
737464471 -936979 9
737466753 -1383097 13
737503574 -1002425 7
737545792 -2595928 14
737393973 -235237 7
737390115 -148712 5
737461088 -2014460 20
737484510 -620658 5
737519028 -952034 6
737419308 -353747 6
737366580 -56018 9
737513839 -2148581 14
737513742 -1533792 10
737488209 -127832 1
737505749 -436109 3
737474715 -914811 8
737534725 -523137 3
737362888 -25180 10
737520287 -1759178 11
737371816 -206098 18
737435405 -1200749 16
737408293 -862829 18
737455600 -1238151 13
737470229 -549341 5
737553462 -1158692 6
737524669 -164382 1
737373633 -199085 15
737380881 -307706 15
737394558 -171001 5
737494993 -942323 7
737478522 -472604 4
737499017 -2634409 19
737530258 -3058063 18
737364379 -64209 16
737426080 -1248548 19
737480300 -1559190 13
737379926 -352195 18
737469795 -2188723 20
737431466 -213237 3
737533470 -173040 1
737551600 -1912304 10
737510950 -1806966 12
737402767 -423975 10
737539819 -717785 4
737544049 -1102098 6
737487185 -1775523 14
737553692 -2706674 14
737524648 -2135672 13
737464552 -416691 4
737520470 -960650 6
737449066 -88716 1
737524455 -1148686 7
737533011 -2244430 13
737492895 -795175 6
737481871 -850510 7
737480153 -1197956 10
737391927 -220892 7
737519199 -2223655 14
737483828 -987814 8
737441753 -81404 1
737382020 -346572 16
737475317 -114865 1
737420188 -658096 11
737518877 -2694750 17
737389479 -87294 3
737414547 -758564 14
737398050 -301543 8
737453404 -1302628 14
737361115 -9701 13
737529980 -3392265 20
737488274 -1023197 8
737500531 -420475 3
737412553 -313089 6
737507114 -880588 6
737466945 -1278965 12
737422419 -682594 11
737363869 -45632 13
737475367 -689938 6
737542065 -1272012 7
737543127 -1279306 7
737413220 -581463 11
737441281 -728256 9
737480478 -2402330 20
737443121 -993166 12
737490877 -1566238 12
737505923 -873274 6
737406682 -92618 2
737414632 -1085387 20
737394626 -102789 3
737496058 -1492637 11
737506740 -731866 5
737378176 -89154 5
737462871 -1024992 10
737385273 -49817 2
737473603 -1472212 13
737411060 -506875 10
737495808 -2573364 19
737478469 -354257 3
737479203 -2376879 20
737505537 -1451748 10
737396313 -503211 14
737392959 -325963 10
737436556 -609574 8
737490136 -129849 1
737531005 -2218290 13
737459858 -397969 4
737409340 -195945 4
737377953 -35111 2
737546681 -559034 3
737513796 -153394 1
737377187 -286051 17
737471206 -443409 4
737531383 -1368176 8
737524659 -985689 6
737367065 -6800 1
737461875 -1522596 15
737449105 -621199 7
737502269 -1277223 9
737393064 -654110 20
737479571 -1192013 10
737519702 -2868070 18
737384258 -286651 12
737397757 -747923 20
737382743 -134329 6
737362384 -12054 6
737412345 -104041 2
737494898 -941787 7
737431387 -568248 8
737512116 -2883327 19
737518106 -630948 4
737464453 -1040990 10
737369366 -144021 16
737413571 -53278 1
737554454 -1164482 6
737443602 -1248520 15
737533529 -3463413 20
737382114 -391511 18
737387006 -26731 1
737440493 -320421 4
737558511 -594413 3
737370256 -187988 19
737477185 -1284971 11
737494998 -269353 2
737439197 -709551 9
737373584 -211471 16
737438271 -934912 12
737542996 -182709 1
737481424 -1089497 9
737439455 -79158 1
737526117 -1491702 9
737427907 -67486 1
737504171 -2013398 14
737421657 -919347 15
737421983 -616212 10
737535131 -524375 3
737462426 -1530928 15
737399931 -712255 18
737401048 -773031 19
737393062 -326921 10
-853838379 -378691352 5
737456135 -1149279 12
737417647 -687428 12
737412175 -880814 17
737518967 -1268746 8
737423397 -567216 9
737554367 -3685988 19
737516637 -2187912 14
737484040 -123637 1
737400118 -556590 14
737499887 -2651039 19
737472832 -1462028 13
737513544 -2910524 19
737433114 -1091281 15
737421884 -922804 15
737426518 -727697 11
737372649 -85934 7
737520407 -1920444 12
737475610 -1959160 17
737414032 -536773 10
737546909 -2798217 15
737439838 -158960 2
737480476 -1081030 9
737515345 -775002 5
737364313 -59260 15
737509977 -2393753 16
737397921 -488213 13
737558304 -593833 3
737365931 -89165 16
737457619 -194540 2
737399931 -158360 4
737387644 -409118 15
737540036 -3234015 18
737489568 -2325751 18
737558755 -3372631 17
737488669 -384866 3
737401297 -122900 3
737483534 -1354864 11
737480524 -1441861 12
737464192 -1349876 13
737448886 -1416371 16
737366788 -70637 11
737536907 -3177854 18
737399944 -633338 16
737478766 -1184066 10
737367631 -101686 14
737529097 -2362350 14
737392839 -162361 5
737500033 -698398 5
737510458 -1500965 10
737438702 -783380 10
737457986 -1366768 14
737482540 -1832681 15
737483603 -985882 8
737443290 -331778 4
737501336 -563909 4
737423852 -1142805 18
737518025 -3153262 20
737491143 -392329 3
737545529 -1296090 7
737517803 -2991444 19
737507701 -2946816 20
737405637 -543217 12
737519255 -1588970 10
737526480 -2491841 15
737558179 -1978198 10
737530537 -2382362 14
737458382 -1666287 17
737397938 -638728 17
737439826 -556325 7
737375006 -205001 14
737480332 -120027 1
737551993 -1341439 7
737458727 -98441 1
737448227 -1318005 15
737365081 -28304 6
452564874 -151496363 9
737398776 -614668 16
737497427 -274053 2
737473600 -113243 1
737405660 -407604 9
737419544 -828487 14
737432523 -1082376 15
737424291 -1214561 19
737361264 -2790 3
737472264 -1566658 14
737420384 -600201 10
737491123 -915223 7
737418945 -351397 6
737537621 -3545193 20
737544792 -1659915 9
737549716 -1704113 9
737373658 -226109 17
737364136 -52754 14
737430983 -635608 9
737367508 -78578 11
737493980 -1737072 13
737443101 -330869 4
737398700 -306692 8
737550389 -2850483 15
737534015 -1041886 6
737414702 -54311 1
737425119 -64799 1
737482254 -1462643 12
737420533 -360939 6
737421206 -243387 4
737447193 -347368 4
737443246 -82902 1
737553272 -1157368 6
737492150 -131780 1
737549685 -3029220 16
737559018 -1589333 8
737474035 -454787 4
737436604 -914926 12
737452079 -1100542 12
737445170 -932902 11
737409311 -783157 16
737361076 -5686 8
737559793 -598236 3
737500762 -1123224 8
737530103 -2036818 12
737494671 -805886 6
737403448 -172434 4
737411666 -307911 6
737453237 -1207271 13
737498881 -692578 5
737429398 -207180 3
737398696 -268422 7
737369812 -179511 19
737482753 -1346249 11
737546264 -1301261 7
737446965 -1125886 13
737397670 -410309 11
737375375 -120020 8
737456457 -384457 4
737381943 -258909 12
737439699 -396608 5
737480234 -1078824 9
737548378 -1504051 8
737408442 -961621 20
737514127 -2613993 17
737555983 -391326 2
737536208 -879164 5
737547412 -2992731 16
737491362 -524040 4
737459004 -197360 2
737419382 -1062411 18
737387867 -550004 20
737481522 -1938642 16
737391279 -432749 14
737463398 -1751630 17
737485999 -1884537 15
737500021 -2234618 16
737528575 -2186762 13
737517510 -1571546 10
737410590 -452120 9
737388132 -444378 16
737556806 -3143017 16
737498427 -2347148 17
737512714 -2589920 17
737378874 -18523 1
409614895 930402564 12
737484040 -1607823 13
737375910 -108756 7
737479635 -357768 3
737488771 -513675 4
737425150 -323954 5
737378162 -106761 6
737450583 -1353266 15
737362557 -41600 19
737391146 -277123 9
737437100 -460358 6
737423683 -1266496 20
737452300 -1378955 15
737378245 -357628 20
737475773 -1731186 15
737502165 -2552430 18
737434260 -739017 10
737444396 -924334 11
737548170 -3756197 20
737524717 -1479193 9
737458655 -1474332 15
737543979 -2386945 13
737518648 -633211 4
737362262 -17175 9
737530141 -1867559 11
737374056 -205305 15
737491898 -131494 1
737532551 -2066222 12
737410704 -201286 4
737428323 -883470 13
737380493 -301861 15
737389165 -460754 16
737524184 -2457215 15
737555906 -2542048 13
737505827 -727347 5
737365439 -55765 11
737458187 -782673 8
737442715 -1153025 14
737475427 -2071229 18
737548104 -750884 4
737476834 -815375 7
737471374 -1776103 16
737437440 -1541635 20
737482005 -1337990 11
737491527 -2492019 19
737362984 -18257 7
737558616 -2775472 14
737453993 -93606 1
737467853 -1074864 10
737478560 -1891233 16
737372879 -200354 16
737536948 -1765857 10
737470373 -549972 5
737416799 -733676 13
737474320 -341861 3
737470445 -1871332 17
737391629 -312635 10
737364555 -16796 4
737485557 -1502419 12
737374518 -226401 16
737437298 -1461671 19
737527701 -2008127 12
737403429 -42997 1
737443725 -166740 2
737415956 -278047 5
737381260 -313444 15
737446940 -1731586 20
737441345 -1295788 16
737468294 -323858 3
737401460 -41029 1
737520383 -2880359 18
737480044 -1316508 11
737425759 -261617 4
737482919 -122647 1
737499135 -2636717 19
737389888 -501970 17
737546356 -930009 5
737529647 -338470 2
737495599 -2028586 15
737502883 -2707801 19
737474693 -1829182 16
737546466 -2233309 12
737494602 -536973 4
737517717 -2045575 13
737523610 -652942 4
737377164 -134350 8
629989254 -254915955 13
737496170 -135794 1
737497822 -1237221 9
737536091 -1405816 8
737485649 -2505783 20
737465053 -1046944 10
737446563 -430963 5
737404703 -576489 13
737486804 -1896543 15
737479776 -477585 4
737553179 -2121065 11
737554298 -1551509 8
737378057 -194727 11
737554632 -1942602 10
737525269 -989479 6
737462843 -922259 9
737364560 -71283 17
737416024 -667991 12
737389049 -459012 16
737497026 -546745 4
737458746 -1770901 18
737493845 -2002159 15
737498211 -964985 7
737389932 -443454 15
737363951 -57350 16
737525176 -2142535 13
737420617 -964045 16
737378128 -35450 2
737508951 -2228913 15
737492914 -1855657 14
737455932 -286687 3
737447469 -958225 11
737522655 -2596753 16
737525228 -1648742 10
737489211 -1030695 8
737422365 -868013 14
737466483 -742933 7
737375235 -148682 10
737371081 -139338 13
737396779 -254971 7
737422463 -434610 7
737489653 -1939329 15
737430367 -139974 2
737491723 -394179 3
737500323 -2799243 20
737440394 -160019 2
737498383 -414104 3
737384669 -388955 16
737479804 -2388841 20
737408676 -48406 1
737450418 -1711013 19
737400510 -521925 13
737471883 -1784418 16
737457994 -1171668 12
737429359 -482987 7
737417758 -57308 1
737449708 -1250742 14
737480315 -479814 4
737363510 -25231 8
737480932 -1929181 16
737510083 -449113 3
737488789 -642220 5
737549692 -2082617 11
737399857 -39487 1
737521955 -2423915 15
737411216 -406780 8
737379242 -18945 1
737538815 -2676759 15
737504623 -2596751 18
737514467 -1540953 10
737516708 -1407097 9
737477462 -819642 7
737446348 -773797 9
737385191 -496496 20
737529182 -3038647 18
737416510 -561567 10
737505097 -1157956 8
737412074 -206920 4
737525530 -825746 5
737414255 -377235 7
737471667 -333950 3
737369844 -161127 17
737442489 -574825 7
737467239 -855006 8
737453435 -651519 7
737417177 -511297 9
737540552 -1982062 11
737557737 -197275 1
737366378 -72197 12
737467851 -107429 1
737381793 -107157 5
737403067 -811277 19
737416068 -835669 15
737496840 -1501190 11
737489424 -2193956 17
737502683 -996209 7
737438288 -155798 2
737447935 -175216 2
737366496 -98195 16
737503384 -2288245 16
737468591 -324632 3
737476670 -1163126 10
737419702 -890118 15
737522037 -2586845 16
737529546 -1015041 6
737476376 -1972140 17
737541117 -3072872 17
737437550 -1312235 17
737363698 -26706 8
737391515 -311484 10
737483431 -2092161 17
737414856 -1035331 19
737435058 -149307 2
737450034 -1434679 16
737468321 -323867 3
737515574 -2638577 17
737483790 -2221735 18
737519546 -1273492 8
737548983 -1508976 8
-33226324 762225096 7
737398516 -305312 8
737435548 -1202921 16
737467083 -1280629 12
737521303 -482774 3
737465510 -1156581 11
737427717 -67313 1
737514520 -1541479 10
737438362 -1404051 18
737487668 -1527661 12
737480334 -1079693 9
737465363 -1995061 19
737535533 -1576476 9
737469021 -1303846 12
737388032 -442740 16
737382966 -316403 14
737400656 -241683 6
737506283 -1021451 7
737515730 -155383 1
737408728 -96796 2
737465352 -524917 5
737372422 -36195 3
737512117 -1517546 10
737472645 -2021085 18
737518417 -1738510 11
737492317 -395907 3
737404288 -483153 11
737560039 -2995228 15
737443773 -83347 1
737547162 -2801963 15
737400528 -602565 15
737365574 -15670 3
737540893 -1263679 7
737501562 -423555 3
737511541 -2267588 15
737382972 -293854 13
737493567 -2530864 19
737476412 -696316 6
737430706 -1125587 16
737533998 -2257205 13
737458539 -1668919 17
737444352 -1343768 16
737395777 -495757 14
737515025 -2010608 13
737500918 -2108395 15
737536148 -3339991 19
737395415 -455739 13
737528563 -168218 1
737382499 -354208 16
737555206 -194804 1
737475313 -689712 6
737454084 -937150 10
737520404 -159943 1
737560219 -199769 1
737521498 -2578139 16
737503602 -286540 2
737371895 -80823 7
737485012 -249315 2
737502299 -567752 4
737417254 -568905 10
737500853 -1123865 8
737454433 -1411081 15
737402275 -167555 4
737531989 -2574305 15
737381220 -187614 9
737526655 -1330293 8
737497120 -1641084 12
737457484 -1651121 17
737518491 -474435 3
737507024 -1613369 11
737475508 -805971 7
737446754 -1641440 19
737423499 -1010116 16
737541473 -1811176 10
737471707 -1336190 12
737367411 -21081 3
737446560 -689675 8
737440680 -1204694 15
737382314 -43858 2
737475806 -115495 1
737468457 -1081005 10
737427403 -1072667 16
737481383 -2420371 20
737367776 -14863 2
737473217 -564263 5
737459203 -296543 3
737504846 -722486 5
737549545 -3783546 20
737510586 -300496 2
737557314 -1772562 9
737424499 -384855 6
737481068 -2052011 17
737408943 -874377 18
737499648 -1114354 8
737548792 -1884311 10
737361453 -11890 11
737548601 -3011815 16
737382509 -376550 17
737415822 -776503 14
737391680 -187952 6
737386405 -234294 9
737373926 -230610 17
737442679 -740870 9
737540012 -1796444 10
737501871 -566112 4
737447237 -173784 2
737486547 -2145127 17
737466709 -638000 6
737548932 -2639985 14
737544479 -552363 3
737381447 -210819 10
737525870 -662066 4
737552077 -958601 5
737488535 -2178947 17
737460640 -1002696 10
737360652 -636 2
737474087 -227349 2
737371944 -92567 8
737495262 -1214094 9
737392134 -286038 9
737461551 -1922659 19
737471786 -1671370 15
737506607 -2486098 17
737467749 -644263 6
737368191 -31375 4
737366864 -58596 9
737406336 -735663 16
737476020 -1387970 12
737432371 -1224108 17
737548949 -377099 2
737479368 -595013 5
361186813 -255731487 6
737533458 -1384805 8
737390333 -299796 10
737515444 -1085624 7
737469010 -325992 3
737515605 -155153 1
737482096 -730385 6
737378514 -163438 9
737481234 -1813120 15
737360972 -9084 15
737466757 -1276645 12
737550775 -2856151 15
737370734 -31209 3
737404973 -446047 10
737380223 -337690 17
737484561 -496766 4
737420360 -239941 4
737406659 -323991 7
737377551 -120228 7
737458216 -293631 3
737466409 -1484688 14
737397984 -37648 1
737395493 -562144 16
737503759 -1577456 11
737434508 -370639 5
737485612 -125310 1
737448813 -1768900 20
737442290 -245760 3
737484447 -868501 7
737437134 -537329 7
737377660 -207483 12
737366886 -65131 10
737459619 -694726 7
737529744 -1863240 11
737542944 -2921349 16
737403004 -810127 19
737414484 -433021 8
737390466 -361291 12
737548601 -941199 5
737468676 -2057853 19
737395898 -35594 1
737496445 -2721587 20
737382060 -325402 15
737392667 -96941 3
737380732 -223996 11
737383324 -298593 13
737439202 -551884 7
737556625 -3336398 17
737407652 -283668 6
737471640 -667652 6
737482343 -1097738 9
737362531 -6408 3
737502906 -570260 4
737559531 -2390069 12
737364259 -11627 3
737533236 -1037256 6
737494438 -1206739 9
737421099 -1032467 17
737535055 -3493847 20
737557847 -2567230 13
737557520 -591478 3
737454915 -378231 4
737488302 -895625 7
737405618 -180971 4
737423219 -251373 4
737412198 -362945 7
737550256 -3228258 17
737444793 -844200 10
737529504 -1522317 9
737404236 -307064 7
737391788 -31328 1
737559764 -797623 4
737547678 -1498620 8
737471007 -1770353 16
737507081 -1320419 9
737542192 -1636521 9
737363017 -53139 20
737417907 -632923 11
737495249 -1618694 12
737492016 -789925 6
737426720 -66442 1
737374795 -72164 5
737403908 -740272 17
737467882 -1827846 17
737452607 -1568187 17
737538286 -2668821 15
737513425 -2755099 18
737512321 -1063612 7
737509056 -743525 5
737370889 -189399 18
737530524 -3403201 20
737488997 -257239 2
737429800 -1249939 18
737509330 -2532467 17
737384083 -332090 14
737543779 -3118032 17
737480373 -2160128 18
737491206 -654223 5
737511744 -2724812 18
737510225 -899216 6
737395502 -281069 8
737469388 -1853359 17
737464493 -1249518 12
737391428 -310725 10
737531471 -3422063 20
737487636 -381913 3
737414255 -323342 6
737388591 -282292 10
737502063 -850108 6
737469432 -654485 6
737462712 -409341 4
737552269 -1151358 6
737520801 -2406668 15
737553207 -1157014 6
737510155 -1497925 10
737488045 -1532277 12
737458431 -686558 7
737527487 -1169787 7
737489232 -1030968 8
737443141 -165489 2
737379386 -247217 13
737486501 -1261362 10
737376668 -49010 3
737376710 -245186 15
737368592 -164481 20
737487492 -1271244 10
737547906 -937707 5
737373126 -51127 4
737366134 -63428 11
737379172 -188043 10
737464697 -1147704 11
737544644 -1290044 7
737549902 -3032659 16
737464070 -1970504 19
737383943 -141509 6
737481817 -850236 7
737459740 -795055 8
737544981 -2030756 11
737383679 -443034 19
737518561 -1582059 10
737389448 -348993 12
737551709 -382609 2
737422969 -187841 3
737470101 -219526 2
737499512 -278307 2
737488132 -1277628 10
737443393 -1245437 15
737513032 -2442701 16
737545382 -1480162 8
737370300 -49682 5
737557924 -2568230 13
737493959 -935138 7
737552115 -383460 2
737397309 -517216 14
737402652 -507369 12
737485829 -2132877 17
737505759 -581641 4
737547711 -936669 5
737505663 -726530 5
737386107 -411826 16
737455106 -1800080 19
737376415 -64305 4
737365199 -82182 17
737525113 -2800664 17
737535403 -875212 5
737445740 -1451335 17
737509735 -2091231 14
264088696 765501255 10
737515582 -2017878 13
737453063 -463463 5
737436007 -832134 11
737512874 -1982632 13
737474062 -795977 7
737365833 -54780 10
737386255 -336602 13
737372611 -36662 3
737558574 -1387403 7
737388407 -420650 15
737534532 -174203 1
737473269 -451695 4
737387031 -480124 18
737453861 -1402427 15
737533768 -2600978 15
737395769 -424823 12
737406188 -458261 10
737381403 -273569 13
737438000 -1009188 13
737473191 -1128268 10
737487386 -1143123 9
737399436 -703249 18
737559227 -397766 2
737367005 -79681 12
737556048 -2348247 12
737500309 -2798906 20
737506277 -437690 3
737391303 -216657 7
737496070 -2442798 18
737468454 -1513361 14
737392252 -63692 2
737460769 -1606560 16
737380304 -378832 19
737366314 -65550 11
737514334 -2155646 14
737550087 -2086929 11
737455358 -854925 9
737435965 -226836 3
737389482 -320308 11
737450144 -359102 4
737397561 -111531 3
737464114 -1348852 13
737548623 -2635670 14
737425748 -588414 9
737549342 -566967 3
737389944 -207089 7
737362424 -4185 2
737395420 -35030 1
737492861 -1060051 8
737423165 -62814 1
737377420 -170528 10
737467786 -1181745 11
737412226 -726097 14
737404038 -873582 20
737464029 -1243977 12
737537647 -886436 5
737514072 -1229609 8
737446461 -516680 6
737446748 -345499 4
737558110 -2966247 15
737398895 -693564 18
737375985 -249858 16
737401361 -533047 13
737463069 -410819 4
737464669 -208618 2
737365044 -32821 7
737513902 -1074759 7
737388256 -83620 3
737438514 -625188 8
737433688 -219895 3
737535416 -350150 2
737455186 -948150 10
737382034 -433387 20
737470688 -992902 9
737473384 -2034380 18
737406867 -604478 13
737448877 -1593284 18
737549643 -757054 4
737532214 -2062309 12
737412483 -885955 17
737502283 -2554649 18
737444600 -758199 9
737381041 -289422 14
737408095 -191009 4
737559922 -798228 4
737550839 -380914 2
737373381 -78206 6
737412121 -672847 13
737546324 -1859537 10
737486344 -629923 5
737481616 -1940089 16
737513882 -614023 4
737425229 -1232407 19
737361675 -1229 1
737373126 -127535 10
737508376 -739982 5
737456259 -95864 1
737393356 -99022 3
737399316 -623261 16
737396409 -288392 8
737544079 -1286099 7
737419558 -651076 11
737384709 -97350 4
737431656 -71248 1
737442638 -740465 9
737549196 -3776589 20
737437768 -619315 8
737491995 -131547 1
737551538 -191215 1
737551282 -3054740 16
737510895 -1655819 11
737362495 -23493 11
737446130 -1200694 14
737483600 -1232311 10
737426253 -131759 2
737443332 -82897 1
737401422 -369534 9
737486698 -2274126 18
737532780 -1551738 9
737508119 -738735 5
737371654 -135506 12
737398455 -647662 17
737442545 -1397079 17
737399052 -38663 1
737471139 -1883157 17
737395572 -281738 8
737389106 -459855 16
737526576 -332375 2
737383697 -116619 5
737473122 -1353075 12
737539124 -2502632 14
737377852 -17538 1
737485080 -1870800 15
737505361 -2899960 20
737363670 -49635 15
737544177 -1654371 9
737542776 -2918610 16
737477488 -234312 2
737390529 -90471 3
737541840 -1996176 11
737520763 -1443671 9
737532288 -1031575 6
737453867 -561116 6
737480336 -359954 3
737367690 -146501 20
737429310 -344745 5
737430347 -979797 14
737545115 -3694940 20
737471599 -1779795 16
737424264 -702832 11
737456160 -670665 7
737465828 -1265512 12
737531452 -513233 3
737507185 -1761940 12
737434046 -1400056 19
737526997 -2166223 13
737394163 -405617 12
737495414 -2430859 18
737490443 -1040672 8
737546601 -2048622 11
737485580 -876539 7
737448360 -1143870 13
737390108 -267714 9
737362912 -15206 6
737434581 -1335950 18
737394380 -238171 7
737447346 -608890 7
737376374 -272247 17
737441003 -645132 8
737414531 -541606 10
737492109 -658641 5
737445826 -1538432 18
737488693 -1283340 10
737402799 -636487 15
737448987 -974824 11
737533078 -2418049 14
737418754 -1050985 18
737386997 -79970 3
737426751 -597572 9
737532158 -2061452 12
737528354 -2351852 14
737543433 -915330 5
737535632 -1752681 10
737541551 -1268310 7
737503208 -1856995 13
737517995 -1418655 9
737431958 -143100 2
737500400 -280083 2
737529652 -169224 1
737559336 -2188617 11
737475652 -1037565 9
737372698 -197356 16
737399612 -510152 13
737432045 -358416 5
737380657 -20335 1
737537226 -353666 2
737434868 -447032 6
737484420 -1364537 11
737513390 -2142334 14
737492601 -2115740 16
737421322 -975372 16
737513881 -1995686 13
737475352 -1839807 16
737478019 -1764886 15
737407648 -520175 11
737399436 -312521 8
737489635 -1034112 8
737382241 -393853 18
737372415 -72216 6
737516924 -2348415 15
737407761 -379091 8
737404574 -176915 4
737388327 -27922 1
737542906 -1277887 7
737380086 -197321 10
737517738 -629495 4
737531841 -1714806 10
737510756 -300766 2
737385587 -479299 19
737369893 -190665 20
737375294 -209016 14
737395184 -139206 4
737550602 -2473012 13
737483540 -1970844 16
737363064 -48559 18
737520422 -800198 5
737363044 -16149 6
737446711 -1726977 20
737534393 -870083 5
737388591 -479815 17
737533229 -691442 4
737435757 -1357145 18
737362238 -26268 14
737533634 -1559432 9
737411110 -304501 6
737371831 -126156 11
737553380 -2316133 12
737540836 -1624298 9
737426931 -931979 14
737532455 -860487 5
737539738 -3587535 20
737553963 -387190 2
737458011 -683464 7
737518166 -1262432 8
737373886 -256851 19
737532796 -2241690 13
737369634 -148305 16
737553466 -965470 5
737549426 -3403227 18
737433109 -1309385 18
737475835 -1847459 16
737478069 -2118616 18
737518614 -2057339 13
737489095 -514976 4
737540590 -3063955 17
737390435 -451036 15
737428748 -1299309 19
737488591 -1923388 15
737449768 -983447 11
737400916 -729906 18
737490653 -1172583 9
737392593 -515660 16
737424168 -127650 2
737507802 -2506449 17
737507989 -885718 6
737419986 -775043 13
737401479 -205499 5
737529700 -1185339 7
737531682 -856504 5
737390130 -238107 8
737546051 -2228340 12
737404429 -88211 2
737392799 -227119 7
737557848 -3159732 16
737445242 -1188343 14
737516087 -2647220 17
737522784 -3248325 20
737558159 -989060 5
-508145918 988351205 7
737499061 -554715 4
737451136 -726239 8
737449819 -983929 11
737404782 -621801 14
737527846 -1172435 7
737453277 -1486705 16
737488617 -769470 6
737546938 -2798539 15
737545140 -2032566 11
737408521 -770499 16
737494445 -1743164 13
737460110 -1994878 20
737529953 -1695871 10
737472370 -896052 8
737539039 -2680149 15
737389014 -343766 12
737436049 -1059593 14
737489836 -2071561 16
737469485 -109064 1
737428601 -818898 12
737554510 -2718003 14
737500438 -140140 1
737413484 -1062481 20
737552679 -961523 5
737402379 -798336 19
737384612 -193961 8
737408680 -821366 17
737387496 -515485 19
737464860 -1985542 19
737415253 -768459 14
737552164 -575478 3
737449805 -715628 8
737468634 -974350 9
737485734 -626916 5
737417617 -229061 4
737412545 -521880 10
737389493 -291362 10
737484833 -622279 5
737549487 -3404287 18
737517938 -2206080 14
737451071 -1814249 20
737433542 -292675 4
737472110 -1787950 16
737429936 -278214 4
737442130 -572367 7
737416406 -392356 7
737543421 -1281401 7
737535871 -2106013 12
737554337 -1745814 9
737483891 -1729356 14
737477053 -1867018 16
737503639 -2435616 17
737450103 -717899 8
737370508 -101397 10
737456496 -672867 7
737476105 -1967685 17
737436817 -1070257 14
737547521 -2807400 15
737444726 -1434247 17
737546186 -2044070 11
737434468 -296430 4
737376190 -316624 20
737466223 -423494 4
737477456 -1405106 12
737498390 -1104176 8
737455015 -94571 1
737413867 -427939 8
737515029 -2938662 19
737396471 -252733 7
737482270 -1950605 16
737540600 -2162856 12
737524656 -2628589 16
737393263 -98666 3
737457541 -1749165 18
737469152 -2067035 19
737372243 -59493 5
737438069 -1165521 15
737502458 -426260 3
737448804 -176934 2
737530257 -2038805 12
737412488 -938195 18
737531901 -2573057 15
737490677 -2084952 16
737545213 -2772823 15
737403775 -607830 14
737559214 -795469 4
737530219 -1868324 11
737531567 -513580 3
737421641 -367645 6
737361478 -9952 9
737560075 -3395076 17
737543359 -1280962 7
737435166 -598438 8
737505815 -145496 1
737381530 -42426 2
737547932 -750357 4
737471209 -1551895 14
737468729 -758621 7
737419213 -588406 10
737449288 -1778415 20
737440096 -79670 1
737470360 -1650043 15
737445770 -1110333 13
737518229 -1262970 8
737520178 -2077640 13
737530558 -340482 2
737486611 -757578 6
737407219 -796637 17
737412460 -468840 9
737388859 -256461 9
737517848 -472452 3
737460719 -802820 8
737457196 -1839910 19
737380500 -261872 13
737559119 -3180017 16
737408992 -534819 11
737385201 -99305 4
737464267 -519598 5
737505796 -2181406 15
737369795 -94299 10
737415838 -887691 16
737478610 -2010279 17
737379244 -113248 6
737516147 -623160 4
737549957 -3602383 19
737525357 -1319993 8
737418204 -462736 8
737434170 -442827 6
737416958 -1075296 19
737435618 -300953 4
737379738 -77483 4
737507406 -1470331 10
737495335 -2294567 17
737464134 -726385 7
737399809 -552177 14
737524039 -1145732 7
737417468 -342553 6
737410910 -960298 19
737407114 -701279 15
737439049 -78659 1
737509889 -1046721 7
737364096 -26183 7
737547740 -374842 2
737384801 -24433 1
737410913 -252819 5
737540288 -3418646 19
737534263 -173837 1
737544661 -2027221 11
737370711 -30985 3
737465024 -941884 9
737460155 -1596575 16
737405393 -135153 3
737512575 -1674289 11
737456934 -1834849 19
737363518 -37765 12
737512408 -2280738 15
737535745 -3156962 18
737496518 -2450696 18
737490468 -2341983 18
737389215 -144252 5
737499536 -2226770 16
737496793 -2046376 15
737407064 -373686 8
737426310 -1055174 16
737518102 -1735189 11
737462337 -917803 9
737495463 -1215843 9
737557279 -393882 2
737455790 -381744 4
737440234 -239521 3
737522487 -2431857 15
737548942 -565694 3
737523026 -162578 1
737517158 -940775 6
737487844 -1657213 13
737374543 -42585 3
737485228 -1123725 9
737417723 -286821 5
737458937 -1577214 16
737416507 -449168 8
737386598 -52512 2
737548777 -376860 2
737435747 -753864 10
737401251 -531588 13
737391042 -613668 20
737511776 -2574049 17
737525302 -1154632 7
737509487 -2385977 16
737411860 -721056 14
737473476 -1018027 9
737534081 -2431991 14
737462846 -922421 9
737461763 -1521006 15
737361725 -14892 11
737405906 -455336 10
737541386 -2534419 14
737512661 -2741456 18
737370447 -151203 15
737546359 -2604001 14
737551563 -3059265 16
737481700 -970758 8
737473777 -1928094 17
737466844 -851849 8
737477529 -1874624 16
737437381 -539150 7
737494735 -2418623 18
737430907 -1410940 20
737464496 -1145459 11
737530425 -2550953 15
737440214 -239600 3
737377039 -33390 2
737464863 -1149490 11
737449130 -88671 1
737502581 -2844352 20
737539601 -537752 3
737434497 -296553 4
737371468 -155551 14
737378248 -143109 8
737424667 -1286059 20
737424912 -1226494 19
737419654 -948644 16
737507669 -147324 1
737481729 -1213593 10
737439786 -1191399 15
737396004 -534704 15
737488287 -895434 7
737538720 -1248538 7
737368426 -129078 16
737460610 -902242 9
737515290 -464840 3
737398591 -611610 16
737409054 -146115 3
737397283 -443053 12
737452746 -1016132 11
737518162 -2051331 13
737552302 -2111297 11
737415058 -1039109 19
737378767 -73533 4
737444309 -1091322 13
737388111 -249733 9
737523960 -981659 6
737392814 -292072 9
737409252 -440073 9
737461976 -1524189 15
737384208 -47644 2
737488353 -1919921 15
737483824 -987623 8
737463737 -1137031 11
737366804 -12815 2
737398091 -415107 11
737517140 -470302 3
737373054 -165027 13
737383451 -69362 3
737501298 -1127391 8
737513195 -764068 5
737469197 -1741330 16
737441064 -1371873 17
737383553 -92854 4
737415429 -55153 1
737374995 -161031 11
737483105 -1350119 11
737363775 -20406 6
737442157 -736182 9
737546813 -1491568 8
737368800 -75974 9
737373409 -156577 12
737483319 -1352501 11
737426260 -527268 8
737394471 -375148 11
737426074 -525633 8
737546470 -3536060 19
737499724 -1811629 13
737435163 -1346354 18
737424623 -449813 7
737442866 -1484968 18
-179083832 309312418 5
737384230 -47671 2
737381352 -63030 3
737400890 -770091 19
737395540 -140664 4
737539733 -896824 5
737409998 -992619 20
737385406 -425758 17
737430521 -1052388 15
737449310 -800585 9
737426813 -664495 10
737536606 -2996040 17
737497594 -548930 4
737522826 -812224 5
737491473 -1311025 10
737476010 -1734698 15
737460628 -2005358 20
737547705 -3746841 20
737467368 -321001 3
737517760 -1101754 7
737457443 -873670 9
737482125 -243533 2
737525204 -2472651 15
737374971 -73032 5
737505125 -1013303 7
737452643 -1476487 16
737471430 -333232 3
737400969 -121801 3
737452436 -644599 7
737389896 -88526 3
737364288 -51117 13
737454439 -1881429 20
737557669 -3748803 19
737467610 -1179789 11
737436161 -757939 10
737460021 -797244 8
737495445 -675322 5
737520775 -2245731 14
737507014 -879952 6
737472133 -1899993 17
737462052 -1423739 14
737482232 -243812 2
737374793 -115340 8
737419499 -177491 3
737392342 -383666 12
737494321 -2143341 16
737432124 -1220030 17
737369509 -128020 14
737413086 -316394 6
737461090 -906490 9
737529296 -337960 2
737397194 -368382 10
737491568 -131203 1
737393368 -561060 17
737372499 -97107 8
737465968 -211274 2
737482188 -852685 7
737388660 -537570 19
737443400 -747368 9
737371839 -137747 12
737536226 -1231076 7
737458890 -1280817 13
737394790 -206596 6
737454405 -846466 9
737559744 -1395687 7
737529057 -2361657 14
737484106 -123737 1
737390729 -30404 1
737384633 -461207 19
737477654 -351850 3
737459271 -791353 8
737451961 -1007510 11
737379881 -214730 11
737427594 -605002 9
737396791 -145711 4
737467456 -321232 3
737442308 -327869 4
737469377 -327017 3
737456667 -288953 3
737496300 -2582721 19
737541822 -1088773 6
737417483 -514174 9
737457842 -974754 10
737374264 -166841 12
737490185 -1298299 10
737518357 -1737930 11
737552043 -766717 4
737426977 -1199078 18
737425714 -457370 7
737411840 -514825 10
737456523 -1827127 19
737404887 -712465 16
737530286 -509840 3
737471297 -221779 2
737377887 -87615 5
737527289 -2169954 13
737403677 -346594 8
737363434 -18350 6
737390830 -304667 10
737553250 -1735934 9
737473268 -338684 3
737556773 -3928130 20
737433645 -879349 12
737545206 -3327157 18
737491651 -2625750 20
737437861 -387408 5
737511871 -303022 2
737418403 -174208 3
737543778 -1650744 9
737391171 -369696 12
737405399 -44991 1
737373328 -194463 15
737532156 -343515 2
737461804 -202880 2
737491186 -1700702 13
737541322 -1809544 10
737510514 -1201289 8
737552916 -3080868 16
737552694 -2692572 14
737443099 -248181 3
737388540 -281686 10
737452313 -643727 7
737547215 -186911 1
737530068 -2036502 12
737469838 -1532581 14
737544742 -1475101 8
737553382 -1158208 6
737401869 -581067 14
737476110 -2199199 19
737525248 -1813774 11
737413142 -844504 16
737538635 -534757 3
737495970 -949200 7
737366840 -64818 10
737480286 -2158621 18
737458113 -1075340 11
737500904 -983713 7
737417252 -398224 7
737371595 -67372 6
737399165 -194049 5
737406242 -137633 3
737458716 -1475240 15
737553039 -1734079 9
737558253 -1978871 10
737521075 -160769 1
737379550 -383759 20
737553477 -1931055 10
737540727 -3426885 19
737385020 -295857 12
737420617 -662785 11
737520940 -2569308 16
737511286 -301941 2
737448816 -442246 5
737426259 -790796 12
737386284 -207290 8
737442848 -1154757 14
737517050 -1253542 8
737361233 -16560 19
737434988 -1492551 20
737536560 -3171593 18
737394856 -310361 9
737370187 -88318 9
737427542 -738887 11
737414958 -491341 9
737372885 -212838 17
737458947 -1873005 19
737456261 -1630289 17
737541213 -542618 3
737472961 -1351210 12
737558061 -3558570 18
737464536 -312598 3
737528910 -3370921 20
737504528 -720882 5
737499561 -2366375 17
737482894 -857747 7
737376552 -81028 5
737423480 -378760 6
737454526 -376686 4
737520383 -2880358 18
737460300 -1798774 18
737436149 -1136805 15
737452908 -832877 9
737400617 -161063 4
737458185 -1662978 17
737539219 -3219494 18
737480623 -480980 4
737469497 -1964388 18
737402462 -505260 12
737489327 -1031736 8
737517262 -2824165 18
737399443 -78251 2
737447342 -1304662 15
737388033 -248964 9
737560337 -2399788 12
737497254 -1916516 14
737368169 -54592 7
737469444 -1090848 10
737384262 -95522 4
737539859 -2154036 12
737409253 -537746 11
737473897 -113486 1
737439711 -317337 4
737414467 -757445 14
737374496 -240349 17
737439996 -637097 8
737472358 -1791920 16
737481364 -1572964 13
737484748 -2487636 20
737497319 -2191286 16
737526690 -2494912 15
737400861 -283543 7
737509906 -2093568 14
737383696 -396633 17
737486377 -504109 4
737529348 -2703793 16
737414648 -1085619 20
737385884 -178605 7
737372101 -46945 4
737420779 -1027033 17
737559670 -3786786 19
737533682 -346673 2
737559221 -1988670 10
737417834 -344744 6
737478825 -355471 3
737411726 -821851 16
737490212 -1687997 13
737485780 -2383014 19
737450848 -1266853 14
737512865 -2744993 18
737506810 -585803 4
737378862 -55489 3
737423850 -63427 1
737554221 -3295619 17
737559146 -1789094 9
737472758 -224860 2
737436753 -993128 13
737455622 -761991 8
737433567 -951685 13
737530104 -678919 4
737519241 -635497 4
737486303 -1007534 8
737535771 -2280372 13
737503768 -430158 3
737391293 -30963 1
737557444 -3941632 20
737508091 -2511429 17
737430347 -839725 12
737438597 -704181 9
737520545 -2723067 17
737453322 -464845 5
737428120 -406545 6
737465211 -1363107 13
737491813 -1445929 11
737470394 -1760512 16
737430337 -1329514 19
737431734 -71285 1
737555198 -1168968 6
737528451 -2689369 16
737379474 -363094 19
737409870 -841610 17
737540648 -3425359 19
737406949 -605578 13
737524332 -2459568 15
737378199 -338837 19
737420102 -298605 5
737426858 -1063858 16
737432912 -217729 3
737363517 -22024 7
737531258 -1025450 6
737368932 -34250 4
737555967 -2151603 11
737538828 -3212382 18
737551097 -2098041 11
737460120 -997545 10
737391621 -437678 14
737399490 -273901 7
737424157 -1212092 19
737526790 -998657 6
737408990 -923923 19
737482831 -2204519 18
737471364 -443963 4
737413948 -375011 7
737456062 -1626871 17
737369989 -86686 9
737492358 -1320003 10
737528685 -2356592 14
737417780 -344508 6
737429257 -1102334 16
737444455 -504488 6
737453668 -186693 2
737367534 -86054 12
737553851 -2515418 13
737501186 -563302 4
737391191 -185001 6
737490887 -1044245 8
737470204 -439389 4
737499035 -832101 6
737388500 -140772 5
737386012 -256438 10
737477127 -700631 6
737365630 -84283 16
737544021 -3122099 17
737376332 -31979 2
737474715 -800524 7
737532261 -2234700 13
737511707 -1967415 13
737487501 -1525754 12
737524643 -492827 3
737369624 -18574 2
737453265 -1393592 15
737547281 -3177608 17
737391330 -31014 1
737542175 -908991 5
737473158 -2255820 20
737393797 -33382 1
737527652 -2342029 14
737521024 -2570640 16
737544235 -1287011 7
737493721 -2667148 20
737517211 -2666332 17
737396031 -534955 15
737536712 -2468931 14
737386974 -26689 1
737461433 -505368 5
737421997 -431508 7
737468882 -108446 1
737428099 -474115 7
737463030 -1129366 11
737440987 -725628 9
737537895 -2662983 15
737488947 -1928743 15
737560140 -3995547 20
737452313 -1471167 16
737500898 -1686380 12
737516188 -1869898 12
737414267 -215560 4
737448768 -1768140 20
737480891 -1928357 16
737517643 -2988300 19
737383123 -68184 3
737453283 -836221 9
737400905 -486489 12
737502638 -995985 7
737553929 -193593 1
737500150 -1537722 11
737382780 -89658 4
737551705 -2487431 13
737543708 -549942 3
737459504 -1586345 16
737498704 -2351802 17
737368436 -80804 10
737474686 -1028820 9
737471512 -2000776 18
737548391 -752083 4
737407676 -520442 11
737558826 -595343 3
737495576 -811356 6
737524286 -2294845 14
737436840 -1070673 14
737559198 -3976668 20
737385770 -508223 20
737528295 -2183174 13
737374086 -54980 4
737522719 -2922494 18
737367019 -113056 17
737415263 -713786 13
737501496 -1411403 10
737533709 -346626 2
737370878 -73689 7
737403506 -776558 18
737370261 -198049 20
737542899 -1825358 10
737472324 -1455412 13
737379787 -155420 8
737550834 -3618849 19
737429485 -207271 3
737400493 -441475 11
737481073 -724289 6
737484398 -2108647 17
737440852 -804909 10
737519063 -2221883 14
737472292 -1790900 16
737479372 -118996 1
737407813 -94816 2
737392151 -413197 13
737551520 -1338066 7
737469414 -327066 3
737544248 -735532 4
737404969 -446010 10
737516454 -1560991 10
737372734 -98897 8
737489462 -2452962 19
737536574 -3524136 20
737373207 -128400 10
737409542 -344230 7
737535648 -3505657 20
737523833 -2288579 14
737418155 -1098092 19
737388327 -363455 13
737361901 -30794 20
737424756 -515045 8
737552967 -1925986 10
737489767 -1423389 11
737481664 -485207 4
737484848 -1742744 14
737532739 -3275046 19
737536050 -1932618 11
737422875 -187560 3
737385102 -148359 6
737490693 -1303348 10
737383618 -279130 12
737524458 -492324 3
-464013743 -785362695 5
737431756 -142836 2
737461825 -710179 7
-914214355 335394456 20
737504029 -431049 3
737360624 -1732 7
737451927 -732433 8
737404047 -655300 15
737466945 -852720 8
737417349 -1025794 18
737548896 -2073963 11
737470939 -774021 7
737370937 -105694 10
737482568 -733311 6
737364357 -59817 15
737374859 -57979 4
737388225 -111479 4
737545212 -924195 5
737442784 -412120 5
737482791 -367325 3
737512826 -1829456 12
737361934 -26633 17
737485251 -1998152 16
737515620 -465738 3
737371241 -174114 16
737373137 -38222 3
737373682 -186445 14
737536687 -352609 2
737447486 -348561 4
737528459 -3193777 19
737377746 -86945 5
737412223 -311149 6
737437101 -383736 5
737473144 -1917224 17
737406226 -917260 20
737433004 -1017043 14
737412802 -524366 10
737457367 -1261069 13
737527221 -1001211 6
737510845 -3009733 20
737478702 -1538328 13
737522484 -2593936 16
737463754 -516985 5
737513002 -2747462 18
737551200 -2099145 11
737479133 -1781493 15
737448985 -1506480 17
737368537 -24531 3
737479957 -478364 4
737506796 -2342874 16
737409360 -195911 4
737428495 -1090062 16
737555287 -1364518 7
737394598 -102709 3
737486893 -2151013 17
737543130 -2558651 14
737540446 -3061486 17
737444002 -920001 11
737421458 -855405 14
737375214 -59488 4
737389848 -560295 19
737430364 -349985 5
737366338 -29843 5
737395078 -381817 11
737503712 -1433410 10
737558405 -1188172 6
737448772 -1326228 15
737371584 -145848 13
737481305 -1451302 12
737375711 -291652 19
737360430 -932 15
737453357 -836989 9
737432133 -861308 12
737536262 -2814418 16
737449528 -1783350 20
737506409 -438206 3
737516711 -2345258 15
737396062 -642616 18
737464431 -936563 9
737430753 -633585 9
737429889 -347659 5
737436361 -455966 6
737410211 -199305 4
737543519 -1465183 8
737405429 -721077 16
737416194 -390766 7
737507371 -1911091 13
737514957 -154625 1
737531049 -2048184 12
737375165 -44349 3
737400584 -80499 2
737432995 -290543 4
737474867 -457968 4
737470750 -1655808 15
737449048 -798110 9
737552294 -191954 1
737519047 -1745615 11
737451402 -1001488 11
737486637 -1894061 15
737497572 -2058193 15
737434198 -959863 13
737401312 -41008 1
737528288 -3022641 18
737473163 -451208 4
737497207 -410579 3
737425500 -781549 12
737401118 -162996 4
737452913 -1018086 11
737422103 -1111263 18
737383624 -302360 13
737380057 -295446 15
737398449 -190331 5
737550854 -1904947 10
737530968 -1364771 8
737480322 -239906 2
737389490 -291172 10
737494906 -2018083 15
737493096 -1991026 15
737524420 -2132829 13
737394109 -303744 9
737545211 -1294027 7
737554206 -969230 5
737450940 -1630481 18
737434418 -1407081 19
737485853 -2384391 19
737528636 -2860546 17
737452566 -1198574 13
737421642 -919100 15
737360601 -2528 11
737377434 -307229 18
737369010 -8651 1
737460268 -1398617 14
737524588 -3120322 19
737544573 -184221 1
737441249 -1294260 16
737518831 -633809 4
737468203 -2156723 20
737497058 -820082 6
737489918 -1165925 9
737420111 -239027 4
737471897 -1115296 10
737471891 -1226852 11
737489390 -129006 1
737538339 -711956 4
737455216 -853772 9
737511073 -301480 2
737488246 -127913 1
737511527 -1662830 11
737390427 -450984 15
737441055 -1129731 14
737424468 -833314 13
737523425 -1793654 11
737453001 -370528 4
737412061 -465348 9
737381222 -41687 2
737488662 -1924471 15
737434408 -1332896 18
737471230 -776035 7
737438446 -1093181 14
737397161 -515215 14
737398520 -267121 7
737490848 -1565895 12
737410217 -947207 19
737491802 -657220 5
737527330 -834934 5
737498125 -1102074 8
737402721 -84626 2
737482911 -980463 8
737483448 -1846186 15
737443801 -750965 9
737360906 -8785 16
737366524 -24552 4
737497016 -409968 3
737446796 -1209987 14
737555862 -2346079 12
737494499 -1475562 11
737424747 -1094627 17
737465475 -1261370 12
737497087 -1777447 13
737369058 -43442 5
737533201 -345750 2
737537855 -532523 3
737522811 -2436654 15
737428236 -407174 6
737397765 -224449 6
737426845 -731267 11
737483297 -2212842 18
737462685 -1227917 12
737528747 -1346982 8
737483475 -123095 1
737440858 -563453 7
737386758 -501512 19
737465322 -1994318 19
737415305 -439553 8
737405869 -90938 2
737415446 -771225 14
737373300 -103553 8
737527204 -2502689 15
737380776 -122392 6
737417843 -862194 15
737396262 -646109 18
737505628 -2469447 17
737445045 -931507 11
737389467 -290983 10
737478231 -1414378 12
737436692 -1526617 20
737430425 -210268 3
737457381 -1164167 12
737460359 -200078 2
737476364 -232092 2
737548656 -564919 3
737393438 -33068 1
737379492 -95585 5
737465940 -1055836 10
737420271 -179720 3
737533477 -2769822 16
737542265 -3274144 18
737554400 -2910547 15
737391041 -61334 2
737396657 -471862 13
737456376 -192052 2
737450460 -720784 8
737496728 -2590962 19
737466596 -1380991 13
737490905 -2219132 17
737441120 -161426 2
737515731 -2175180 14
737458714 -1180290 12
737552452 -1152634 6
737473212 -1805525 16
737505002 -723134 5
737418963 -234374 4
737471086 -1660790 15
737388927 -514166 18
737432560 -433147 6
737402714 -169431 4
737485317 -1374432 11
737539347 -2505707 14
737506346 -1459860 10
737419463 -827401 14
737387125 -455006 17
737450127 -358972 4
737519141 -1746518 11
737550326 -2849514 15
737423506 -252636 4
737376648 -16270 1
737418529 -465228 8
737485355 -749897 6
737488199 -1789615 14
737412047 -620171 12
737435836 -377446 5
737547388 -2244211 12
737443217 -828568 10
737427764 -471720 7
737436951 -536177 7
737546458 -2419301 13
737532635 -1722788 10
737375827 -92800 6
737438337 -1481572 19
737362874 -22659 9
737475411 -1150465 10
737556689 -2944821 15
737446346 -172024 2
737530887 -682177 4
737525808 -3308878 20
737367357 -118874 17
737518195 -1893990 12
737487294 -126832 1
737406240 -596464 13
737502989 -1711474 12
737410921 -606736 12
737553062 -963528 5
737496585 -2452092 18
737378421 -216617 12
737492231 -1318666 10
737474819 -915691 8
737409216 -977032 20
737556177 -3133079 16
737537852 -2839785 16
737378135 -53273 3
737508724 -2522037 17
737461738 -304111 3
737516085 -2647209 17
737422940 -876088 14
737483332 -1229790 10
737421981 -862750 14
737370936 -148081 14
737464112 -1660056 16
-469427255 -483012260 13
737390712 -91134 3
737442894 -577758 7
737362959 -25880 10
737548773 -942116 5
737362965 -20755 8
737505401 -2465746 17
737395907 -35487 1
737559740 -2392495 12
737430543 -210585 3
737552558 -3459501 18
737517211 -627444 4
737391641 -187673 6
737514843 -2626214 17
737379815 -272332 14
737428402 -1224736 18
737549474 -2080148 11
737500977 -2531017 18
737409324 -930328 19
737514914 -1545567 10
737527639 -3010982 18
737450521 -270550 3
737371755 -57030 5
737470014 -986783 9
737511828 -1363242 9
737414487 -270625 5
737503497 -2433313 17
737484435 -1488865 12
737361096 -14680 20
737425891 -1179603 18
737391898 -63133 2
737506253 -291681 2
737437901 -77526 1
737484489 -248292 2
737504921 -1445658 10
737450525 -1352468 15
737417994 -345715 6
737440766 -80398 1
737468734 -433494 4
737544546 -1289360 7
737381911 -107762 5
737524786 -1973167 12
737408945 -922998 19
737478407 -354164 3
737549934 -3222807 17
737365603 -5259 1
737371579 -89638 8
737452489 -644970 7
737368845 -161150 19
737442718 -823626 10
737420972 -606091 10
737482016 -364939 3
737375249 -238146 16
737396252 -251176 7
737415194 -603174 11
737485876 -1255088 10
737497451 -411207 3
737502660 -1138376 8
737465465 -1576575 15
737424904 -322703 5
737548633 -2259221 12
737445478 -680999 8
737384533 -96595 4
737470858 -1104883 10
737473354 -564910 5
737531431 -1368557 8
737396298 -215554 6
737410964 -50650 1
737378693 -146624 8
737556451 -784299 4
737457987 -195223 2
737513428 -3061276 20
737421977 -739465 12
737466135 -2009611 19
737454847 -1889591 20
737368936 -137247 16
737424275 -447301 7
737363107 -43812 16
737554263 -193930 1
737540536 -2162053 12
737378071 -336476 19
737439805 -317809 4
737511052 -2109638 14
737472855 -899954 8
737411632 -871478 17
499300091 -803373136 6
737465417 -210126 2
737540928 -2527918 14
737551201 -3625825 19
737467643 -1394582 13
737497338 -1369765 10
737532036 -171656 1
737492837 -529944 4
737373882 -121680 9
737434559 -445156 6
737369472 -145670 16
737375682 -76607 5
737501818 -2404825 17
737369847 -37897 4
737479357 -1546906 13
737506282 -1605153 11
737405013 -357146 8
737393686 -99904 3
737546757 -2982301 16
737456456 -96066 1
737513108 -2902168 19
737537794 -1596948 9
737477385 -1053266 9
737411040 -658852 13
737513809 -2915501 19
737420414 -1080925 18
737419016 -645259 11
737438094 -1476856 19
737452766 -277138 3
737541585 -2718364 15
737548483 -752423 4
737458115 -1955077 20
737532343 -2579610 15
737372592 -232326 19
737441967 -407936 5
737458183 -293389 3
737511122 -2562954 17
737550246 -3607836 19
737491032 -1437313 11
737478718 -1538605 13
737471391 -555158 5
737446275 -1546322 18
737525289 -2308939 14
737391700 -94077 3
737458320 -1175504 12
737472938 -1463387 13
561749510 687987600 14
737400115 -596211 15
737384393 -72090 3
737545837 -3338472 18
737480268 -1678665 14
737531019 -1877142 11
737484995 -1246413 10
737381198 -62536 3
737426336 -527824 8
737504678 -144383 1
737438995 -1493979 19
737412196 -1036680 20
737541892 -726130 4
737409957 -694391 14
737458210 -97813 1
737433845 -1028846 14
737474246 -1708209 15
737536819 -2823349 16
737369590 -64582 7
737466863 -1491043 14
737465155 -943183 9
737425871 -1048206 16
737515312 -619887 4
737362552 -24046 11
737435178 -1421471 19
737451446 -1457402 16
737364193 -11504 3
737421144 -972409 16
737441974 -1469093 18
737447706 -1222814 14
737398858 -384922 10
737456892 -1544538 16
737509858 -1195917 8
737443972 -1504864 18
737492853 -1722318 13
737514554 -2929550 19
737501032 -1547312 11
737483082 -2454300 20
737504996 -433821 3
737437508 -1002975 13
737427232 -200630 3
737532732 -344727 2
737434230 -1403456 19
737546122 -3157909 17
737531729 -3255900 19
737431837 -428837 6
737501321 -986805 7
737524941 -1810405 11
737453983 -280811 3
737482702 -2079831 17
737542697 -2735100 15
737377213 -168429 10
737436278 -1518201 20
737364569 -75616 18
737462970 -820933 8
737484093 -618739 5
737385251 -497675 20
737424341 -1215603 19
737396341 -467669 13
737504774 -577667 4
737467567 -1929714 18
737465481 -1997336 19
737473229 -790130 7
737514655 -2314366 15
737454060 -1030645 11
737472384 -1792286 16
737484149 -123822 1
737406838 -789981 17
737500520 -2242489 16
737361722 -17619 13
737542869 -1094961 6
737457790 -1461398 15
737435914 -982204 13
737494780 -1075400 8
737492355 -660037 5
737545060 -1477491 8
737453825 -654295 7
737380733 -285228 14
737413760 -640791 12
737479552 -1787795 15
737513902 -1996099 13
737555695 -3711225 19
737371128 -43058 4
737364758 -8802 2
737494690 -1477580 11
737365520 -46366 9
737546785 -3355581 18
737469055 -108694 1
737384733 -194969 8
737496320 -2719188 20
737408195 -813065 17
737430833 -1409433 20
737414300 -1078803 20
737506727 -1463716 10
737423106 -439191 7
737549404 -3024709 16
737474630 -1371116 12
737553921 -3484049 18
737554222 -581578 3
737438436 -390431 5
737381319 -419063 20
737400260 -359099 9
737392304 -542990 17
737553255 -2314688 12
737461594 -911123 9
737394699 -240422 7
737411899 -412365 8
737408009 -238232 5
737440819 -804558 10
737478288 -1179214 10
737558292 -1385542 7
737530118 -2206776 13
737560175 -2597653 13
737416624 -675229 12
737465917 -1161130 11
737372473 -181655 15
737443765 -416949 5
737369083 -130758 15
737463491 -103053 1
737409032 -194691 4
737411009 -810397 16
737390342 -569639 19
737489097 -772342 6
737483922 -494232 4
737529859 -677895 4
419626862 591937513 5
737502782 -997026 7
737388346 -559574 20
737396062 -392590 11
737542468 -1638936 9
737407808 -664222 14
737493316 -1329543 10
737430763 -633514 9
737434607 -222744 3
737547893 -2625345 14
737539917 -1975059 11
737555783 -3322212 17
737424084 -1083274 17
737519102 -2857385 18
737364854 -49384 11
737431193 -70887 1
737460001 -1095929 11
737529300 -3040868 18
737443676 -166684 2
737409192 -390708 8
737415633 -773848 14
737556985 -1966202 10
737538060 -355492 2
737535838 -3509579 20
737509008 -297329 2
737431728 -927790 13
737412783 -838641 16
737438409 -468352 6
737391047 -91986 3
737449199 -799465 9
737511247 -301787 2
737488111 -1149640 9
737408873 -387987 8
737453815 -841093 9
737486128 -1383319 11
737443114 -248284 3
737522341 -2753671 17
737428452 -340488 5
-477331888 631056861 7
737525076 -1153062 7
737557004 -3932766 20
737524128 -1473811 9
737418029 -692028 12
737466365 -848010 8
737552269 -1535313 8
737505114 -2171350 15
737382755 -44799 2
737435206 -523913 7
737551474 -3248804 17
737383218 -22765 1
737479199 -594128 5
737472616 -224511 2
737536850 -3176792 18
737392188 -509221 16
737551137 -953784 5
737414692 -543252 10
737523580 -1469016 9
737413602 -745308 14
737427757 -606626 9
737515291 -2943540 19
737540649 -901445 5
737486302 -1637165 13
737513597 -1225954 8
737484962 -1869064 15
737542377 -546141 3
737474966 -1833694 16
737539533 -3224973 18
737479478 -1429303 12
737490734 -2607510 20
737455028 -378639 4
737427667 -807703 12
737493159 -2655883 20
737550045 -2086575 11
737482496 -2198332 18
737454714 -1509575 16
737486449 -2521679 20
737546845 -1491889 8
737539358 -3579853 20
737447893 -1137897 13
737406295 -183766 4
737360496 -629 4
737437044 -1150168 15
737395766 -247807 7
737499153 -832683 6
737461370 -504985 5
737494772 -672033 5
737412291 -519361 10
737492219 -395647 3
737365379 -5109 1
737388082 -304973 11
737500677 -280617 2
737409846 -148373 3
737447938 -87518 1
737475533 -230384 2
737517917 -2363228 15
737475475 -460352 4
737426248 -724735 11
737468072 -1184783 11
737550764 -1332816 7
737540420 -540227 3
737361426 -7416 7
737365358 -19928 4
737405288 -763674 17
737486897 -1518477 12
737459840 -596838 6
737547430 -1122496 6
737446546 -1206539 14
737546328 -1859633 10
737508233 -1922390 13
737413112 -369232 7
737419609 -118401 2
737432908 -652873 9
737410770 -554456 11
737387645 -81874 3
737374452 -267621 19
737395323 -34943 1
737363706 -36782 11
737528666 -841422 5
737479675 -954538 8
737480915 -1446620 12
737493818 -2402145 18
737522569 -1135486 7
737527030 -1666725 10
737429698 -901278 13
737431156 -283148 4
737372459 -217720 18
737407734 -47328 1
737545296 -1109672 6
737497885 -1787784 13
737486103 -2263309 18
737435296 -974126 13
737510130 -149785 1
737424422 -320307 5
737516733 -938151 6
737498007 -137673 1
737445027 -761909 9
737425596 -326189 5
737466820 -851671 8
737411136 -913837 18
737382406 -110296 5
737376458 -289670 18
737482754 -2447855 20
737525528 -3138188 19
737377135 -184455 11
737425248 -1167854 18
737386512 -104565 4
737366099 -40122 7
737543383 -3294276 18
737363920 -28469 8
737377194 -319708 19
737475238 -344723 3
737527223 -1001117 6
737553467 -3089763 16
737472055 -781816 7
737435009 -671773 9
737478290 -471619 4
737397351 -36962 1
737552133 -3835408 20
737407532 -188740 4
737498109 -1239636 9
737384544 -386816 16
737471397 -1554472 14
737367781 -88931 12
737486195 -1761709 14
737447214 -1476441 17
737466423 -2015075 19
737479397 -1547489 13
737374048 -259992 19
737470911 -221189 2
737463864 -207078 2
737407233 -234430 5
737514523 -1695860 11
737472630 -673700 6
737433701 -660005 9
737365098 -33155 7
737508749 -2374210 16
737458070 -683916 7
737532632 -861354 5
737461522 -1719756 17
737496790 -136410 1
737376886 -231420 14
737440560 -962328 12
737552707 -2308154 12
737519109 -634888 4
737384334 -407501 17
737509968 -1795254 12
737418087 -346396 6
737506289 -2188973 15
737423598 -505815 8
737391989 -632578 20
737362273 -23015 12
737453893 -1122401 12
737507577 -1619271 11
737470367 -1209994 11
737401757 -82749 2
737542712 -2735193 15
737368582 -8190 1
737381934 -345173 16
737389473 -58276 2
737462517 -1838791 18
737530174 -3226454 19
737363293 -5955 2
737430721 -492421 7
737477760 -704352 6
737514435 -2156989 14
737482378 -122016 1
737481480 -2301169 19
737486941 -1645493 13
737541816 -2358869 13
737399497 -665282 17
737465158 -1572023 15
737387763 -164319 6
737397198 -184162 5
737520728 -641369 4
737547405 -1122276 6
737434466 -1333846 18
737362723 -25949 11
737530258 -679516 4
737398404 -114131 3
737555447 -3316431 17
737365432 -35445 7
737495415 -2295859 17
737516659 -2344422 15
737456275 -1342682 14
737512757 -1981070 13
737529207 -1688494 10
737412096 -569153 11
737402971 -42561 1
737402150 -417808 10
737491232 -654323 5
737436455 -684899 9
737400076 -595755 15
737449380 -1335242 15
737400412 -80183 2
737494132 -535136 4
737382915 -293240 13
737537720 -886835 5
737534647 -1394341 8
737555730 -2149123 11
737472924 -2138722 19
737457865 -1462544 15
737506369 -1898027 13
737511702 -2270114 15
737510957 -301141 2
737409796 -593230 12
737528975 -3203625 19
737473881 -340631 3
737420084 -1194455 20
737484978 -2118383 17
737403485 -301756 7
737407066 -653801 14
737456007 -1434661 15
737483362 -1229910 10
737531564 -2567933 15
737453666 -93328 1
737364092 -22331 6
737479388 -2261569 19
737367974 -152222 20
737394801 -344456 10
737475788 -1615943 14
737509928 -2692122 18
737391402 -186239 6
737373440 -170026 13
737433827 -1248926 17
737447688 -698536 8
737436294 -607449 8
737496489 -1769728 13
737475701 -2076001 18
737499279 -2222691 16
737492991 -1458815 11
737368449 -153580 19
737509074 -2379403 16
737360849 -5328 11
737524659 -492839 3
737378713 -146792 8
737453047 -370816 4
737523669 -2612904 16
737559867 -3790565 19
737399727 -236169 6
737436598 -76232 1
737378466 -253421 14
737419649 -355786 6
737559927 -1197414 6
737457943 -390250 4
737554595 -3690418 19
737424717 -1094055 17
737502541 -2274906 16
737439031 -865290 11
737424656 -1157177 18
737486986 -1772686 14
737465619 -1684189 16
737411801 -720074 14
737489558 -775214 6
737454644 -94254 1
737477934 -470236 4
737371738 -216220 19
737481593 -1333603 11
737441691 -1626551 20
737558273 -3958179 20
737413845 -214013 4
737539434 -895287 5
737386655 -105145 4
737362031 -11599 7
737491144 -915421 7
737461097 -1108167 11
737407929 -761124 16
737401716 -372188 9
737463550 -1135062 11
737539589 -716997 4
737448804 -88460 1
737385380 -175085 7
737464381 -312009 3
737392873 -195061 6
737478064 -235497 2
737417596 -114401 2
737364156 -72020 19
737507849 -884939 6
737374876 -72595 5
737423758 -507072 8
737377317 -305265 18
-81034925 981495651 14
737469756 -328263 3
737428484 -340671 5
737546171 -2043935 11
737553058 -1926982 10
737451775 -1554030 17
737423124 -62709 1
737429797 -1319294 19
737549040 -3584874 19
737373237 -141676 11
737480073 -1197014 10
737409373 -637208 13
737427324 -200813 3
737441613 -1381186 17
737397292 -443238 12
737513919 -614322 4
737379854 -39029 2
737450406 -810467 9
737513600 -612861 4
737390936 -183456 6
737501402 -2115668 15
737493146 -2522875 19
737525675 -2810404 17
737436923 -1531107 20
737447603 -1134081 13
737485148 -2370995 19
737375632 -290040 19
737422997 -1189995 19
737435107 -971599 13
737402403 -420452 10
737444326 -1595372 19
737555101 -3115855 16
737415871 -888098 16
737435901 -679801 9
737495986 -1491864 11
737524050 -2291563 14
737548514 -1505141 8
737459236 -1582060 16
737427272 -1271181 19
737559392 -1592231 8
737413663 -159888 3
737541870 -2178091 12
737485734 -2131332 17
737545578 -370347 2
737504611 -2163783 15
737504139 -575150 4
737450391 -90059 1
737360993 -4465 7
737537064 -530037 3
737446929 -519350 6
737397840 -599707 16
737418474 -522906 9
737379711 -290260 15
737420708 -1146470 19
737538076 -1421747 8
737508856 -1781865 12
737522549 -1621786 10
737426336 -263989 4
737463346 -308939 3
737526619 -498703 3
737447488 -1742483 20
737558344 -2573841 13
737492892 -265060 2
737539084 -3395788 19
737368506 -81418 10
737479088 -1068620 9
737507360 -293954 2
737450789 -723330 8
737456824 -771644 8
737505364 -869991 6
737521214 -804231 5
737379564 -76722 4
737401486 -411196 10
737507782 -2506129 17
737557700 -3552112 18
737440785 -80492 1
737483481 -2092913 17
737372472 -157429 13
737401108 -203698 5
737448385 -880183 10
737551274 -572774 3
737421359 -365972 6
737443208 -1077085 13
737507433 -1617819 11
737489608 -387678 3
737383126 -182104 8
737496957 -1912403 14
737504995 -1735665 12
737380358 -220001 11
737466394 -2014688 19
737501737 -1413776 10
737560230 -2398492 12
737554787 -1360988 7
737442171 -327132 4
737382100 -43382 2
737360575 -3673 17
737487303 -2538835 20
737383632 -23178 1
737532423 -860347 5
737554467 -970457 5
737428275 -611214 9
737385023 -468573 19
737363114 -38512 14
737470239 -1648043 15
737401186 -449078 11
737527227 -500566 3
737381877 -86077 4
737403116 -85521 2
737486626 -252583 2
737445411 -1275767 15
737374470 -239789 17
737538845 -3569721 20
737363235 -23003 8
737505912 -1164385 8
737489759 -1940864 15
737440747 -803939 10
737412087 -103411 2
737428955 -891745 13
737507669 -2062225 14
737495762 -1895588 14
737445180 -1526791 18
737398784 -576412 15
737448038 -526090 6
737376444 -32123 2
737374278 -278383 20
737422252 -123678 2
737558666 -3965996 20
737389581 -116913 4
737528255 -2686208 16
737410950 -202277 4
737465085 -1780239 17
737496033 -1628017 12
737413255 -264450 5
737403437 -473822 11
737404622 -575426 13
737518301 -1105495 7
737392075 -285436 9
737433899 -514786 7
737391636 -437825 14
737534480 -1218810 7
737442783 -329653 4
737399602 -313954 8
737447690 -873302 10
737419691 -652608 11
737400218 -518160 13
737392807 -129733 4
737369794 -56490 6
737554848 -972474 5
737426670 -729341 11
737433582 -366079 5
737422780 -686506 11
737378197 -178342 10
737522690 -2434976 15
737405573 -180770 4
737520625 -3205278 20
737541469 -543356 3
737537621 -1418011 8
737360553 -1469 8
737560213 -2997824 15
737464322 -1351559 13
737543991 -2937999 16
737552808 -1731921 9
737416028 -834984 15
737534500 -1741311 10
737406763 -928036 20
737432171 -1220697 17
737390417 -570951 19
737500899 -1686418 12
737465398 -1365408 13
737385405 -250428 10
737406408 -552461 12
737481745 -1820722 15
737364653 -34367 8
737432006 -573237 8
737378030 -141361 8
737498609 -691192 5
737482164 -1461640 12
737416610 -1012433 18
737441100 -1453329 18
737401606 -288654 7
737541981 -2361101 13
737380731 -224060 11
737532811 -1034699 6
737530538 -680715 4
737480592 -360727 3
737484072 -2474117 20
737414594 -813450 15
737417072 -453644 8
737404996 -401667 9
737408206 -47834 1
737374141 -68816 5
737480455 -240203 2
737459842 -1890130 19
737451738 -1736065 19
737424221 -255375 4
737400443 -400706 10
737519883 -1754799 11
737509339 -1042910 7
737466575 -955872 9
737391118 -461343 15
737519248 -158798 1
737447206 -607819 7
737508381 -296099 2
737369521 -45733 5
737503753 -1003701 7
737514948 -2627848 17
737521531 -1128170 7
737432933 -1306354 18
737523927 -2126267 13
737516787 -2971992 19
737422146 -1235673 20
737407799 -379565 8
737445922 -1197780 14
737397446 -36985 1
737505881 -2182691 15
737541966 -908033 5
737472808 -224945 2
737454581 -471132 5
737544963 -553719 3
737361376 -6067 6
737373616 -79615 6
737374993 -117052 8
737376651 -65188 4
737518111 -946458 6
737376568 -161974 10
737412815 -629470 12
737536446 -2817266 16
737409254 -537888 11
737386051 -154183 6
737380201 -39648 2
737540131 -1617887 9
737408018 -619472 13
737388715 -56696 2
737365925 -100113 18
737536157 -878898 5
737448314 -527766 6
737487500 -127226 1
737522395 -3078575 19
737397380 -481207 13
737372896 -225583 18
737445862 -1710051 20
737538935 -892880 5
737429647 -1385674 20
737391564 -592737 19
737380449 -341449 17
737509029 -1783919 12
737390517 -211166 7
737393003 -261210 8
737455638 -1238654 13
737481982 -243293 2
737526079 -1822862 11
737455328 -1424400 15
737489651 -1163507 9
737381782 -214165 10
737507642 -1472864 10
737539258 -2325589 13
737514278 -1846964 12
737553783 -967191 5
737410077 -298296 6
737488832 -2569321 20
737406261 -91699 2
737531027 -3413289 20
737454682 -565850 6
737520601 -480627 3
737395132 -695313 20
737520758 -801880 5
737526664 -2494593 15
737401602 -783533 19
737449747 -1340749 15
737462164 -1221628 12
737508296 -1035535 7
737390950 -183489 6
737370868 -94588 9
737505974 -1456187 10
737495957 -1220366 9
737424949 -775069 12
737483398 -369030 3
737486417 -1890875 15
737556659 -1570341 8
737403416 -861065 20
737480603 -2164320 18
737369655 -27791 3
737545978 -2413028 13
737554880 -972572 5
737440732 -1366288 17
737489954 -1943878 15
737411910 -567044 11
737439385 -790140 10
737469950 -1315025 12
737387357 -485815 18
737371661 -101700 9
737402281 -586844 14
737448324 -1319485 15
737456075 -287199 3
737392740 -420819 13
737404557 -883859 20
737494834 -2286029 17
737547262 -2429607 13
737509706 -1344006 9
737453791 -1681655 18
737463468 -1855989 18
737369421 -54447 6
737528867 -2527544 15
737487052 -1646926 13
737509208 -446535 3
737471854 -557490 5
737473108 -338328 3
737412825 -944312 18
737388311 -83880 3
737476907 -932440 8
737524954 -1316822 8
737544075 -2388319 13
737555667 -2734230 14
737468548 -1081774 10
737549011 -565865 3
737421091 -1093172 18
737466479 -742718 7
737478305 -1415362 12
737440995 -1290180 16
737459792 -1889101 19
737509845 -2690758 18
737466066 -2008388 19
737540875 -1083080 6
737397437 -74192 2
737418929 -117107 2
737522709 -649451 4
737453691 -1586560 17
737404924 -534802 12
737508597 -2816390 19
737445576 -170517 2
737549819 -3031376 16
737531451 -1539740 9
737426045 -525520 8
737550684 -2854784 15
737537569 -2126562 12
737393741 -100135 3
737461153 -907107 9
737483083 -1963429 16
737375621 -167761 11
737493471 -2262796 17
737462170 -712733 7
737489798 -1811991 14
737475651 -922281 8
737528709 -1515201 9
737514316 -923637 6
737403387 -172110 4
737365348 -94656 19
737546577 -1117222 6
737447080 -1387420 16
737361168 -12823 16
737415415 -770827 14
737490311 -779658 6
737385742 -431376 17
737402624 -126755 3
737414933 -545727 10
737530583 -1702105 10
737461430 -1920188 19
737493051 -663464 5
737421899 -676896 11
737402176 -459855 11
737448032 -1139603 13
737377666 -51993 3
737446598 -776106 9
595658785 -793175889 7
737546827 -932262 5
737437256 -384473 5
737546075 -557107 3
737544241 -3677551 20
737364377 -56288 14
737537504 -3365695 19
737542545 -3643647 20
737472012 -1563144 14
737486083 -1885730 15
737419314 -353639 6
737440264 -479322 6
737466931 -1918139 18
737468310 -971447 9
737366452 -79108 13
737367263 -75900 11
737481883 -1701190 14
737448880 -1416306 16
737393664 -599357 18
737435704 -1431456 19
737371706 -68019 6
737398778 -576270 15
737462289 -1223029 12
737465029 -1465339 14
737546454 -558241 3
737439044 -1416356 18
737506726 -292680 2
737552265 -3838131 20
737469622 -436936 4
737395718 -565645 16
737362731 -33090 14
737411878 -824226 16
737413694 -640005 12
737453612 -1305497 14
737420409 -1080907 18
737450947 -1811715 20
737453885 -1028693 11
737383784 -187448 8
737423373 -504166 8
737484566 -1242079 10
737542000 -3269452 18
737468735 -2167459 20
737557855 -2369973 12
737452977 -1574344 17
737448663 -971246 11
737493513 -2396706 18
737386749 -184711 7
737366311 -95260 16
737405293 -584172 13
737503924 -1291977 9
737370566 -173389 17
737406510 -369135 8
737557294 -2954028 15
737420431 -420508 7
737544219 -735489 4
737503527 -1288390 9
737413743 -800779 15
737444683 -927527 11
737495233 -404648 3
737418238 -578719 10
737486715 -2021649 16
737549953 -758427 4
737466198 -1270016 12
737559496 -2787884 14
737465192 -524189 5
737459211 -1186203 12
737371835 -80353 7
737431188 -70833 1
737452342 -1747648 19
737533823 -173367 1
737523281 -977426 6
737479214 -475423 4
737375016 -234385 16
737417012 -1132913 20
737373745 -133901 10
737536099 -702932 4
737393464 -397132 12
737446265 -429443 5
737428521 -613409 9
737408625 -530906 11
737396737 -436521 12
737541980 -3632302 20
737525676 -165258 1
737497143 -2325202 17
737526015 -496984 3
737555753 -390696 2
737463503 -412569 4
737413286 -370399 7
737524669 -492821 3
737406085 -548730 12
737391527 -186888 6
737499697 -1672030 12
737458165 -978098 10
737378260 -250577 14
737471329 -1886470 17
737401799 -290067 7
737460373 -1100045 11
737449592 -1159900 13
737389594 -321474 11
737471064 -110720 1
737503445 -1144699 8
737496501 -136209 1
737481638 -1091400 9
737471598 -1890947 17
737547939 -1688129 9
737441841 -1303739 16
737478148 -1295630 11
737402566 -844154 20
737406802 -278681 6
737476825 -1630374 14
737556562 -392348 2
737367997 -122242 16
737499300 -2778772 20
737503689 -2149901 15
737407860 -284984 6
737425666 -783568 12
737454018 -842932 9
737535155 -1048681 6
737451375 -1547298 17
737474034 -1022941 9
737543534 -1648444 9
-580319834 -935374480 8
737431690 -641903 9
737468676 -1408122 13
737436378 -1292354 17
737487848 -2294755 18
737517542 -943070 6
737547655 -561970 3
737540874 -361121 2
737395620 -140996 4
737381628 -191441 9
737472202 -2013007 18
737384074 -450564 19
737455143 -189642 2
737410221 -947230 19
737557130 -983935 5
737512257 -1974713 13
737516193 -2960690 19
737458715 -983597 10
737427377 -804127 12
737463834 -517433 5
737391490 -404603 13
737421985 -554583 9
737399393 -624573 16
737423470 -378663 6
737419707 -356134 6
737508306 -1923318 13
737512109 -303445 2
737503406 -715138 5
737484621 -1863890 15
737362095 -3558 2
737488251 -2557789 20
737553400 -579059 3
737414784 -761958 14
737474573 -1598905 14
737543688 -3666488 20
737403743 -260320 6
737451339 -1546667 17
737558052 -197635 1
737557535 -1971634 10
737365457 -71312 14
737448543 -1587249 18
737489661 -1551598 12
737433143 -1382763 19
737477566 -1289135 11
737420696 -120614 2
737477042 -116582 1
737446040 -1542282 18
737383351 -344913 15
737461169 -100871 1
737388949 -257289 9
737361216 -11155 13
737362027 -23354 14
737427998 -608718 9
737541213 -1265875 7
737410463 -701412 14
737475828 -461935 4
737470018 -328939 3
737506320 -2335295 16
737464987 -1360051 13
737427762 -202116 3
737402545 -759358 18
737475444 -345232 3
737489850 -388436 3
737405705 -408084 9
737463752 -1447501 14
737437474 -77180 1
737431246 -496124 7
737371294 -76445 7
737368249 -126160 16
737363999 -14496 4
737495762 -2437234 18
737426665 -464105 7
737377653 -103640 6
737365802 -76245 14
737373466 -157244 12
737428945 -617229 9
737513133 -458284 3
737538275 -2846553 16
737419045 -410714 7
737471128 -332236 3
737556303 -1763508 9
737480426 -120135 1
737374175 -165829 12
737422228 -1051704 17
737373049 -241125 19
737501078 -1407130 10
737425307 -519618 8
737361011 -2503 4
737372298 -23817 2
737552758 -2693578 14
737476872 -233082 2
737481059 -241348 2
918445986 551575652 4
737467688 -1931918 18
