2
500 5000
4734 8495 0

111 358 1
0
563 4 2
0 1
3631 3 2
0 2
1269 480 0

0 11 4
2 4 3 1
1071 134 1
5
0 10 6
3 0 2 5 1 4
135 682 2
0 6
1 32 5
1 3 6 0 5
1353 1 8
5 1 9 4 6 8 2 3
12 1150 7
4 5 6 7 10 2 3
3072 0 11
7 10 6 9 8 0 3 1 5 4 11
3958 0 9
6 5 4 9 3 8 0 12 10
4 1892 7
0 13 1 3 12 9 11
0 333 7
12 6 3 0 4 10 8
11 612 9
12 6 9 0 5 15 1 3 2
0 1 2
5 13
1 450 1
13
18 1 0

2490 14 2
6 3
0 38 3
15 17 6
39 2263 2
9 4
327 2359 0

7 3 12
20 17 21 8 0 2 16 22 7 15 4 11
1 497 13
24 9 10 6 20 7 15 8 1 16 22 2 19
84 1759 10
4 11 15 1 22 16 17 20 2 12
0 189 20
20 10 0 24 12 4 9 2 14 13 18 5 8 7 1 22 6 25 3 26
152 365 6
22 16 26 2 27 20
5592 0 22
9 15 0 10 5 12 8 14 13 17 4 28 20 22 2 6 26 19 3 18 25 21
0 652 4
12 5 9 17
1843 267 19
4 15 2 19 28 29 18 5 3 1 26 10 13 8 9 14 16 12 11
5 129 3
16 28 29
366 3 28
3 32 31 10 21 7 27 5 28 19 29 20 30 12 6 17 18 15 13 26 16 9 22 23 0 2 25 11
0 281 12
19 25 32 1 26 23 4 24 11 16 2 9
27 1292 15
7 8 26 3 19 4 33 11 2 14 16 20 32 24 23
32 62 14
19 13 22 2 23 8 16 29 7 3 10 0 31 12
3192 1 28
29 10 6 32 9 23 26 17 4 27 24 18 0 36 11 28 13 14 7 5 35 31 34 19 16 30 20 2
369 38 7
6 15 18 3 31 14 32
52 58 9
27 30 8 6 20 21 17 36 29
3576 2 9
25 21 4 20 32 18 30 8 34
155 958 29
0 11 14 27 12 36 6 29 13 30 8 2 37 35 1 4 28 22 5 15 34 26 32 25 38 24 17 3 20
3 985 2
28 1
3781 0 18
24 23 35 40 37 31 19 29 5 25 27 3 11 36 17 21 9 28
8830 58 15
26 40 5 30 28 11 38 33 2 39 21 32 18 4 34
134 0 27
4 34 2 22 15 17 26 29 25 32 9 10 7 35 36 0 39 27 18 3 13 1 8 38 14 43 20
2244 3046 22
45 7 31 41 9 34 13 29 36 44 27 15 38 14 16 24 20 4 39 23 6 28
356 70 6
14 11 30 41 32 3
30 310 8
8 20 39 25 32 42 14 4
16 414 8
48 46 34 43 33 41 36 10
7841 3003 8
43 18 36 26 15 12 14 33
0 0 10
35 2 36 4 18 8 5 37 9 31
0 961 6
21 30 14 0 34 12
6915 2638 9
28 8 5 39 2 49 47 9 43
0 6 18
21 51 0 29 12 11 5 4 49 45 31 10 33 35 6 14 37 20
2 5791 14
23 25 1 29 37 43 46 4 7 41 35 31 0 28
144 1 3
45 8 52
904 334 13
0 11 41 45 51 4 3 29 21 37 8 35 49
0 4722 9
13 3 14 50 51 56 34 12 20
320 79 23
6 45 27 18 38 22 47 23 5 25 55 49 7 26 31 54 50 37 56 21 10 51 15
16 11 24
18 0 40 59 36 10 48 16 24 4 27 53 49 44 9 58 30 55 33 41 43 28 51 50
1354 2003 25
58 41 60 50 29 31 49 43 15 0 17 4 21 37 24 34 5 45 32 1 44 22 6 7 9
1976 1868 17
16 32 29 47 44 31 2 4 6 15 55 0 33 45 17 40 34
673 13 21
57 61 54 15 53 0 9 2 45 28 5 44 46 25 39 56 35 16 42 13 59
0 34 11
5 48 34 14 35 50 18 16 32 59 2
101 3272 22
50 13 22 55 56 45 14 40 7 18 4 3 39 5 31 20 51 16 9 41 23 8
1 0 7
8 9 28 61 23 42 46
4 5746 9
53 9 43 26 11 20 35 29 48
0 1542 1
26
1887 0 0

5611 363 17
44 20 55 50 47 19 37 58 57 22 36 33 14 21 24 69 7
4808 3 30
39 55 3 52 58 63 28 32 48 46 59 42 26 50 11 41 9 17 13 60 0 10 15 14 18 69 25 1 19 27
2492 6029 6
38 62 36 59 17 47
3711 32 13
55 16 68 42 25 37 23 65 39 58 62 34 20
144 4907 5
67 4 63 58 18
16 257 13
72 65 69 70 8 32 55 58 74 1 41 67 63
3703 2298 13
73 16 20 62 25 43 23 45 61 66 17 65 56
18 214 19
5 59 22 49 39 26 57 76 45 56 8 16 29 14 4 52 54 17 43
2 0 0

0 0 4
60 54 42 51
0 1589 7
66 33 71 79 19 45 14
0 731 24
74 34 76 50 59 27 55 4 5 10 18 16 69 80 25 8 64 12 45 29 41 66 19 2
0 7063 9
40 26 66 38 7 36 28 48 37
3 13 4
56 82 23 35
903 107 29
72 28 47 75 69 71 19 54 42 11 36 7 23 1 60 58 0 46 82 15 52 8 16 35 31 27 77 17 26
17 75 14
56 9 71 10 58 65 30 73 2 22 70 25 17 67
1 2886 15
19 9 33 42 28 11 50 79 6 57 17 1 70 32 77
54 932 15
68 58 19 76 83 42 73 78 60 86 49 16 84 75 50
5469 301 5
27 53 51 26 87
84 1 14
74 75 24 36 31 67 18 66 64 58 61 44 55 80
2 10 7
58 18 73 66 43 24 74
0 0 10
32 85 50 71 52 80 82 0 73 23
13 2 7
91 28 32 49 18 15 81
535 8953 11
44 55 82 40 15 74 35 68 87 67 21
13 351 23
65 5 51 55 30 1 35 32 81 6 37 38 29 43 13 80 2 27 9 23 73 93 53
828 0 3
35 64 55
166 37 9
73 44 43 85 72 15 46 40 70
0 808 30
9 76 70 56 30 92 24 4 7 25 8 29 10 63 93 26 23 73 84 41 27 67 91 48 49 52 82 53 88 89
1 1 20
49 71 15 12 52 73 64 23 95 30 26 97 20 88 34 62 36 66 13 27
4182 1169 29
28 53 76 9 36 82 33 83 74 12 60 67 85 68 73 5 92 70 1 71 86 4 51 2 49 58 94 20 45
211 8123 0

2022 0 6
48 23 28 41 30 44
89 5 9
78 81 49 6 17 75 37 43 64
414 1877 1
19
3 120 12
62 12 2 59 54 74 29 69 101 64 82 21
1557 0 21
8 82 76 5 20 102 18 104 11 56 3 45 10 93 78 90 63 36 88 97 27
0 1798 25
36 75 104 52 5 95 78 46 17 71 56 94 29 65 49 51 15 25 59 45 10 19 35 38 27
0 75 23
41 33 83 54 65 50 94 97 2 61 75 92 7 58 89 67 37 55 99 98 59 100 40
72 4 27
27 81 14 6 103 99 69 9 10 15 46 100 47 32 19 34 71 39 51 35 50 83 75 1 79 52 21
10 985 8
4 32 81 36 83 9 46 70
90 247 7
29 106 6 63 22 80 44
1 52 15
72 17 63 15 99 103 98 46 76 109 96 102 25 78 92
184 3 5
49 18 103 23 95
6787 14 20
10 15 111 60 26 109 89 18 77 23 103 55 11 39 102 4 85 32 16 100
7144 2099 7
1 40 35 110 69 42 30
3048 510 17
11 80 79 103 30 29 5 16 61 18 75 23 46 10 43 84 108
4696 5113 19
72 51 33 41 13 95 37 57 39 8 78 81 47 70 43 4 52 62 42
15 1657 8
3 91 74 2 54 28 77 72
393 8 13
58 108 16 11 102 61 109 72 64 101 39 15 90
9097 385 21
112 44 67 17 56 91 30 86 40 68 1 99 78 81 89 3 31 27 39 25 118
0 8945 3
105 5 41
0 399 8
0 68 67 70 66 7 111 94
1954 23 10
107 16 93 74 9 45 43 65 24 108
1447 103 25
1 29 112 109 70 5 42 61 11 23 71 78 10 104 102 47 66 65 43 53 80 16 93 75 8
1479 276 30
31 59 79 64 115 89 29 94 4 20 71 33 30 86 102 85 42 45 78 38 100 99 87 92 110 90 57 108 15 113
65 1908 9
89 93 18 1 15 50 72 7 33
357 2097 21
40 90 12 76 47 22 111 84 96 8 68 70 23 77 95 75 85 59 56 33 99
27 2058 11
84 87 73 42 9 27 50 53 100 65 32
4286 19 22
73 10 74 17 101 50 7 92 104 106 32 81 61 18 111 91 79 76 64 112 52 12
2002 0 2
64 17
20 22 20
85 54 116 113 51 39 90 5 100 91 114 1 44 10 128 112 71 37 92 105
6259 31 28
20 126 66 113 7 52 14 40 16 109 9 50 28 21 130 29 41 5 88 86 89 31 75 68 35 121 103 107
3890 1 16
7 47 111 98 65 25 104 81 2 125 13 82 129 64 57 49
0 90 15
44 55 24 57 0 81 125 123 35 114 37 127 95 92 97
1188 578 23
29 122 98 11 119 25 120 31 56 44 62 48 27 85 17 86 34 67 45 0 89 91 115
6182 1112 14
5 126 124 24 51 129 15 98 29 61 114 50 11 113
1 5984 4
62 26 102 34
66 1071 23
4 77 61 65 2 106 28 113 42 31 46 33 35 85 122 44 88 102 129 127 119 117 49
2778 1 27
90 10 67 85 29 16 60 82 70 33 134 27 9 99 61 108 45 53 21 1 123 118 114 54 52 78 133
23 3820 30
33 23 37 46 96 99 107 120 28 116 8 85 45 54 92 38 72 114 39 71 1 16 106 44 35 67 73 2 75 102
7218 1291 12
8 86 91 139 62 58 26 17 128 14 129 32
21 0 24
111 18 15 21 137 71 69 74 86 5 30 43 32 88 109 105 12 8 11 81 60 72 16 108
0 0 7
45 63 8 81 9 6 136
490 2089 11
5 91 41 101 96 86 29 13 22 71 50
3015 5543 6
123 106 29 42 77 73
0 1 8
89 87 40 143 142 31 13 59
66 0 30
11 57 135 56 33 92 53 138 45 143 28 141 80 79 47 24 18 48 55 133 1 127 137 129 106 16 90 99 85 89
2569 44 23
110 28 54 67 74 11 14 48 34 85 49 79 142 133 123 83 53 1 119 92 9 7 93
1 1 14
103 75 19 98 99 52 45 53 77 80 66 105 130 133
161 33 24
122 140 46 124 129 65 83 114 109 138 64 54 7 25 125 38 108 30 113 9 28 66 29 100
8 21 4
58 89 76 25
856 1182 18
128 119 145 86 71 87 139 62 150 76 72 110 61 78 92 98 102 112
6255 0 29
93 27 142 140 51 145 91 58 111 72 39 92 0 134 105 44 43 123 141 118 66 97 75 100 151 148 19 108 4
2152 16 1
26
282 497 5
132 6 95 80 58
1135 5 5
1 109 110 35 4
75 1 28
67 22 57 4 76 122 71 117 140 114 36 72 103 25 128 144 77 90 9 56 98 62 11 0 37 10 21 18
486 6411 1
62
111 2994 5
24 147 99 36 73
2250 596 30
157 95 132 100 33 143 70 139 1 93 152 37 36 2 7 114 112 120 62 146 89 12 67 133 55 136 148 23 158 45
108 5 18
103 5 118 95 18 88 73 113 124 109 4 30 91 87 105 120 137 157
14 24 29
98 71 47 68 117 124 9 37 128 138 84 126 76 129 23 42 102 134 59 119 39 50 101 48 30 27 92 67 40
8717 725 29
112 83 101 52 84 15 55 138 128 85 99 129 107 115 48 65 24 76 32 36 53 38 124 153 82 88 19 105 61
72 167 23
37 6 159 109 7 15 128 136 38 11 59 157 85 119 43 17 113 45 123 21 118 88 121
6 3 20
66 36 84 155 101 14 124 145 31 142 112 67 147 151 51 54 105 136 146 52
5459 698 22
139 15 135 45 5 42 57 116 85 92 91 81 100 145 115 23 151 105 55 16 52 99
361 2021 9
148 91 62 124 47 107 132 13 116
76 5822 11
20 122 142 123 28 155 4 112 31 40 158
0 9880 2
78 95
43 270 4
126 62 51 139
4638 4941 13
113 46 83 40 58 159 27 47 121 99 109 141 169
173 76 3
122 14 76
7335 0 26
75 73 138 126 6 15 22 58 114 165 150 30 98 156 63 48 104 145 31 158 155 51 109 92 9 19
186 7011 3
80 134 91
1 0 18
75 52 165 49 60 13 140 15 143 110 35 111 150 71 62 173 79 104
0 2499 21
76 160 19 150 126 91 86 58 142 22 69 92 6 21 97 113 112 26 140 104 93
10 16 17
122 52 76 143 151 139 157 83 156 58 108 59 65 63 17 164 105
0 42 15
115 20 139 105 11 35 41 43 148 103 9 151 25 99 69
1 1343 20
107 13 10 100 40 49 78 72 175 44 103 170 102 153 115 14 163 133 86 93
57 9663 0

15 4277 8
5 125 159 27 53 176 106 133
7747 452 23
173 102 110 81 92 105 31 107 14 60 87 25 85 122 16 58 152 114 40 44 20 104 176
102 1297 21
95 33 2 52 87 150 84 144 9 176 38 102 179 6 158 46 77 111 118 24 26
7 624 26
168 85 61 57 66 134 77 164 107 174 170 161 178 136 116 84 69 53 130 78 65 43 122 133 36 21
1106 41 27
163 175 153 83 50 152 91 138 81 151 60 13 54 102 97 7 160 129 92 45 112 63 28 88 0 33 38
1790 0 10
116 101 9 87 160 77 22 105 114 12
610 747 20
0 48 43 146 142 52 110 145 50 126 22 136 138 160 179 156 18 9 144 175
9 640 2
66 104
1691 4539 5
136 7 90 179 107
6571 10 10
51 29 87 117 71 169 41 35 91 46
247 65 27
166 51 8 58 189 107 159 2 22 78 14 178 185 98 163 21 67 138 71 18 26 103 38 12 105 101 63
4239 208 17
107 86 95 65 190 115 46 176 83 19 90 59 5 144 120 109 9
1 1197 25
113 145 20 158 65 82 170 53 187 162 120 18 40 184 149 33 169 52 97 94 159 115 179 136 76
3 21 1
72
381 0 25
137 79 146 154 24 8 19 88 40 179 41 144 175 181 160 0 74 76 60 192 16 33 69 147 170
11 1333 27
177 96 36 176 71 173 112 37 48 147 52 85 67 68 154 132 50 174 111 123 99 186 47 17 130 0 38
0 10 21
68 21 87 109 69 136 61 180 84 39 169 113 147 152 7 67 32 124 127 73 114
182 4 10
163 184 193 72 187 180 88 164 47 174
1222 1116 30
75 15 47 14 9 146 87 12 151 184 125 1 13 120 195 28 95 94 74 66 27 128 41 25 98 115 90 122 186 42
0 4105 12
111 149 122 77 99 2 90 180 192 33 127 66
2 5612 5
36 171 39 99 62
16 3323 1
95
110 353 30
1 113 71 18 171 105 161 28 45 109 95 19 50 79 96 41 53 172 170 146 76 184 177 133 20 165 87 101 159 135
11 97 28
69 55 122 21 93 2 153 148 3 201 64 40 45 0 105 31 38 62 156 76 193 129 91 80 86 144 95 37
0 196 9
26 143 131 40 128 160 65 145 19
5978 72 30
194 31 61 164 196 85 29 143 118 137 38 79 111 183 42 171 63 129 88 44 182 167 103 197 200 35 162 36 150 105
1092 0 1
7
793 22 16
154 161 103 33 60 130 140 51 158 2 190 56 80 55 188 74
491 0 13
15 125 177 39 4 186 146 166 134 59 113 62 83
0 1170 27
129 133 154 73 83 144 2 192 5 175 81 151 141 13 71 47 19 202 149 173 49 114 119 1 96 208 125
441 3251 9
12 114 152 206 82 139 66 25 61
0 29 7
144 161 128 80 209 100 175
177 1416 21
60 100 106 179 173 82 15 124 155 56 53 120 188 108 138 191 170 39 69 118 167
66 2831 28
195 98 89 208 107 113 123 51 155 186 191 65 63 47 44 34 145 43 131 81 95 160 7 168 124 13 104 61
5 448 12
44 171 82 126 166 83 8 90 17 198 176 150
9569 247 16
27 12 137 152 99 40 92 162 53 147 25 203 47 206 126 68
201 3126 26
56 95 148 63 188 74 125 59 55 36 183 19 41 109 107 190 90 15 145 179 117 173 73 212 61 175
1705 640 28
111 214 91 3 88 176 179 125 60 42 130 172 31 67 141 55 99 105 79 122 154 95 168 119 164 155 195 194
2 3 29
113 0 146 197 21 70 151 33 27 122 5 172 147 8 32 165 174 144 44 211 213 10 89 23 118 98 194 126 13
49 0 20
126 138 183 94 106 0 66 130 177 121 21 125 12 135 196 117 71 120 45 43
6246 52 9
59 96 175 137 23 192 118 149 14
230 1128 7
183 84 49 19 107 100 172
298 475 16
25 122 140 194 136 49 191 117 41 2 37 126 114 17 131 139
2571 13 10
167 117 27 174 14 116 121 118 209 69
104 213 14
12 145 188 216 135 82 85 153 62 197 167 95 154 69
1 344 0

2242 1 13
89 121 80 142 15 123 68 215 211 115 189 103 67
1 3477 1
93
6557 37 4
122 125 14 187
49 46 3
220 207 69
4943 23 24
228 135 2 146 176 17 67 143 144 86 136 188 225 209 197 160 44 116 11 213 106 212 9 122
556 3921 13
215 160 217 88 58 210 27 24 96 147 100 199 150
649 29 16
91 68 143 5 157 131 34 18 110 187 142 224 32 16 222 59
1 7917 12
124 25 179 74 113 161 196 77 229 146 159 18
0 4 19
12 119 116 130 57 147 53 212 159 121 153 96 226 231 180 210 36 93 186
877 228 27
2 163 207 64 120 27 119 50 49 48 51 225 220 141 165 58 162 91 204 197 140 146 108 129 78 105 185
0 537 6
132 122 3 180 174 25
135 130 25
47 209 189 193 65 87 145 228 110 196 32 142 30 109 210 183 168 16 72 188 165 45 81 156 3
0 67 5
46 204 200 150 237
2710 6803 1
45
1642 0 17
232 2 168 217 223 205 71 119 183 73 139 50 182 113 100 6 29
0 53 29
205 57 223 70 132 32 75 21 117 111 67 116 186 47 163 226 167 162 130 37 217 143 239 73 168 155 144 52 157
1612 65 2
62 35
207 210 25
73 126 38 134 142 65 95 6 78 225 68 158 136 58 190 44 32 37 214 117 175 22 132 124 167
216 9505 10
4 158 234 47 141 99 39 95 176 197
7063 8991 10
50 161 111 39 213 12 48 85 33 99
64 697 28
169 8 119 189 181 27 212 205 47 188 52 5 144 195 41 12 133 80 61 162 105 222 197 192 230 36 183 168
784 84 5
95 90 165 114 134
0 1 24
91 143 47 210 224 171 147 52 37 10 111 22 196 191 23 46 162 226 159 243 120 117 61 229
2 256 26
190 246 242 234 103 183 59 33 160 69 199 99 185 231 210 56 138 60 44 124 76 62 133 49 36 71
222 1577 2
55 89
15 135 0

7754 569 17
36 146 10 132 187 160 180 111 28 177 27 56 211 62 172 112 97
25 1166 21
155 177 28 248 44 95 133 20 234 18 125 249 202 16 204 83 203 137 91 103 221
5247 9253 7
75 174 135 3 143 182 117
321 0 28
129 12 112 142 51 212 82 125 3 40 4 53 154 133 130 121 228 22 122 46 208 27 18 83 113 69 17 196
200 1525 23
38 216 75 10 23 171 32 80 127 175 81 159 179 51 185 47 189 24 150 114 230 184 11
5250 213 27
83 152 86 10 75 77 199 236 217 242 20 37 120 76 67 134 34 195 227 48 198 253 210 154 149 12 113
1266 8 3
44 114 150
2 0 16
181 147 153 111 14 106 35 232 127 84 8 145 129 99 146 12
217 101 24
168 80 40 156 83 135 217 132 238 113 82 193 74 149 187 19 21 167 103 128 213 110 124 41
6793 278 10
45 206 37 66 256 137 85 225 162 88
18 2172 17
135 75 236 48 47 49 209 150 259 222 88 22 101 155 104 192 146
4 4603 27
31 72 48 93 160 49 129 202 100 113 150 1 148 38 26 210 45 128 114 33 7 132 117 155 135 16 75
7558 8832 6
213 225 114 169 79 17
3 0 20
181 247 56 92 132 13 233 129 58 115 39 157 252 97 3 239 177 179 128 261
82 32 12
1 168 153 148 194 176 198 241 85 265 69 84
1 51 4
149 86 84 162
8 64 11
209 249 176 162 57 40 69 262 45 91 163
62 4420 28
8 168 108 153 85 233 39 58 224 265 127 211 128 38 175 37 17 205 197 46 241 27 244 151 238 228 133 65
6404 0 18
57 128 102 120 73 132 191 18 265 22 146 6 41 229 241 181 148 110
3775 5 11
134 221 141 4 226 50 7 116 151 202 82
872 256 5
155 160 162 223 70
47 0 7
165 65 33 241 76 19 15
3 11 13
28 168 267 110 53 184 8 273 177 147 86 241 0
71 535 25
72 96 204 211 120 62 107 21 85 7 79 134 182 16 33 31 146 29 24 59 223 247 117 75 229
2776 23 16
114 106 88 261 275 247 246 54 72 252 73 97 30 199 220 217
9 3122 24
263 190 270 239 69 274 74 268 257 159 112 53 153 77 142 80 18 177 32 191 34 128 172 158
0 3 13
94 133 154 207 74 183 34 42 39 268 45 111 91
1728 2754 10
178 255 163 231 260 239 44 135 246 104
8605 240 26
207 20 146 251 198 46 245 116 203 202 208 5 114 205 65 13 77 266 137 10 151 32 246 140 100 177
74 1175 9
193 198 225 142 201 168 70 50 30
0 1 9
193 51 18 123 33 159 266 246 149
1 270 4
145 75 105 10
210 445 19
142 121 73 165 158 100 19 236 30 89 145 215 133 164 256 267 174 98 117
50 1565 22
130 227 46 99 70 237 122 143 16 65 120 43 219 135 244 18 188 241 202 242 50 231
1570 808 17
113 126 9 146 214 260 179 83 95 225 156 130 235 43 262 218 29
638 2373 24
39 90 92 106 188 56 280 142 195 196 24 225 284 154 194 181 54 205 31 18 212 147 183 158
917 45 15
121 285 253 130 178 8 135 6 162 11 141 223 181 89 264
306 169 4
14 272 186 184
1784 0 26
117 7 99 164 14 3 103 170 76 38 60 75 118 53 104 54 199 97 247 55 50 106 249 119 15 227
6 3146 9
280 199 230 46 241 124 247 286 231
11 24 13
262 242 127 8 166 26 175 151 185 77 76 61 28
1345 87 7
228 203 108 130 261 10 157
417 39 6
233 268 32 225 229 50
162 109 18
62 0 168 252 79 122 223 46 101 48 105 97 8 267 61 212 99 232
325 55 2
31 183
4413 40 23
29 74 136 93 138 124 103 234 141 268 190 194 257 195 95 180 44 110 31 146 131 152 56
0 86 24
182 177 64 154 11 106 186 253 191 155 208 145 60 112 95 52 174 248 24 126 125 156 114 162
7718 2 28
15 238 45 151 264 233 250 266 159 70 256 231 269 130 66 51 225 59 245 218 289 35 102 260 217 137 78 44
2429 4447 17
181 16 8 293 232 2 42 182 150 242 110 79 258 163 115 208 263
37 22 8
131 152 79 300 81 230 262 103
9172 85 2
63 172
47 2751 18
229 22 64 8 123 32 238 186 83 192 233 278 107 224 48 37 263 149
3380 260 5
298 107 225 5 64
155 1052 22
221 189 96 136 111 220 178 237 162 186 250 53 139 28 55 80 102 173 269 116 70 167
6684 6540 18
215 294 75 63 299 274 257 190 270 233 171 219 293 96 217 76 101 34
9078 465 30
260 78 240 236 207 195 95 223 151 171 24 86 116 193 141 245 241 5 36 201 128 182 219 108 8 79 215 294 283 185
5595 28 6
118 253 194 99 113 261
0 2397 21
197 113 109 215 139 236 184 208 173 114 253 250 73 105 194 216 203 16 169 118 180
1050 1 0

2816 35 18
10 57 13 272 255 6 291 1 242 268 273 222 251 75 302 297 16 163
391 7690 17
146 86 230 245 19 73 28 107 105 276 51 288 247 52 142 210 284
1506 2709 0

66 0 11
107 151 130 19 180 193 220 276 38 141 111
1 455 24
102 143 56 308 98 135 55 217 123 104 7 74 296 174 222 294 207 38 156 301 27 79 213 77
2 300 20
85 167 216 130 233 300 36 251 79 234 87 18 14 106 217 41 13 173 175 143
74 12 30
131 223 64 155 93 24 246 54 6 235 188 280 213 202 50 111 271 174 289 313 112 92 116 75 261 88 165 244 241 300
72 17 24
126 93 168 225 238 315 16 50 14 12 107 37 236 273 144 305 245 158 1 263 78 160 237 287
3532 105 11
260 163 38 142 100 34 132 298 184 4 152
9 0 25
191 79 276 117 218 155 272 98 263 68 169 21 1 174 219 313 220 119 292 73 40 315 238 314 308
34 5025 2
294 238
67 1180 5
318 96 170 80 259
0 2278 12
162 64 300 54 63 215 43 240 190 230 188 204
3339 6164 6
109 295 53 116 94 297
0 36 11
260 213 244 305 236 256 77 307 107 294 265
317 41 16
162 10 75 173 103 136 122 106 51 168 94 241 277 52 91 223
15 4088 12
214 202 227 286 93 209 1 161 8 157 285 200
173 120 20
129 277 216 156 213 103 195 272 176 22 187 112 324 190 102 178 91 55 262 287
2480 0 16
238 8 124 111 72 198 263 237 146 100 42 129 199 160 130 13
7347 1798 17
92 219 284 248 141 41 148 254 126 223 306 205 69 204 0 103 194
9583 66 3
325 95 17
220 0 12
322 133 276 58 53 123 329 146 67 165 134 257
1 209 5
84 14 168 97 33
0 0 21
249 220 71 116 160 35 313 187 78 11 171 72 285 310 281 13 131 74 19 115 318
1231 1283 12
242 22 297 159 39 255 37 134 275 103 333 189
71 4363 3
145 132 102
23 0 17
185 107 315 282 6 18 312 127 291 325 11 14 74 130 335 108 283
111 601 25
148 290 311 73 200 22 88 246 101 63 273 151 96 122 125 271 299 102 30 20 306 168 224 315 70
3 0 10
293 240 20 62 4 183 237 281 226 19
3591 174 5
142 162 32 317 212
480 0 8
152 75 37 154 13 102 171 182
843 3619 6
235 46 113 190 65 22
48 0 17
119 232 327 74 181 67 331 39 257 106 66 293 84 185 100 70 219
3211 348 29
18 160 91 218 109 83 144 68 42 22 165 25 316 275 84 79 121 334 335 274 207 313 10 245 124 304 47 159 287
790 0 24
126 318 316 260 35 44 151 219 70 324 227 310 155 296 217 278 3 273 1 145 169 255 166 228
38 16 29
137 275 128 71 191 143 339 126 276 152 132 179 334 225 244 217 81 303 291 57 127 51 157 282 222 86 134 180 270
0 2554 19
102 10 182 21 178 60 345 37 334 133 171 346 244 214 85 174 231 95 96
9 1 9
99 276 338 120 137 129 243 200 222
0 20 7
307 207 326 270 209 151 185
89 2 2
202 325
6 1 13
91 126 196 192 13 251 71 281 333 65 261 294 63
2342 1162 17
34 117 272 9 17 158 290 328 175 133 286 22 114 252 107 61 171
669 299 14
105 148 287 162 83 352 19 192 169 168 221 101 174 292
2 4229 2
351 299
1020 11 2
178 72
11 6098 0

90 1701 30
102 136 308 232 215 101 26 137 338 55 104 94 229 45 54 352 161 204 203 91 119 301 92 6 174 291 302 12 20 64
4872 2 1
159
2325 215 27
212 331 251 144 146 10 29 182 100 2 279 1 263 83 224 113 90 273 47 105 200 49 36 184 164 82 168
2 442 20
58 208 75 34 141 262 51 98 180 49 281 255 63 189 196 233 242 217 33 110
23 39 9
200 134 204 77 300 197 219 227 139
3656 7 8
28 333 179 62 176 79 97 178
5768 46 17
358 146 13 253 111 172 323 114 40 218 66 336 190 329 350 153 356
27 142 18
95 114 340 159 187 289 171 172 145 347 357 96 78 317 12 148 170 67
135 0 8
349 170 95 30 237 335 55 285
4649 1937 21
303 300 4 180 77 204 348 100 170 292 354 30 358 51 108 296 329 289 75 190 63
0 405 12
68 238 31 220 247 294 261 19 149 134 94 175
3888 568 30
18 17 299 122 173 228 280 69 87 163 41 247 246 286 152 64 363 115 95 125 171 319 11 175 110 199 159 295 279 343
405 17 25
75 46 245 128 127 220 322 324 183 21 199 117 143 264 247 107 27 357 217 125 111 51 2 350 112
26 7377 29
340 349 242 192 135 97 317 361 278 37 343 253 4 138 359 224 188 368 249 309 353 125 57 219 230 238 336 263 59
28 71 21
186 231 264 247 162 354 363 219 308 216 345 168 349 180 328 310 343 321 197 239 101
0 2337 8
91 352 191 365 331 295 356 358
119 5 23
159 358 32 157 233 292 210 178 106 343 219 232 22 266 346 367 318 170 141 92 231 127 243
1173 53 17
280 332 118 202 132 62 164 200 95 187 93 249 149 322 323 146 184
526 0 28
246 33 29 344 264 334 64 9 269 189 21 93 30 354 253 285 12 251 141 42 183 23 37 243 317 164 44 346
476 9369 18
322 313 299 325 215 40 18 306 272 261 288 187 355 167 119 216 337 102
108 0 22
261 345 296 366 267 24 227 362 269 74 115 90 35 59 212 232 174 94 61 231 160 134
0 117 7
353 198 280 136 96 335 49
138 4265 14
214 46 114 221 371 79 237 255 28 298 159 151 356 226
15 693 24
243 75 7 334 277 90 174 165 89 212 195 100 114 47 254 181 237 225 95 97 358 76 111 291
1 1 12
97 159 366 317 32 67 103 188 216 282 24 291
4 1614 10
367 354 281 148 317 194 153 198 103 213
11 172 9
295 111 236 278 185 286 74 196 116
13 617 18
206 85 297 304 159 54 291 221 311 236 187 158 124 357 312 212 22 80
19 0 29
13 162 266 323 141 113 294 218 74 67 106 46 341 137 357 300 140 167 291 126 115 64 77 354 203 312 35 344 244
1508 5019 22
343 57 258 298 345 294 76 92 53 44 0 131 167 327 62 161 322 303 221 93 243 166
14 4165 19
358 257 85 136 323 167 282 224 35 209 144 109 208 250 280 218 265 123 273
0 15 10
351 382 169 3 13 194 224 262 267 357
18 795 29
77 127 14 244 378 184 309 325 43 157 277 260 186 12 349 99 165 310 98 60 193 280 303 6 321 251 347 88 340
20 3 25
233 379 225 266 108 151 160 368 126 309 61 31 317 181 121 375 257 370 295 89 66 298 73 241 319
10 114 27
22 19 385 334 4 288 145 269 210 18 243 330 135 342 317 85 234 138 21 303 56 34 233 132 143 183 270
6 3 9
2 190 154 73 246 39 169 160 289
221 2509 12
213 257 156 261 135 381 227 319 64 129 141 192
4710 1134 1
117
23 441 30
43 304 150 229 226 117 74 272 219 362 338 387 104 341 184 5 114 46 365 239 240 268 31 9 96 342 168 127 356 13
1839 48 5
267 50 174 192 194
311 9 19
203 168 43 178 287 184 101 268 124 328 9 236 75 71 340 320 252 299 37
651 15 30
98 129 10 25 322 314 342 286 48 215 0 294 233 199 207 177 57 387 86 108 52 89 179 42 361 21 162 203 228 346
46 2735 1
307
3665 2144 30
342 126 186 152 108 292 346 87 46 260 59 143 34 275 225 267 149 12 160 199 387 205 86 304 1 240 8 138 173 285
352 1004 4
146 74 72 237
4 23 24
351 35 48 360 241 31 8 101 304 18 209 19 328 113 2 143 1 255 103 279 20 369 100 300
920 766 12
317 363 47 360 59 390 380 213 263 115 391 212
10 532 23
329 19 51 268 266 382 129 243 160 124 373 305 280 71 294 169 386 55 383 138 113 252 38
133 1204 30
355 402 208 63 171 202 7 31 265 80 157 299 172 87 14 127 155 18 314 116 226 346 390 248 180 112 336 225 137 327
0 4006 18
249 131 175 282 287 346 21 141 10 105 16 259 387 124 379 44 183 40
5892 3 9
361 95 229 132 72 248 153 122 243
3041 2577 24
218 324 64 267 364 229 237 165 225 361 292 378 18 240 352 286 320 394 213 141 365 341 13 195
9418 14 12
37 86 354 326 176 174 240 141 185 248 98 163
1812 2 14
319 200 300 135 364 34 243 84 162 148 307 220 370 351
2564 910 11
139 239 99 291 390 150 348 221 117 164 44
0 161 4
273 9 236 7
114 4551 30
33 202 282 262 127 246 273 89 358 225 321 118 270 87 203 188 10 75 93 176 32 103 243 230 60 259 160 278 116 162
247 1 19
228 255 383 356 245 395 41 313 320 42 296 24 307 58 60 194 378 111 270
4 5955 18
82 250 256 91 339 286 159 68 371 26 400 389 213 292 343 177 96 61
0 1087 22
142 274 201 226 36 304 195 110 353 44 102 262 87 178 303 40 268 221 98 164 280 357
43 1830 17
43 206 326 284 250 94 258 262 83 169 321 54 242 376 24 23 110
1 0 5
160 132 191 404 372
1602 3402 8
174 389 100 34 76 160 61 291
10 0 12
137 393 55 70 88 51 189 5 389 260 199 413
3587 6439 28
312 307 19 373 144 231 100 414 38 16 178 352 95 400 341 258 125 338 214 409 85 401 54 268 91 299 257 406
0 258 9
151 292 361 260 253 273 339 40 8
21 357 23
280 18 50 79 44 182 367 339 87 116 172 131 258 180 385 238 216 420 194 358 11 136 4
0 0 11
414 182 320 406 260 371 280 100 1 79 301
8740 286 23
224 52 187 41 43 340 113 122 258 135 324 424 192 252 233 263 262 326 151 2 396 320 185
3 5 21
60 21 165 278 132 408 388 11 334 33 237 389 32 116 422 301 135 122 208 398 355
139 1 11
409 262 244 340 305 347 379 60 184 181 252
7038 504 2
286 407
102 2409 1
96
209 553 29
106 69 10 311 260 24 205 178 134 395 296 12 18 322 242 374 90 165 68 3 43 94 130 426 35 139 369 80 161
0 4196 2
53 373
4796 10 9
379 141 36 88 5 111 308 312 205
70 188 25
115 189 212 218 415 275 238 376 92 152 7 364 329 129 380 38 356 381 155 196 322 184 340 187 208
979 68 7
12 341 19 47 7 186 46
258 10 19
199 332 40 119 410 327 36 376 269 69 246 172 54 229 95 86 17 368 126
24 250 20
45 276 272 188 335 99 284 47 137 177 48 44 92 39 243 70 15 111 195 221
0 60 24
55 308 219 354 117 397 385 299 296 31 272 338 100 174 28 103 290 323 19 392 295 51 158 37
2895 507 21
134 253 239 249 97 300 114 404 362 397 61 141 437 274 301 365 65 83 250 350 43
16 694 24
396 134 33 237 332 308 253 158 173 340 196 48 423 138 306 438 150 22 421 104 170 95 286 335
0 125 10
111 29 166 319 233 262 235 36 32 407
6869 1021 0

9151 6 26
136 335 234 138 394 221 95 224 386 402 92 420 206 5 407 18 210 122 235 329 216 158 15 296 111 188
779 0 0

2 0 25
388 301 313 351 45 393 134 110 290 276 258 238 416 141 132 364 443 270 152 304 310 156 269 227 77
89 1056 1
31
362 0 22
232 33 21 265 215 49 413 151 23 322 353 341 274 189 85 373 187 214 284 4 220 365
8384 6479 18
327 102 337 384 13 377 89 350 151 226 134 329 156 65 52 372 437 111
4 1032 22
171 415 88 221 164 263 371 219 107 1 348 387 257 232 120 281 83 122 398 416 384 272
47 464 7
380 118 106 215 51 418 419
154 6006 2
252 340
6524 1590 10
335 272 29 173 105 392 423 137 141 198
2 3502 13
264 27 372 167 31 185 150 208 321 320 25 216 67
102 9 0

2726 107 8
401 100 75 228 310 329 397 94
1 0 23
234 170 440 340 86 272 309 247 219 165 406 134 139 431 85 378 112 450 329 5 197 75 67
0 10 15
87 206 364 181 105 103 339 210 275 410 241 19 310 1 418
2751 92 12
277 251 341 423 78 427 439 432 360 50 235 296
9174 33 28
149 76 316 326 300 235 251 318 409 10 35 183 218 236 203 367 435 324 377 394 243 91 142 276 230 420 426 241
1625 757 1
325
18 9739 14
92 287 358 181 27 60 291 34 361 179 113 370 38 95
575 156 27
400 320 22 411 413 286 329 90 147 214 177 164 361 32 116 455 61 162 325 279 429 12 405 128 439 304 197
9158 3318 18
186 404 235 38 381 46 400 452 351 152 5 6 322 291 332 167 427 3
7256 1 27
328 118 124 148 133 417 65 267 17 278 83 240 393 226 361 93 42 79 377 41 231 456 325 47 213 215 258
348 2704 24
428 171 449 323 165 167 277 139 210 64 103 255 375 163 209 383 86 227 402 180 15 20 65 10
56 5050 0

65 38 14
339 46 256 30 307 298 86 269 169 439 362 148 75 153
494 264 3
235 312 53
1208 29 30
197 363 172 152 274 373 440 180 279 323 284 153 424 190 379 49 133 112 355 438 447 402 118 366 298 467 88 10 113 91
8138 28 13
282 20 436 150 103 343 320 438 231 60 283 459 393
7519 0 1
403
0 7187 14
376 421 267 228 313 335 157 81 303 206 283 393 344 386
33 3386 19
279 147 467 177 251 432 40 326 274 39 17 115 252 445 192 449 314 359 127
6 0 0

304 72 5
78 27 397 265 338
6234 232 19
334 288 407 468 67 267 155 84 83 17 88 144 358 380 404 428 123 156 293
13 44 22
246 39 433 319 100 452 240 34 20 263 24 233 455 234 231 60 465 161 122 397 373 26
683 1 18
6 216 206 236 294 133 234 414 269 140 441 98 170 112 229 370 416 357
1060 2 17
170 93 324 247 359 157 220 349 366 344 136 474 129 436 466 452 406
4 3 22
44 33 88 360 122 229 410 431 405 241 287 411 163 422 239 401 76 334 395 167 436 62
0 0 3
81 145 120
44 0 1
54
1 915 10
105 298 412 414 315 184 94 312 388 42
6308 159 7
254 74 285 2 328 13 327
92 496 28
10 292 339 107 60 289 260 58 391 354 465 320 146 202 318 70 104 19 199 204 67 458 338 117 233 452 447 406
1749 19 29
270 39 357 82 348 368 434 56 305 9 306 460 462 371 188 339 198 139 43 375 349 221 285 211 23 278 262 206 254
1389 2443 26
348 84 318 335 89 458 483 212 81 389 237 432 251 448 449 376 19 303 468 370 166 150 395 471 29 16
867 3235 21
337 113 5 241 416 456 0 24 275 88 361 303 340 25 244 217 299 182 375 296 26
0 636 2
66 439
1133 1 13
239 94 328 322 8 284 350 367 226 192 69 54 376
200 5436 22
283 118 388 251 352 428 60 194 294 177 416 80 322 353 417 372 64 93 54 233 37 7
2036 6 4
369 424 338 104
1096 269 18
399 35 72 173 110 464 487 216 135 362 65 368 194 317 420 151 66 329
30 6323 30
80 335 325 264 476 210 91 241 181 172 301 35 218 147 359 331 138 105 24 470 101 430 414 152 108 170 123 385 17 129
6273 108 12
345 34 329 276 116 148 469 9 129 112 483 215
3972 56 4
494 127 181 484
0 0 3
235 321 225
2611 0 20
304 273 289 107 180 367 464 219 182 48 456 468 99 347 72 92 241 300 472 363
26 6 16
368 334 164 238 35 447 313 393 389 47 466 161 241 271 137 284
594 675 8
56 402 272 336 446 33 430 53
