1
500 5000
1039 0 0

517 5029 0

3 5527 2
1 0
6581 0 3
1 2 0
2579 1208 1
3
0 8 0

3 2200 3
1 5 0
230 508 1
1
3881 6169 2
6 3
0 2042 0

75 315 1
2
1316 0 2
0 7
0 13 2
7 0
5316 20 2
6 0
70 3346 3
11 1 7
2 6577 3
1 11 7
17 34 1
12
35 146 1
9
513 1868 2
13 7
0 0 3
6 3 2
5478 492 0

2 39 1
1
11 11 0

5506 8301 0

75 10 2
16 6
96 1026 3
18 21 14
62 7406 0

7496 178 1
6
2 113 0

1064 726 0

3050 143 0

69 8052 0

146 1300 3
17 23 15
5830 81 2
18 29
2932 0 2
20 30
0 17 2
19 34
12 2976 3
20 5 2
3438 90 1
3
0 2529 1
36
1696 18 1
17
1 119 0

52 10 3
6 16 26
522 0 1
2
1129 7047 0

8773 1992 2
11 1
5463 0 3
9 10 16
0 52 3
11 45 18
91 1109 3
13 46 37
0 3 1
30
13 2 1
31
55 8482 1
31
17 1 2
36 0
3540 1079 1
17
965 488 0

5212 2774 2
33 28
16 27 0

247 19 0

23 1931 3
22 56 12
4 9749 0

0 3063 0

0 291 3
22 18 5
1 1663 0

2092 717 1
56
1736 1 3
41 16 17
0 4960 0

1 0 1
49
3749 1433 3
8 63 35
3419 0 2
7 36
0 180 2
50 34
2100 4296 1
63
88 404 1
67
0 43 3
58 5 23
864 0 1
4
6 6 2
53 59
1 6620 3
66 15 51
1530 127 0

177 731 0

216 55 1
33
0 816 0

30 5199 1
31
3 325 3
40 61 46
195 0 3
25 50 24
621 493 0

1362 0 1
80
2 6 2
66 54
1460 3043 2
77 0
499 43 2
32 58
650 9408 3
32 48 63
0 880 2
81 53
2 5 1
46
1008 1156 1
68
604 896 3
37 81 71
5347 10 1
5
0 3734 3
38 11 64
3997 65 3
61 2 48
27 14 1
79
1261 0 2
84 19
1005 27 1
68
5 6528 0

0 9 0

4248 56 1
97
1010 1529 2
100 68
29 113 2
76 68
6974 612 2
3 74
6519 22 1
4
0 132 2
51 95
1198 0 3
76 89 71
1762 2458 1
97
0 1031 2
82 64
0 1019 3
32 9 42
0 2006 2
89 95
5070 349 2
87 17
10 293 1
110
5 2 2
10 8
131 0 3
66 57 42
1 134 2
20 38
0 831 2
101 112
38 0 2
112 70
1641 34 2
34 99
158 74 0

0 148 1
7
6 0 2
120 59
1 312 0

742 853 3
84 95 114
18 25 3
21 103 62
7050 0 3
77 4 52
9321 2 1
117
126 3923 2
93 86
8 835 3
17 33 60
306 3 3
41 52 111
3424 631 3
111 18 2
1523 236 1
38
14 0 1
120
503 0 0

1135 31 3
27 127 103
1697 0 3
45 15 27
7 5 1
134
929 8 2
79 89
266 1948 3
68 70 136
619 757 3
107 79 62
1460 2937 0

0 3631 1
78
1 130 2
106 30
167 1193 1
46
34 845 1
24
2 6446 1
143
2 0 3
28 72 124
330 98 3
96 61 27
3286 46 2
137 51
5383 35 0

30 3541 2
13 5
6 2817 0

455 2 3
45 19 36
2 6880 1
146
31 105 3
103 149 56
142 0 3
127 46 143
2616 251 2
84 65
0 198 2
120 108
4 941 0

12 1 2
128 119
4985 1360 1
122
95 37 3
120 142 23
200 9395 3
90 6 8
0 1193 2
74 111
3418 5059 1
115
354 0 2
54 33
0 7 2
54 22
0 42 2
72 14
2261 1 3
143 34 37
2950 43 0

48 491 3
166 105 113
7443 1 0

164 351 3
47 13 149
0 87 0

3756 2 2
75 52
17 609 1
83
0 0 0

423 22 3
146 121 88
2188 28 1
164
3461 6431 1
49
495 5 2
47 6
25 4 0

783 0 2
15 47
715 71 1
57
45 3777 3
81 6 133
205 1 3
45 118 105
1442 0 1
11
22 0 0

7 1772 0

894 5646 3
14 49 57
5 3837 2
111 3
154 0 2
150 154
0 8902 3
1 57 10
1078 172 3
41 69 137
4947 4295 0

4 345 1
144
1675 3439 2
128 167
7 2425 0

287 2140 3
191 45 194
0 3199 1
75
44 0 0

9 1123 0

2240 0 3
137 118 18
9131 9 2
118 135
125 88 0

3852 1473 2
105 146
8351 0 0

407 5170 3
109 46 108
351 0 1
92
454 56 0

5 1280 2
158 160
7484 2652 2
138 38
2 5159 3
50 189 76
653 103 0

222 2527 3
134 85 144
0 5392 1
128
6 13 3
188 146 164
12 7536 0

882 162 1
44
698 588 1
107
2679 2966 3
116 113 58
2913 71 1
87
162 8814 3
23 16 97
17 4 1
50
306 9304 2
36 215
174 0 2
28 159
8504 0 2
71 4
0 1 3
9 111 32
3277 4476 3
74 136 189
753 849 0

737 916 0

187 2598 2
114 77
20 27 1
175
281 1867 1
70
3926 8450 2
97 202
546 2 0

2 80 3
63 171 54
1950 64 2
45 177
9034 23 2
57 81
7475 449 0

12 25 1
46
23 908 3
193 134 164
465 8874 3
140 130 62
826 8 2
106 69
109 60 2
90 187
343 444 1
37
392 8434 0

30 5051 2
188 195
50 0 3
223 210 87
11 5874 2
246 115
400 188 1
152
0 0 1
106
412 66 2
66 233
108 216 0

15 4067 0

6 355 1
27
24 1397 0

1 281 1
143
6135 0 1
241
28 26 2
89 48
906 1 1
115
75 164 2
181 8
499 1 2
252 112
7325 6193 0

1879 26 3
74 28 165
1 1618 0

784 241 0

176 64 1
127
55 757 0

8 38 2
105 36
0 854 0

437 0 1
208
246 8952 3
263 206 22
2933 78 1
75
4779 3 1
108
15 0 0

646 2161 3
251 167 229
0 116 1
34
602 222 0

71 8741 2
64 14
7 1 1
144
9 0 2
237 201
1049 2081 2
34 238
161 3781 2
46 276
79 10 2
137 81
1 2830 0

0 4 2
67 128
71 209 2
13 98
1 32 0

42 2642 3
147 16 97
122 1235 3
241 111 55
36 1737 3
106 276 162
17 5344 0

2026 1 3
256 0 141
6676 14 2
194 208
11 2 2
90 136
5162 256 1
77
11 7121 0

732 4996 1
19
42 0 1
92
0 1518 3
236 162 188
561 5669 3
278 238 198
2188 9 3
221 241 21
350 0 3
59 113 107
15 538 1
5
20 3 3
265 167 173
449 2 0

168 1181 1
206
0 53 0

16 41 0

1436 1717 2
309 191
668 0 1
2
4692 6 3
175 294 260
3 361 0

9940 251 0

920 1 1
72
76 5285 0

1551 11 1
128
1648 1192 2
65 247
1828 2446 2
156 248
0 367 1
80
224 1709 0

1 555 2
105 79
2 124 2
6 275
465 71 2
104 299
6 3093 3
318 209 37
9 8796 1
199
50 328 1
201
10 1124 3
77 304 88
801 93 3
287 139 162
2 723 1
268
3755 6985 1
322
0 114 1
29
23 245 1
21
7 0 1
193
860 15 2
35 105
2692 354 3
0 31 251
6 127 0

1 115 1
40
5188 1 0

0 268 1
236
42 34 2
0 49
1609 3147 3
132 43 219
244 0 3
92 139 73
68 25 0

0 5 2
46 284
1 2 2
331 76
647 48 3
249 126 102
1117 0 3
47 115 77
6770 177 2
130 254
95 713 2
129 185
12 758 2
15 311
5033 9302 2
317 78
63 892 1
73
3 34 2
272 217
1 0 2
199 207
3761 25 2
123 293
721 399 3
151 175 65
2262 531 0

1187 34 3
218 184 214
6 448 1
334
7004 1599 2
98 105
794 1 3
249 169 346
7738 0 2
86 334
482 2000 3
252 290 169
3107 0 0

899 8010 0

1147 3 0

2 3 3
51 185 284
224 77 1
16
7747 515 3
189 255 47
277 231 1
104
0 5 0

8 631 1
3
1615 7 3
188 235 137
8038 7032 3
65 347 288
1 0 1
305
1 1526 1
161
0 175 0

226 6947 2
70 292
2 2 1
317
2174 8327 1
239
6685 111 3
369 158 304
215 56 2
309 318
24 207 1
61
134 6027 3
233 297 180
2 57 2
322 198
89 1660 2
237 303
1 2200 0

367 5222 0

0 12 3
374 258 61
23 1 2
180 136
2822 0 2
180 187
1344 140 2
170 255
10 2562 0

7477 0 3
355 356 343
237 724 2
117 394
2813 0 0

436 7 1
70
54 88 2
33 395
463 183 3
321 32 95
0 19 1
279
0 1188 1
370
18 593 0

1 823 1
34
93 1676 2
207 326
316 0 2
78 27
1 2659 0

1 194 1
48
1001 1 1
216
22 5 0

1 0 2
270 173
6413 1519 1
131
10 121 2
234 59
85 0 0

0 16 1
49
390 1 1
322
8 249 2
42 139
913 114 0

885 2105 3
216 136 339
3471 546 3
189 314 185
5426 7010 0

184 723 2
149 163
1 8773 2
393 292
8083 10 0

3 1 1
407
65 13 1
314
526 3530 0

1 5225 1
198
487 139 1
289
11 127 3
148 254 194
0 6461 3
78 129 236
3321 2067 3
431 243 57
0 0 2
354 82
425 21 2
266 170
0 2189 1
356
1 912 2
151 390
15 7 3
138 152 267
81 33 3
166 64 336
2543 1 0

16 0 1
369
68 2052 3
49 173 421
4422 766 2
206 73
377 5 2
346 420
2 329 1
118
621 33 2
385 185
17 29 3
365 425 243
0 11 0

36 4471 1
353
78 0 1
305
0 34 1
244
7 2488 1
297
17 75 0

47 0 2
168 346
3439 2822 2
29 82
130 540 3
2 88 383
6129 760 1
285
4284 0 2
28 350
18 279 0

0 65 1
197
2377 698 1
68
534 938 1
332
1 0 3
451 100 4
14 752 1
433
467 55 3
388 443 305
4480 0 2
325 116
943 1152 0

0 2125 3
310 193 122
2706 1562 3
334 95 65
4059 0 1
409
0 5191 1
114
0 2 0

1 2074 3
248 131 114
1092 228 0

706 6729 0

1237 102 3
130 177 54
2805 1183 3
472 196 243
1 440 1
37
2176 2703 0

82 3017 1
439
31 1286 1
174
5902 9 1
395
4069 256 2
413 51
0 5037 0

239 6848 1
310
8657 2037 0

0 268 2
27 92
110 96 1
436
24 6037 3
346 105 78
12 4823 0

1066 9663 3
9 337 422
42 0 3
386 178 226
3 72 0

0 3057 3
467 468 389
318 1209 2
2 165
25 3098 3
74 251 18
4443 191 3
214 6 418
6 17 0

83 445 1
330
4501 25 0

