4000
556272344 -479847 14
556409323 -1198765 7
556278724 -284657 7
556281574 -304672 7
556432171 -1358660 7
556323015 -1189259 14
556406952 -1182283 7
556367879 -3634803 28
556380032 -993799 7
556342532 -731318 7
556332433 -2642363 28
556252632 -203971 14
556244005 -166476 28
556437805 -1398135 7
556414949 -1238116 7
556327423 -2502165 28
556329775 -641885 7
556342739 -1465420 14
556416511 -4996528 28
556424161 -1302657 7
556281587 -304592 7
556423814 -3900723 21
556243496 -38058 7
556406404 -1178367 7
556326419 -1855561 21
556389522 -1060223 7
556358124 -1680889 14
556364225 -2649458 21
556417089 -2506279 14
556340748 -2156318 21
556362981 -1748918 14
556388928 -1056104 7
556415379 -2482465 14
556336020 -2057056 21
556322948 -594166 7
556276155 -266691 7
556255697 -493841 28
556307086 -1932725 28
556372440 -3762487 28
556393502 -2176086 14
556430097 -4032774 21
556257597 -136816 7
556358716 -844490 7
556298357 -1688217 28
556297911 -837971 14
556297318 -1244447 21
556315810 -544197 7
556300072 -434104 7
556343969 -741264 7
556368669 -914206 7
556272483 -240853 7
556264818 -374606 14
556416108 -1246313 7
556332032 -657693 7
556382055 -1007970 7
556261354 -163008 7
556304441 -929222 14
556431412 -1353542 7
556287329 -1379525 28
556269797 -444288 14
556425472 -3935491 21
556364465 -884864 7
556313993 -1594501 21
556293415 -387515 7
556395855 -1104536 7
556416953 -3756674 21
556344836 -1494835 14
556250080 -84214 7
556295974 -810799 14
556348736 -3098928 28
556267189 -815597 28
556377567 -3906103 28
556359505 -850025 7
556405522 -4688910 28
556411315 -4851019 28
556380190 -1989716 14
556412204 -3656914 21
556362078 -1736144 14
556252916 -415914 28
556249347 -78925 7
556254977 -473687 28
556409783 -2404148 14
556296777 -1643925 28
556241568 -49009 14
556278137 -561114 14
556282129 -616969 14
556366235 -1794393 14
556414016 -1231602 7
556406783 -3543055 21
556242716 -32530 7
556387637 -3140957 21
556297578 -416559 7
556420401 -2552721 14
556427010 -1322572 7
556425505 -2624155 14
556429031 -4010229 21
556391444 -4294740 28
556431591 -1354792 7
556333772 -1339976 14
556390077 -2128250 14
556378087 -2940431 21
556283366 -634158 14
556284635 -978041 21
556359320 -2546438 21
556319831 -2289498 28
556341193 -2165651 21
556292616 -1145642 21
556328020 -629711 7
556294572 -1186632 21
556426388 -1318193 7
556311902 -1550580 21
556396343 -4431804 28
556278669 -1136927 28
556355307 -820626 7
556370379 -1852516 14
556287770 -1043750 21
556347216 -1528049 14
556315495 -1625998 21
556326693 -1861142 21
556363841 -2641362 21
556315826 -1633043 21
556404174 -2325639 14
556301111 -1323996 21
556294104 -1176924 21
556349416 -1559040 14
556305723 -473523 7
556313911 -1592728 21
556379508 -990201 7
556260967 -480975 21
556344517 -2980676 28
556435198 -5519690 28
556377504 -1952212 14
556239452 -29117 21
556354909 -1635848 14
556410461 -4827099 28
556308617 -493963 7
556281155 -301665 7
556244813 -141818 21
556330020 -643711 7
556326195 -1233794 14
556259080 -147029 7
556356805 -831113 7
556318426 -1687566 21
556318234 -561236 7
556242645 -96287 21
556396431 -4434302 28
556301681 -1335978 21
556257064 -399036 21
556375664 -963226 7
556422691 -2584705 14
556418769 -2529861 14
556383738 -1019658 7
556325645 -1839174 21
556273932 -502256 14
556264982 -565344 21
556421801 -1286243 7
556355241 -820267 7
556273077 -245038 7
556246146 -226353 28
556264809 -561620 21
556326385 -1854835 21
556272288 -239639 7
556284363 -648113 14
556255038 -356392 21
556370796 -3716443 28
556328794 -1905451 21
556341075 -2884317 28
556318285 -561628 7
556337949 -1398371 14
556415764 -4975668 28
556402587 -2303423 14
556267096 -812897 28
556271195 -927712 28
556275914 -794890 21
556368199 -3643840 28
556267975 -418836 14
556368464 -1825706 14
556277838 -835308 21
556346368 -758219 7
556328322 -1895487 21
556437549 -5585544 28
556334708 -676434 7
556369724 -2764900 21
556402032 -1147750 7
556333687 -669386 7
556393671 -4356929 28
556311993 -1552503 21
556436011 -5542445 28
556407066 -2366117 14
556382670 -4048977 28
556398530 -4493012 28
556349138 -1555129 14
556331299 -2610566 28
556309064 -497052 7
556263233 -528495 21
556297837 -1673737 28
556299707 -1726129 28
556271817 -708867 21
556402675 -4609191 28
556263131 -701974 28
556274227 -759544 21
556434488 -1374893 7
556410008 -2407280 14
556335654 -2049431 21
556271865 -709846 21
556277186 -273928 7
556244262 -173544 28
556293768 -390019 7
556409937 -1203095 7
556240513 -51366 21
556316916 -1655965 21
556298931 -852246 14
556292677 -1529240 28
556408916 -2391968 14
556305723 -1420780 21
556433175 -1365787 7
556411761 -2431767 14
556271832 -709155 21
556402008 -2295310 14
556276540 -1077455 28
556341947 -2181535 21
556293346 -1547955 28
556294153 -785237 14
556397037 -4451252 28
556284962 -328350 7
556296033 -1217395 21
556405694 -1173439 7
556436875 -4175056 21
556363008 -3498516 28
556350782 -2367044 21
556416818 -3753857 21
556271398 -233350 7
556429121 -5349699 28
556280460 -1187126 28
556261591 -164757 7
556414839 -4949702 28
556370933 -930079 7
556385952 -3105762 21
556374349 -2862017 21
556296657 -820342 14
556416813 -5004935 28
556320731 -1736110 21
556332310 -1319517 14
556243564 -154008 28
556295645 -402991 7
556380292 -3982463 28
556336097 -686211 7
556333210 -1998008 21
556343159 -2207092 21
556320199 -2299785 28
556369729 -1843325 14
556287758 -1391447 28
556389462 -1059722 7
556390447 -3200131 21
556245354 -153128 21
556388898 -3167577 21
556297206 -413924 7
556400911 -1139985 7
556289205 -357952 7
556308702 -494476 7
556423440 -2595279 14
556303558 -917016 14
556341691 -2901507 28
556393046 -2169749 14
556424335 -1303895 7
556338204 -1402037 14
556356204 -1653959 14
556367624 -906966 7
556345204 -1500069 14
556297091 -1239632 21
556330024 -1287442 14
556311483 -1541849 21
556251663 -380860 28
556351989 -797510 7
556380804 -1998381 14
556308245 -1965038 28
556276960 -816740 21
556326560 -1858347 21
556340783 -2876072 28
556300320 -1743116 28
556310658 -2032757 28
556247473 -131830 14
556427568 -1326464 7
556417240 -5016982 28
556270421 -679609 21
556324913 -1215835 14
556282237 -618407 14
556341239 -2888871 28
556425216 -3930190 21
556257419 -542064 28
556366554 -3597714 28
556369881 -922796 7
556359184 -2543487 21
556371760 -2807637 21
556264586 -371402 14
556387024 -4170885 28
556278617 -851578 21
556343186 -1471653 14
556397856 -1118635 7
556371152 -931602 7
556249250 -78327 7
556324832 -1214857 14
556424673 -2612519 14
556369175 -2753407 21
556399924 -3399013 21
556311862 -1549772 21
556407168 -1183636 7
556398971 -1126309 7
556307371 -485179 7
556369524 -1840491 14
556356071 -2478198 21
556258173 -422249 21
556370540 -3709355 28
556352172 -798861 7
556397672 -4468993 28
556241376 -92827 28
556411278 -4850116 28
556329972 -2573362 28
556250002 -83627 7
556403944 -2322384 14
556271040 -923455 28
556422889 -1293785 7
556306265 -954782 14
556301421 -1774104 28
556250011 -334622 28
556355073 -3276198 28
556291840 -752891 14
556399757 -1131848 7
556301380 -886464 14
556261576 -658275 28
556283414 -317436 7
556341526 -1448400 14
556435388 -4143732 21
556291245 -372274 7
556359587 -3402763 28
556333560 -2005483 21
556387051 -2085844 14
556324147 -602504 7
556270299 -676926 21
556277778 -1112006 28
556271278 -930108 28
556375223 -3840486 28
556298492 -845924 14
556363841 -1760882 14
556387976 -4197545 28
556418998 -5066225 28
556393384 -1087236 7
556433441 -2735348 14
556396438 -2217231 14
556372726 -1885346 14
556358482 -3371666 28
556368927 -1832172 14
556359588 -3402664 28
556377692 -3909616 28
556280527 -1189082 28
556373339 -3787790 28
556337170 -2774900 28
556332099 -1974762 21
556256185 -380535 21
556432847 -5453960 28
556352655 -3208642 28
556263320 -530402 21
556333641 -668973 7
556355040 -1637673 14
556269446 -659004 21
556426055 -1316005 7
556266757 -602474 21
556321263 -1164700 14
556329089 -1274387 14
556254158 -225252 14
556245742 -161276 21
556348826 -3101425 28
556250852 -358069 28
556298111 -1260921 21
556344139 -2970144 28
556434376 -5496743 28
556331198 -1303941 14
556291225 -1488503 28
556345602 -2258411 21
556287831 -1045189 21
556358654 -3376497 28
556269763 -665700 21
556423442 -5190522 28
556327462 -1251500 14
556338267 -2104326 21
556377680 -3909187 28
556370277 -3701982 28
556345804 -2262608 21
556258880 -145779 7
556268376 -848862 28
556416849 -5006092 28
556387487 -2091837 14
556288415 -1057454 21
556387615 -4187553 28
556343793 -740170 7
556308084 -1470477 21
556417296 -5018490 28
556286772 -1022919 21
556360298 -2566905 21
556430923 -5400065 28
556307457 -1457317 21
556412268 -3658280 21
556335893 -684710 7
556370575 -2782782 21
556376502 -969137 7
556380535 -1994571 14
556264565 -185457 7
556387179 -2087603 14
556435706 -4150452 21
556300288 -871120 14
556264680 -186335 7
556326807 -2484802 28
556373405 -1894818 14
556317662 -557146 7
556388358 -2104142 14
556421863 -1286516 7
556329258 -1915166 21
556384699 -4105771 28
556281678 -1221180 28
556248205 -70976 7
556334810 -677129 7
556432631 -2723914 14
556394090 -2184317 14
556402485 -3452786 21
556247677 -134619 14
556256361 -512267 28
556391694 -4301675 28
556430893 -1349734 7
556393236 -3258610 21
556389372 -2118419 14
556242975 -137497 28
556272780 -243031 7
556413019 -2449315 14
556329701 -2565803 28
556401679 -2290548 14
556428677 -4002933 21
556394241 -3279652 21
556245181 -99667 14
556304031 -1385251 21
556418995 -1266549 7
556261278 -487481 21
556338035 -1399554 14
556415344 -1241046 7
556398841 -3376314 21
556369731 -1843345 14
556322114 -2353487 28
556305868 -949204 14
556404846 -4669929 28
556339628 -710879 7
556290165 -1094162 21
556400779 -1139019 7
556280558 -1189891 28
556436302 -4162974 21
556276650 -270126 7
556437231 -2788266 14
556406333 -2355830 14
556318014 -1679044 21
556386727 -2081352 14
556374794 -1914281 14
556425201 -2619954 14
556415908 -4979701 28
556295612 -1611350 28
556412018 -3652962 21
556413011 -3673979 21
556318942 -1698373 21
556376043 -1931689 14
556299412 -1717836 28
556312804 -523181 7
556309133 -1989874 28
556396732 -4442668 28
556425781 -3942102 21
556322878 -593723 7
556318647 -2256420 28
556297714 -835045 14
556373797 -2850360 21
556335037 -678765 7
556355184 -3279481 28
556269792 -444258 14
556347739 -3070912 28
556428605 -5335204 28
556325107 -1218554 14
556434724 -5506488 28
556355717 -2470769 21
556320450 -2306923 28
556434613 -4127524 21
556309391 -1497872 21
556377458 -3903012 28
556262704 -345058 14
556348999 -3106308 28
556267615 -827461 28
556290666 -1472889 28
556246436 -58630 7
556292176 -378885 7
556437337 -4184816 21
556352495 -801079 7
556328504 -633150 7
556316862 -2206332 28
556331363 -1306141 14
556435900 -1384871 7
556392001 -1077551 7
556257313 -404222 21
556319753 -1715409 21
556327738 -1255505 14
556404623 -1165954 7
556377985 -2938317 21
556240049 -41806 21
556415031 -1238777 7
556435064 -1379090 7
556238215 -3101 21
556312417 -1561368 21
556289587 -1442572 28
556241242 -66724 21
556348871 -3102613 28
556323673 -599218 7
556383109 -4061198 28
556348469 -2318603 21
556307955 -978580 14
556253867 -331891 21
556369005 -916633 7
556426342 -2636000 14
556325234 -1830553 21
556352573 -801559 7
556246504 -118089 14
556306401 -956769 14
556435418 -4144522 21
556265727 -193717 7
556317137 -1660515 21
556310007 -1510850 21
556332836 -1990253 21
556309378 -1996893 28
556378842 -3941713 28
556341406 -723456 7
556334231 -2019434 21
556382262 -2018788 14
556369790 -3688339 28
556430504 -5388342 28
556377153 -2920816 21
556295144 -399651 7
556384015 -1021676 7
556331300 -1957936 21
556345025 -2994948 28
556251493 -376105 28
556279666 -582405 14
556364543 -1770625 14
556273886 -501477 14
556325261 -2441590 28
556294093 -784366 14
556424166 -5210838 28
556282688 -937045 21
556374571 -955475 7
556437853 -4195687 21
556380262 -1990843 14
556241060 -41889 14
556383930 -2042110 14
556243501 -114285 21
556332480 -1982853 21
556261547 -328743 14
556405396 -2342672 14
556417389 -1255234 7
556398694 -3373341 21
556390061 -4255877 28
556241804 -52298 14
556314880 -1613068 21
556419043 -5067437 28
556281124 -904184 21
556308791 -1980305 28
556246967 -249261 28
556326287 -617561 7
556271532 -234339 7
556241956 -81787 21
556299629 -1723889 28
556245902 -164662 21
556346519 -3036743 28
556427285 -3973581 21
556284936 -328098 7
556362109 -868247 7
556270289 -676654 21
556300703 -438480 7
556378673 -984170 7
556314838 -537371 7
556258314 -567110 28
556381393 -2006526 14
556430040 -4031449 21
556357430 -1671184 14
556384822 -3081879 21
556345669 -2259670 21
556293985 -1565818 28
556246427 -175625 21
556286926 -341975 7
556351741 -795835 7
556249408 -317678 28
556362155 -2605939 21
556361520 -864214 7
556292868 -1150854 21
556428150 -3991898 21
556347373 -1530422 14
556266353 -198041 7
556251771 -383740 28
556271134 -462940 14
556413310 -2453449 14
556250610 -87820 7
556394918 -3294033 21
556305007 -468630 7
556416026 -2491439 14
556257173 -133685 7
556329080 -1911365 21
556380895 -1999744 14
556337440 -695664 7
556388014 -4198663 28
556417692 -3772153 21
556380994 -3001508 21
556343247 -2945147 28
556391144 -3214786 21
556382361 -2020097 14
556404019 -4646856 28
556357922 -1677936 14
556432226 -2718352 14
556304128 -1387351 21
556259440 -149730 7
556371713 -935454 7
556307901 -488813 7
556289714 -1084674 21
556414052 -1231965 7
556332067 -658044 7
556386148 -4146358 28
556270093 -448396 14
556246942 -62206 7
556347052 -3051734 28
556373423 -2842475 21
556365436 -891685 7
556386926 -4168153 28
556278998 -573087 14
556342149 -2914350 28
556269188 -435815 14
556377248 -974308 7
556289511 -1440495 28
556423207 -2591940 14
556436758 -1390876 7
556403055 -1154873 7
556419773 -1271908 7
556421772 -2571937 14
556269641 -663238 21
556316861 -1654832 21
556256908 -131958 7
556437104 -2786524 14
556416969 -5009280 28
556377768 -2933865 21
556393118 -3256206 21
556400935 -2280220 14
556259687 -302642 14
556419204 -2535877 14
556338949 -2118587 21
556380855 -2998654 21
556277876 -836105 21
556379578 -1981128 14
556333700 -2008426 21
556365058 -2666993 21
556343216 -2208244 21
556367158 -3614670 28
556304323 -927550 14
556336612 -689768 7
556343226 -2944567 28
556356186 -2480631 21
556391608 -1074816 7
556335605 -1365654 14
556257458 -271603 14
556299103 -1709189 28
556248788 -300391 28
556379117 -1974777 14
556352482 -3203818 28
556304942 -936324 14
556395922 -3315055 21
556324985 -1825384 21
556312650 -1044135 14
556238318 -3608 14
556307953 -1956991 28
556336303 -2062988 21
556246235 -57269 7
556325608 -2451180 28
556365554 -1784853 14
556279425 -579011 14
556246934 -62134 7
556291991 -1132562 21
556285978 -1341555 28
556320326 -1151690 14
556393371 -2174300 14
556367471 -2717595 21
556397592 -3350202 21
556283752 -1279344 28
556404498 -1164955 7
556296499 -818177 14
556369006 -1833149 14
556365244 -1780530 14
556359981 -2560262 21
556435979 -4156177 21
556424543 -3916165 21
556369327 -3675488 28
556425688 -3940025 21
556400450 -2273450 14
556262013 -502857 21
556339074 -2828216 28
556373010 -3778426 28
556388096 -2100465 14
556393032 -2169559 14
556434262 -4120090 21
556299636 -1724014 28
556360040 -853752 7
556327353 -2500105 28
556257158 -133628 7
556313817 -1590864 21
556371810 -936198 7
556311418 -2053873 28
556405704 -4693969 28
556292166 -757382 14
556273476 -495699 14
556238285 -3120 14
556313831 -530352 7
556410346 -4823897 28
556355316 -3283177 28
556251427 -374100 28
556434617 -2751772 14
556321959 -1174568 14
556358190 -3363490 28
556307491 -486065 7
556395599 -1102833 7
556306465 -1915273 28
556403688 -3478096 21
556384533 -1025280 7
556332087 -658228 7
556406014 -3527063 21
556300314 -435753 7
556415457 -1241696 7
556266842 -402845 14
556327084 -623230 7
556426390 -1318204 7
556419118 -1267346 7
556306961 -964635 14
556261205 -323964 14
556371096 -3724953 28
556306140 -953035 14
556328222 -631207 7
556302510 -1353353 21
556312727 -2090526 28
556401666 -4580790 28
556299991 -1733957 28
556368221 -3644334 28
556313125 -1576230 21
556256168 -506925 28
556251861 -289718 21
556297339 -1659674 28
556355593 -3290752 28
556252546 -101340 7
556314030 -2127032 28
556409906 -1202885 7
556284615 -977537 21
556338680 -704277 7
556264459 -554237 21
556366511 -3596613 28
556436653 -5560432 28
556276462 -268861 7
556363791 -2640211 21
556428485 -3998814 21
556268460 -638268 21
556283158 -631426 14
556320087 -2296764 28
556263527 -356514 14
556426965 -5289260 28
556330880 -2598807 28
556270642 -684118 21
556273525 -993025 28
556422126 -2576965 14
556350640 -3152173 28
556376976 -2917105 21
556316070 -1092110 14
556365159 -2668951 21
556371050 -1861910 14
556247912 -68978 7
556356678 -3321254 28
556246978 -249640 28
556365846 -3577860 28
556309445 -499740 7
556424885 -2615528 14
556349699 -1562890 14
556371437 -2800812 21
556419600 -1270839 7
556382472 -2021654 14
556368257 -911454 7
556426273 -2634844 14
556409468 -4799328 28
556298147 -841154 14
556403941 -1161063 7
556268444 -638066 21
556337341 -2084885 21
556276089 -532280 14
556407452 -2371349 14
556301256 -884691 14
556402245 -3447757 21
556252443 -100726 7
556317997 -1119149 14
556383161 -3047076 21
556349803 -3128781 28
556260284 -311000 14
556343203 -736047 7
556413923 -1231114 7
556344028 -1483437 14
556345607 -3011222 28
556261049 -321791 14
556303926 -1383099 21
556405166 -2339481 14
556411585 -1214750 7
556281227 -906481 21
556379299 -988591 7
556275460 -523569 14
556333088 -665216 7
556349308 -3114812 28
556278014 -838895 21
556377586 -976710 7
556310053 -504018 7
556373929 -1902180 14
556248129 -140849 14
556345209 -2250024 21
556414233 -3699661 21
556244203 -129028 21
556371897 -936888 7
556376580 -2908885 21
556306102 -1428796 21
556432876 -2727424 14
556344081 -742100 7
556263875 -722717 28
556299788 -432086 7
556438037 -5599297 28
556331680 -2621297 28
556243271 -72936 14
556350193 -784961 7
556278548 -566763 14
556266853 -604646 21
556370442 -2779865 21
556419275 -5073990 28
556371218 -1864183 14
556240845 -19494 7
556363216 -2628301 21
556345037 -2246452 21
556369305 -918755 7
556321501 -2336226 28
556264199 -731765 28
556414036 -1231820 7
556416815 -2502598 14
556357774 -3351908 28
556384061 -3065897 21
556379970 -2980001 21
556244227 -86310 14
556349154 -777658 7
556292620 -1145705 21
556405758 -3521593 21
556293135 -385602 7
556358898 -845785 7
556311673 -1545740 21
556320583 -577572 7
556430515 -4041531 21
556294447 -1578708 28
556303335 -456817 7
556239603 -21494 14
556354261 -2440145 21
556327831 -2513588 28
556367281 -3618101 28
556350550 -1574742 14
556257517 -272438 14
556368237 -911134 7
556253150 -211295 14
556395697 -4413769 28
556317978 -2237717 28
556432811 -4089777 21
556369211 -3672110 28
556314059 -1063946 14
556378692 -1968853 14
556341890 -1453595 14
556290120 -728845 14
556368434 -912652 7
556360151 -2563849 21
556287658 -694255 14
556274567 -766636 21
556405401 -1171369 7
556267041 -202857 7
556367379 -3620874 28
556294419 -789029 14
556382203 -3026958 21
556409701 -1201390 7
556247170 -191299 21
556240134 -58086 28
556315435 -541606 7
556265863 -389192 14
556335718 -683682 7
556382898 -2027661 14
556284019 -321776 7
556266864 -403297 14
556243538 -76666 14
556396537 -1109231 7
556258887 -437370 21
556347535 -3065157 28
556299130 -1282389 21
556272888 -975062 28
556367270 -3617821 28
556351720 -3182371 28
556345699 -1506808 14
556389675 -4245219 28
556403564 -4634104 28
556264439 -738490 28
556432249 -2718528 14
556308433 -985234 14
556354969 -818415 7
556364399 -1768743 14
556318460 -2251174 28
556383921 -1021057 7
556429578 -4021787 21
556369290 -918578 7
556388928 -1055971 7
556366854 -2704598 21
556335621 -2048673 21
556389443 -2119301 14
556240841 -77848 28
556307503 -1458245 21
556286955 -684519 14
556427854 -5314158 28
556376948 -1944295 14
556282239 -309193 7
556391667 -3225758 21
556346721 -760610 7
556395603 -4411191 28
556366807 -3604840 28
556437093 -1393271 7
556248329 -143653 14
556415661 -4972668 28
556351994 -1594945 14
556417414 -2510817 14
556318559 -1690391 21
556333745 -2009281 21
556293688 -778668 14
556393650 -3267330 21
556377374 -1950296 14
556423085 -3885381 21
556370571 -927516 7
556382837 -2026776 14
556251278 -92416 7
556251699 -95465 7
556437723 -5590551 28
556398453 -4490913 28
556327779 -627976 7
556406311 -2355525 14
556358860 -845575 7
556288150 -1051821 21
556371069 -2793127 21
556353829 -2430987 21
556263976 -362750 14
556317891 -1117640 14
556359448 -3398710 28
556266698 -601413 21
556288712 -354602 7
556414576 -2471225 14
556272120 -238324 7
556375157 -1919402 14
556350657 -788066 7
556344063 -2967946 28
556264029 -727122 28
556271745 -707231 21
556281691 -610738 14
556414544 -2470719 14
556242719 -130283 28
556249305 -78720 7
556289574 -1442208 28
556291402 -746663 14
556425578 -3937797 21
556427713 -1327506 7
556272268 -957756 28
556346787 -1522102 14
556416356 -3744071 21
556409628 -3602948 21
556267794 -208070 7
556435990 -4156562 21
556372306 -939694 7
556295761 -807712 14
556427484 -3977860 21
556405433 -4686344 28
556385208 -4120133 28
556272843 -973779 28
556307008 -1447837 21
556370906 -2789743 21
556319888 -1145573 14
556250306 -171464 14
556274147 -757782 21
556419388 -2538453 14
556295941 -405236 7
556319214 -568085 7
556253344 -320976 21
556347919 -3075965 28
556338008 -2098823 21
556315918 -1634966 21
556300560 -1312377 21
556280600 -893316 21
556327006 -2490336 28
556274063 -504047 14
556393460 -3263334 21
556303737 -1379102 21
556398227 -3363505 21
556408270 -4765857 28
556339530 -2841127 28
556427452 -3977196 21
556389419 -4237954 28
556380711 -1996997 14
556385435 -2063114 14
556395038 -1098848 7
556415092 -2478439 14
556276426 -805669 21
556406806 -1181300 7
556364622 -1771820 14
556257913 -555724 28
556298484 -1268940 21
556275150 -778859 21
556241447 -23662 7
556356823 -831406 7
556317128 -2213889 28
556339683 -2133956 21
556326555 -1858237 21
556408768 -3584854 21
556305160 -939358 14
556378209 -980966 7
556426546 -1319443 7
556396160 -3319997 21
556335339 -2723641 28
556400115 -4537414 28
556422537 -5165301 28
556253280 -319469 21
556396276 -4429874 28
556354528 -815344 7
556286975 -1369498 28
556382117 -2016709 14
556239562 -31550 21
556267455 -823001 28
556263654 -358308 14
556346699 -1520835 14
556309778 -501949 7
556294849 -1192589 21
556364164 -2648160 21
556380654 -998235 7
556430803 -2698391 14
556368909 -915932 7
556350436 -2359882 21
556384867 -2055337 14
556266785 -804279 28
556252731 -102673 7
556312532 -1563864 21
556316969 -2209268 28
556314392 -1602951 21
556364136 -1765109 14
556310252 -2021248 28
556316261 -1094732 14
556390236 -1065133 7
556265044 -188961 7
556243979 -165727 28
556308477 -1478609 21
556428183 -2661611 14
556400352 -3408034 21
556371737 -1871519 14
556277923 -558074 14
556289736 -1446903 28
556263488 -711925 28
556392715 -1082662 7
556347671 -3068973 28
556389894 -3188382 21
556255131 -238876 14
556303327 -913596 14
556314195 -1598854 21
556424544 -2610752 14
556365591 -3570745 28
556347804 -1536346 14
556315326 -540880 7
556370903 -2789694 21
556382971 -4057474 28
556289001 -1426274 28
556370843 -1858858 14
556338287 -1403198 14
556325769 -2455778 28
556295439 -803225 14
556303912 -460890 7
556374799 -1914303 14
556381692 -1005313 7
556324121 -602456 7
556336442 -2066054 21
556253521 -324609 21
556304980 -468380 7
556372815 -2829771 21
556359726 -2554983 21
556431490 -4061928 21
556312220 -1038223 14
556257843 -415448 21
556328399 -632341 7
556362910 -1747828 14
556281745 -1223051 28
556394254 -1093305 7
556321393 -1166669 14
556254954 -354624 21
556318232 -561185 7
556335747 -2051329 21
556311083 -511181 7
556321133 -1744563 21
556341830 -2179177 21
556253410 -214878 14
556421268 -2564908 14
556254750 -116747 7
556316180 -1640456 21
556248019 -278860 28
556420200 -1274959 7
556264700 -745836 28
556291791 -1128230 21
556331352 -1305952 14
556388493 -4212128 28
556437579 -2793246 14
556245118 -148110 21
556320936 -580135 7
556378183 -1961596 14
556324395 -1812972 21
556422590 -3875072 21
556434756 -2753719 14
556320287 -1726657 21
556269792 -222158 7
556348090 -2310600 21
556351345 -2378909 21
556384608 -1025820 7
556431159 -4054950 21
556305060 -938006 14
556389029 -3170209 21
556296970 -1649363 28
556358253 -2524037 21
556405021 -2337361 14
556285126 -658949 14
556387442 -2091215 14
556374044 -951821 7
556390174 -1064833 7
556268717 -643758 21
556309886 -1005467 14
556315972 -2181500 28
556328505 -1266128 14
556408556 -2386935 14
556425942 -5260694 28
556426529 -2638489 14
556356765 -831009 7
556291459 -1495095 28
556400231 -3405505 21
556406476 -2357753 14
556330653 -648031 7
556414958 -1238356 7
556329396 -2557368 28
556290114 -728662 14
556364992 -2665499 21
556331127 -1302905 14
556302178 -448731 7
556400425 -2273158 14
556345309 -1501352 14
556393405 -4349549 28
556436948 -5568808 28
556310975 -510297 7
556361440 -863592 7
556288365 -704261 14
556298407 -844725 14
556401917 -1146893 7
556334296 -1347237 14
556305060 -1875868 28
556431306 -5410787 28
556360573 -1715211 14
556429639 -5364227 28
556252591 -406828 28
556321015 -580675 7
556357873 -2516093 21
556324146 -1205104 14
556396657 -4440704 28
556266536 -797259 28
556284445 -973942 21
556373432 -1895121 14
556414333 -3701724 21
556367821 -908386 7
556291330 -372871 7
556423538 -5193265 28
556264120 -182383 7
556297553 -832769 14
556343895 -1481637 14
556351411 -793381 7
556246582 -238477 28
556240957 -40507 14
556319040 -1700598 21
556410540 -3622113 21
556435551 -1382450 7
556340448 -2150038 21
556267400 -410682 14
556283559 -636913 14
556318241 -1122528 14
556436678 -4170853 21
556301118 -1324225 21
556332959 -664244 7
556396347 -1107946 7
556353823 -810277 7
556369020 -1833374 14
556363019 -2624073 21
556330215 -645066 7
556381764 -3017733 21
556280592 -595373 14
556334238 -2019683 21
556319532 -2281124 28
556289689 -722854 14
556396388 -2216528 14
556434121 -2744726 14
556281438 -607288 14
556325581 -1225344 14
556376369 -3872491 28
556388072 -3150282 21
556268376 -848834 28
556247709 -135057 14
556397065 -4452009 28
556307139 -1450683 21
556435331 -4142715 21
556433639 -5476159 28
556269909 -222984 7
556398875 -2251376 14
556333490 -2003990 21
556380373 -3984741 28
556271802 -472311 14
556270405 -679225 21
556364104 -2646811 21
556322948 -594225 7
556306703 -480450 7
556243222 -144365 28
556407915 -2377884 14
556383999 -3064735 21
556332620 -661958 7
556300334 -1743502 28
556290895 -1479359 28
556376134 -1932930 14
556375888 -964696 7
556397437 -2231248 14
556302952 -1362657 21
556418117 -5041604 28
556306105 -1428898 21
556324654 -2424546 28
556336793 -2764472 28
556289545 -720728 14
556367488 -1811859 14
556250929 -89975 7
556378528 -3933117 28
556282762 -1251634 28
556259765 -607697 28
556285212 -660013 14
556302041 -895729 14
556290268 -365526 7
556323781 -600097 7
556267853 -208616 7
556318118 -1681201 21
556250342 -85895 7
556366785 -2703154 21
556330265 -645479 7
556356506 -829042 7
556375015 -1917238 14
556323892 -2403203 28
556247731 -67695 7
556347620 -766863 7
556314850 -1612526 21
556288094 -700437 14
556320850 -579435 7
556251672 -95179 7
556363990 -1762989 14
556248208 -141962 14
556255507 -488402 28
556405695 -4693731 28
556392509 -1081135 7
556390172 -1064852 7
556342957 -734317 7
556269350 -657069 21
556334374 -1348323 14
556416685 -3751059 21
556332835 -663398 7
556375580 -1925167 14
556391830 -3229048 21
556343379 -1474462 14
556380888 -1999598 14
556407092 -3549521 21
556391442 -4294547 28
556385723 -2067255 14
556250107 -252936 21
556383043 -2029730 14
556317943 -1677504 21
556436063 -2772093 14
556423622 -3896804 21
556337396 -2086074 21
556317070 -2212294 28
556401379 -1143243 7
556326850 -621572 7
556386636 -1040034 7
556325885 -1229436 14
556409816 -4809057 28
556281635 -610090 14
556409712 -2403017 14
556367532 -3625174 28
556287426 -691164 14
556244893 -191296 28
556280532 -891900 21
556269765 -887732 28
556249961 -249922 21
556310961 -1020546 14
556419667 -1271276 7
556261067 -483133 21
556354953 -3273013 28
556371973 -937457 7
556238265 -2814 14
556271849 -236537 7
556332320 -659789 7
556332043 -2631504 28
556366415 -3593935 28
556381638 -1004987 7
556367021 -3610743 28
556400065 -3402046 21
556330342 -645889 7
556355574 -822524 7
556242974 -103073 21
556303924 -1383122 21
556401416 -2286845 14
556255353 -363006 21
556391782 -2152035 14
556295688 -1210148 21
556267031 -608338 21
556373971 -1902709 14
556324081 -1806353 21
556245160 -99314 14
556377263 -1948868 14
556421678 -5141145 28
556370519 -927136 7
556419873 -2545434 14
556340555 -2869748 28
556348493 -1545968 14
556273270 -985866 28
556296749 -821679 14
556427690 -5309466 28
556356771 -1661862 14
556375116 -1918647 14
556251747 -95793 7
556433039 -2729682 14
556387514 -2092408 14
556295878 -404780 7
556292869 -383558 7
556297955 -1677044 28
556324099 -1806805 21
556246877 -123341 14
556257108 -399897 21
556358486 -1685953 14
556286321 -1351195 28
556355396 -1642730 14
556274795 -771394 21
556260383 -312522 14
556379610 -1981718 14
556267194 -611674 21
556380062 -993913 7
556368029 -2729364 21
556288335 -351963 7
556293335 -386902 7
556367241 -1808459 14
556302405 -1351266 21
556246214 -228176 28
556421654 -1285199 7
556286598 -339821 7
556300568 -1312635 21
556318654 -1128263 14
556304061 -1385910 21
556369789 -922143 7
556309968 -2013254 28
556333492 -2672064 28
556426047 -1315941 7
556349995 -3134033 28
556412726 -4890558 28
556293268 -772835 14
556402594 -3455183 21
556404504 -4660252 28
556435223 -1380072 7
556288140 -1402074 28
556429983 -5373674 28
556325968 -2461317 28
556417503 -2512083 14
556355504 -822170 7
556408611 -2387610 14
556397866 -3355956 21
556412347 -3659884 21
556303096 -455260 7
556398548 -4493659 28
556383864 -1020663 7
556241317 -68344 21
556437087 -5572732 28
556413210 -3678059 21
556324309 -1811251 21
556340252 -715335 7
556335599 -682678 7
556287597 -1040201 21
556240022 -54812 28
556400033 -2267501 14
556368956 -916165 7
556274877 -257647 7
556268267 -211491 7
556288985 -1069385 21
556321010 -1741830 21
556347819 -2304953 21
556238821 -21185 28
556240494 -68110 28
556261298 -487909 21
556354472 -1629726 14
556414340 -3701812 21
556290971 -370455 7
556414364 -1234021 7
556308580 -1480815 21
556427490 -3977984 21
556347412 -3061777 28
556303197 -1823809 28
556420775 -3836914 21
556271332 -465840 14
556271108 -925301 28
556288548 -353354 7
556322026 -2350954 28
556315060 -1616873 21
556344232 -2229452 21
556312089 -2072796 28
556382659 -2024369 14
556272116 -238295 7
556390684 -1068429 7
556246756 -182508 21
556274948 -774532 21
556283651 -1276488 28
556386774 -3122886 21
556310192 -504865 7
556249472 -79935 7
556270307 -677103 21
556241403 -93609 28
556297963 -838626 14
556387605 -3140367 21
556278903 -1143571 28
556251386 -186458 14
556365663 -893100 7
556386464 -1038779 7
556417368 -1255206 7
556296929 -1236118 21
556390565 -4270007 28
556392624 -1081927 7
556391273 -1072509 7
556424126 -1302350 7
556391172 -1071760 7
556240061 -42046 21
556345466 -3007383 28
556252857 -310580 21
556433350 -1366979 7
556291846 -376403 7
556404699 -3499450 21
556375575 -3850388 28
556431866 -4069887 21
556363651 -1758294 14
556319323 -1706504 21
556275134 -778582 21
556304869 -1402846 21
556304066 -1848121 28
556293351 -387028 7
556289324 -358740 7
556296570 -1228664 21
556352131 -3193958 28
556408850 -4782072 28
556355523 -3288960 28
556264084 -364347 14
556254769 -467849 28
556391379 -3219643 21
556431677 -5421170 28
556364689 -1772795 14
556367014 -1805344 14
556397319 -2229549 14
556249820 -246882 21
556388585 -2107397 14
556430144 -2689152 14
556437652 -4191338 21
556285111 -1317309 28
556397799 -3354505 21
556326568 -1239131 14
556435004 -2757097 14
556271976 -712073 21
556307463 -1943199 28
556428541 -5333373 28
556343435 -2212907 21
556381466 -3011419 21
556253141 -105568 7
556433880 -4112182 21
556390375 -4264773 28
556434096 -2744545 14
556330073 -644129 7
556376543 -2908100 21
556268572 -854245 28
556397830 -4473421 28
556334482 -674934 7
556332067 -1316114 14
556279356 -578052 14
556436281 -5550104 28
556259952 -153200 7
556295361 -1604332 28
556411022 -2421388 14
556400163 -1134683 7
556418472 -1262925 7
556413427 -3682672 21
556372518 -2823652 21
556314483 -2139843 28
556421120 -3844143 21
556403715 -1159552 7
556374087 -2856604 21
556337607 -2090475 21
556406536 -4717206 28
556380659 -998186 7
556382461 -1010786 7
556290632 -736007 14
556336411 -1376818 14
556271151 -231669 7
556397431 -4462402 28
556276982 -544807 14
556298486 -1691772 28
556418228 -5044602 28
556417065 -1253098 7
556331707 -2621962 28
556279526 -870646 21
556399989 -3400415 21
556411979 -4869745 28
556347693 -3069646 28
556365222 -3560507 28
556376405 -1936709 14
556376176 -3867109 28
556327787 -2512175 28
556288529 -706583 14
556265357 -191007 7
556372723 -3770429 28
556430954 -4050706 21
556265407 -382828 14
556306274 -1909853 28
556344741 -1493498 14
556348322 -1543562 14
556239353 -9120 7
556370474 -3707483 28
556349911 -2348845 21
556397472 -4463506 28
556305197 -1409823 21
556401209 -1141991 7
556418630 -1263889 7
556263324 -707342 28
556350697 -2365414 21
556416387 -1248218 7
556417229 -1254154 7
556351428 -793565 7
556239471 -39450 28
556426743 -1320669 7
556326327 -617854 7
556375040 -1917651 14
556339459 -2129281 21
556340069 -1428128 14
556383638 -2038143 14
556378634 -1967986 14
556435221 -5520504 28
556381717 -2011212 14
556425713 -1313474 7
556404165 -2325482 14
556385779 -1033936 7
556390144 -4258182 28
556283789 -640224 14
556367060 -902893 7
556365102 -3557054 28
556344867 -2242895 21
556311982 -2069831 28
556387305 -1044784 7
556396766 -2221847 14
556277799 -556281 14
556421560 -5137827 28
556422835 -3880214 21
556387245 -1044312 7
556360689 -858292 7
556257541 -545325 28
556328122 -630337 7
556313600 -2115044 28
556272844 -730484 21
556324332 -1811677 21
556252270 -99370 7
556408733 -2389404 14
556371319 -932814 7
556434244 -1373186 7
556294966 -398319 7
556414288 -4934289 28
556396846 -3334369 21
556285301 -1322585 28
556401777 -2292023 14
556301599 -1778998 28
556307409 -970874 14
556317595 -1113401 14
556360271 -3421866 28
556298774 -1699901 28
556393114 -4341335 28
556348766 -3099745 28
556404929 -1168132 7
556377614 -1953710 14
556341612 -1449592 14
556308839 -1486253 21
556293195 -1543664 28
556369879 -922637 7
556257139 -267034 14
556291065 -371102 7
556399140 -4510184 28
556356463 -3315234 28
556350675 -788193 7
556364577 -1771171 14
556329620 -2563623 28
556239085 -21549 21
556430986 -4051300 21
556263335 -530771 21
556389140 -3172661 21
556348756 -774863 7
556327199 -2495710 28
556250546 -262173 21
556345649 -1506168 14
556360526 -2571718 21
556432699 -2724808 14
556423070 -2590126 14
556262296 -678436 28
556256670 -521031 28
556266746 -803204 28
556399942 -2266227 14
556315064 -1077976 14
556306794 -962165 14
556263239 -352419 14
556314836 -537324 7
556406971 -4729502 28
556413628 -1228866 7
556288088 -700347 14
556369974 -2770211 21
556243659 -117528 21
556358240 -2523698 21
556301396 -886642 14
556302291 -1798365 28
556352419 -2401554 21
556283887 -962274 21
556407862 -4754403 28
556373552 -3793593 28
556270676 -913172 28
556365604 -2678414 21
556282587 -1246635 28
556378668 -2952783 21
556315934 -1635266 21
556380625 -3991815 28
556385412 -1031511 7
556408640 -4776245 28
556249763 -327663 28
556243257 -72773 14
556304306 -927303 14
556421531 -2568577 14
556426140 -5266246 28
556434202 -2745924 14
556418349 -5048104 28
556250550 -262164 21
556417675 -1257228 7
556302540 -451367 7
556337533 -2088961 21
556339065 -707020 7
556305778 -1422034 21
556331359 -1959209 21
556395688 -4413487 28
556355249 -820290 7
556260334 -311859 14
556247465 -263354 28
556313982 -1062955 14
556348156 -1541391 14
556325021 -1826131 21
556241555 -48978 14
556342175 -728842 7
556293038 -1154436 21
556434794 -1377026 7
556399000 -1126519 7
556334509 -2025296 21
556270902 -229824 7
556378738 -2954243 21
556280570 -297613 7
556348719 -3098428 28
556277290 -549225 14
556424891 -2615622 14
556354112 -1624740 14
556312327 -2079448 28
556431947 -5428779 28
556349724 -781677 7
556301432 -1330707 21
556287448 -691457 14
556377224 -974100 7
556390733 -4274835 28
556326285 -2470299 28
556316701 -1100943 14
556294879 -795411 14
556402712 -3457534 21
556380667 -998292 7
556412581 -1221529 7
556268029 -838954 28
556256163 -253486 14
556342625 -1463911 14
556279347 -1155898 28
556291502 -1496247 28
556291714 -751048 14
556258371 -426556 21
556397751 -4471164 28
556284622 -1303589 28
556290463 -366865 7
556331180 -651879 7
556362921 -2622108 21
556398380 -4488822 28
556397419 -3346436 21
556274380 -508381 14
556381685 -4021426 28
556290658 -736294 14
556318886 -565818 7
556385613 -3098498 21
556307324 -969674 14
556267349 -820017 28
556307510 -1458313 21
556421991 -5150064 28
556397017 -2225284 14
556383813 -4081015 28
556257168 -401197 21
556394226 -4372607 28
556294605 -791490 14
556409316 -1198701 7
556365756 -1787775 14
556432266 -2718891 14
556269117 -434820 14
556285803 -668339 14
556333374 -2001593 21
556239771 -23987 14
556325979 -615431 7
556428863 -4006710 21
556424716 -1306640 7
556274994 -516950 14
556289756 -723628 14
556397744 -2235553 14
556387186 -2087753 14
556415352 -1241061 7
556363017 -1749444 14
556361966 -3469215 28
556400847 -1139542 7
556436202 -5547870 28
556427697 -3982226 21
556420879 -1279759 7
556388988 -3169364 21
556410890 -2419648 14
556395427 -1101457 7
556379800 -3968589 28
556346325 -1515663 14
556277077 -1092424 28
556421207 -2564091 14
556344548 -2236172 21
556246892 -247226 28
556329016 -2546636 28
556272017 -237744 7
556272261 -718080 21
556374416 -3817852 28
556385037 -3086429 21
556309750 -2007235 28
556368937 -2748378 21
556349003 -1553203 14
556309542 -500452 7
556286409 -1015241 21
556420519 -5108669 28
556240945 -60579 21
556319447 -569729 7
556318022 -2238807 28
556381750 -3017368 21
556433265 -4099261 21
556266207 -591003 21
556383598 -2037560 14
556411439 -1213661 7
556256505 -516361 28
556284655 -1304520 28
556246291 -115253 14
556312788 -1046161 14
556399053 -3380757 21
556275856 -264553 7
556260388 -312613 14
556401418 -1143544 7
556358031 -3359124 28
556329578 -1921733 21
556422080 -1288079 7
556424270 -5213864 28
556417167 -5014999 28
556420978 -3841161 21
556287652 -694217 14
556293658 -1167461 21
556435735 -2767330 14
556406901 -2363663 14
556326982 -622485 7
556264745 -186815 7
556387175 -2087611 14
556255960 -250601 14
556362210 -2607047 21
556257625 -273818 14
556255371 -242339 14
556275325 -1043339 28
556416460 -1248748 7
556275305 -521469 14
556387543 -4185486 28
556300357 -1308244 21
556345747 -2261316 21
556275868 -529320 14
556367145 -1807101 14
556333321 -2667200 28
556299108 -854601 14
556416917 -1251890 7
556362793 -1746187 14
556418712 -3793623 21
556401786 -1146120 7
556273533 -248226 7
556354103 -812337 7
556371072 -931161 7
556258829 -581359 28
556280129 -883438 21
556285932 -335150 7
556339807 -2848920 28
556259509 -300214 14
556346209 -756928 7
556272384 -960938 28
556404048 -4647523 28
556314287 -533652 7
556400908 -4559669 28
556317541 -1112599 14
556405876 -3524070 21
556291088 -742359 14
556324464 -2419165 28
556274743 -770273 21
556407355 -1185125 7
556387639 -1047035 7
556268403 -637092 21
556305047 -937765 14
556318901 -1697589 21
556423341 -5187730 28
556285058 -1315793 28
556298937 -1704418 28
556316044 -1091828 14
556356356 -828120 7
556276930 -544231 14
556327382 -2500956 28
556247476 -65801 7
556241767 -103805 28
556392637 -1081979 7
556239544 -10357 7
556355309 -2462136 21
556314550 -1070730 14
556366595 -1799539 14
556318349 -1685976 21
556358870 -1691269 14
556286456 -677577 14
556269137 -217429 7
556316818 -2205165 28
556401114 -4565387 28
556435663 -2766439 14
556242818 -66538 14
556345019 -1497306 14
556297283 -829029 14
556393099 -4341047 28
556412831 -2446828 14
556418731 -1264580 7
556381077 -4004315 28
556435064 -1378932 7
556336229 -687158 7
556259661 -151186 7
556244232 -129561 21
556433247 -2732547 14
556316856 -1103141 14
556269095 -868961 28
556267048 -608637 21
556333807 -2010622 21
556402751 -3458524 21
556250470 -347351 28
556287760 -1391441 28
556381863 -3019760 21
556251962 -97275 7
556256404 -128370 7
556423015 -3883934 21
556373617 -2846625 21
556378093 -1960337 14
556376509 -969059 7
556342679 -1464543 14
556314745 -2147095 28
556249542 -321317 28
556281802 -306119 7
556268544 -426772 14
556293589 -1554790 28
556239032 -6828 7
556431082 -1351090 7
556242406 -60839 14
556293768 -779878 14
556412696 -4889636 28
556425742 -1313811 7
556356514 -3316716 28
556253580 -108587 7
556393603 -2177597 14
556425140 -3928627 21
556350596 -2363255 21
556320961 -580366 7
556382742 -3038271 21
556371430 -933574 7
556302597 -1807039 28
556285256 -1321318 28
556266957 -809040 28
556400201 -1134888 7
556362695 -872366 7
556283820 -320245 7
556287660 -347099 7
556261468 -163922 7
556429236 -2676474 14
556421293 -1282625 7
556408482 -2385886 14
556247867 -205805 21
556430870 -5398552 28
556274712 -769712 21
556272077 -714309 21
556400280 -2271123 14
556364059 -2645982 21
556353775 -810027 7
556327407 -1250764 14
556272395 -720970 21
556332731 -2650694 28
556309507 -1000302 14
556326315 -1853271 21
556380749 -3995303 28
556387312 -4178903 28
556428919 -2672071 14
556420535 -3831838 21
556307817 -488207 7
556301169 -441792 7
556324821 -2429182 28
556311296 -2050604 28
556325684 -1840106 21
556372278 -939410 7
556286862 -341568 7
556423914 -1300933 7
556403804 -4640731 28
556313097 -1575617 21
556241553 -48844 14
556415057 -3716822 21
556434883 -2755484 14
556288031 -1399109 28
556321389 -1749752 21
556380659 -2994467 21
556427348 -5299943 28
556310893 -2039154 28
556437362 -2790207 14
556341896 -2907280 28
556238662 -8393 14
556251262 -277208 21
556330205 -1289985 14
556400034 -3401415 21
556288405 -352326 7
556424566 -2611081 14
556298211 -1684207 28
556308137 -1471591 21
556260896 -159925 7
556355382 -1642388 14
556283491 -635933 14
556281379 -303181 7
556242248 -58614 14
556301299 -1770694 28
556400676 -2276647 14
556260384 -312488 14
556399729 -1131699 7
556426111 -1316436 7
556268519 -639541 21
556418726 -1264627 7
556278849 -285419 7
556277188 -547781 14
556428027 -3989213 21
556329269 -1915355 21
556279964 -879946 21
556318898 -1131751 14
556383438 -4070534 28
556345544 -1504641 14
556383663 -4076743 28
556261373 -163210 7
556388420 -2105003 14
556301369 -1329346 21
556273958 -1005050 28
556290051 -363890 7
556283003 -1258238 28
556326454 -2475026 28
556261606 -164778 7
556278854 -285498 7
556248791 -225340 21
556297651 -417071 7
556303712 -1838145 28
556251431 -280791 21
556246326 -115705 14
556250107 -252894 21
556388855 -4222213 28
556336318 -2751175 28
556311105 -1533853 21
556260980 -160403 7
556336179 -1373661 14
556316791 -1653262 21
556382952 -2028440 14
556433475 -1367936 7
556432163 -2717303 14
556396083 -2212326 14
556312616 -2087550 28
556365677 -3573248 28
556301379 -1329615 21
556280807 -598415 14
556430796 -5396556 28
556368261 -2734134 21
556316341 -1643804 21
556265441 -191595 7
556297929 -1676294 28
556276831 -1085513 28
556270123 -448896 14
556293249 -386219 7
556405706 -1173469 7
556361832 -866332 7
556301812 -1785052 28
556434039 -2743592 14
556278505 -566125 14
556348143 -770584 7
556394444 -4378644 28
556332873 -1991083 21
556346561 -1518913 14
556372079 -1876197 14
556345343 -3003855 28
556409032 -2393586 14
556353338 -2420770 21
556368525 -3652975 28
556323006 -2378336 28
556260126 -154535 7
556388789 -3165313 21
556279836 -1169737 28
556426001 -5262208 28
556255964 -501253 28
556405538 -4689351 28
556430434 -4039711 21
556272222 -478233 14
556255831 -248805 14
556266907 -403883 14
556338719 -2818448 28
556339959 -713235 7
556327136 -2493951 28
556379793 -3968429 28
556324255 -603408 7
556304856 -935120 14
556259149 -147677 7
556384930 -3084207 21
556303126 -455430 7
556244447 -44628 7
556267028 -202729 7
556358103 -1680593 14
556291286 -372471 7
556311494 -1542149 21
556250357 -344191 28
556358929 -1692035 14
556361853 -866467 7
556364774 -886999 7
556291754 -1503330 28
556405612 -3518492 21
556337379 -2085623 21
556253130 -105375 7
556261587 -658613 28
556260845 -319021 14
556365963 -3581169 28
556381263 -1002334 7
556318136 -2242022 28
556338524 -703274 7
556390030 -4255052 28
556258378 -284397 14
556389275 -4233887 28
556396002 -3316728 21
556265200 -569894 21
556389830 -4249498 28
556271518 -936794 28
556429616 -1340803 7
556426550 -1319361 7
556398005 -4478419 28
556413608 -2457712 14
556398637 -1124102 7
556363206 -2627968 21
556342935 -2202313 21
556334489 -674993 7
556336665 -1380353 14
556414417 -1234457 7
556243830 -40296 7
556317301 -554674 7
556417957 -1259249 7
556316012 -1091267 14
556312805 -523106 7
556248772 -149970 14
556279393 -578641 14
556278310 -1126943 28
556274659 -256127 7
556324348 -1207985 14
556354457 -1629509 14
556369980 -1846888 14
556282282 -309595 7
556418694 -2528811 14
556286438 -1354486 28
556427567 -3979508 21
556263485 -355875 14
556338398 -2809386 28
556297292 -829278 14
556344932 -2992381 28
556408621 -1193863 7
556241377 -69639 21
556413221 -3678277 21
556326560 -1858458 21
556401877 -3440185 21
556366777 -900916 7
556412542 -3664001 21
556390282 -3196667 21
556277474 -275867 7
556278097 -1121002 28
556379620 -2972670 21
556315142 -1618642 21
556379564 -2971456 21
556408669 -1194213 7
556253169 -317241 21
556351868 -3186608 28
556267161 -203612 7
556380968 -2000767 14
556346050 -1511906 14
556325714 -2454311 28
556388875 -2111268 14
556266599 -798917 28
556323211 -2384123 28
556317341 -554996 7
556384731 -1026637 7
556352536 -3205248 28
556257237 -134242 7
556403634 -1158977 7
556289063 -357060 7
556424658 -1306108 7
556426286 -1317633 7
556280146 -883770 21
556387312 -3134303 21
556437036 -2785586 14
556309379 -998372 14
556294437 -1183778 21
556262808 -346445 14
556365210 -1780135 14
556297627 -833824 14
556432597 -1361823 7
556399566 -1130471 7
556287771 -1043787 21
556345408 -3005680 28
556243511 -114452 21
556354222 -813120 7
556369007 -1833168 14
556413069 -4900222 28
556278762 -284798 7
556399405 -1129432 7
556328092 -630196 7
556343766 -739873 7
556286786 -341052 7
556356276 -827520 7
556329318 -2555101 28
556397296 -3343980 21
556357434 -3342400 28
556352496 -3204179 28
556248065 -280107 28
556334327 -1347609 14
556320472 -2307493 28
556361558 -1728920 14
556277958 -279283 7
556349069 -777052 7
556369074 -3668271 28
556398227 -4484618 28
556405383 -4684999 28
556250448 -346813 28
556289286 -1075583 21
556259811 -304393 14
556248143 -141204 14
556265343 -190889 7
556408745 -1194712 7
556330411 -1939227 21
556281326 -1211461 28
556400759 -2277758 14
556333290 -666607 7
556430091 -4032521 21
556398273 -3364484 21
556298484 -422928 7
556335553 -682517 7
556398269 -3364274 21
556315223 -1080153 14
556406262 -3532209 21
556272294 -718769 21
556409552 -3601347 21
556365238 -3560933 28
556323602 -598755 7
556349137 -777543 7
556409144 -3592615 21
556300942 -440206 7
556299928 -1299076 21
556271837 -236369 7
556318908 -1697693 21
556292558 -762937 14
556378060 -2939972 21
556299528 -860541 14
556291810 -1128610 21
556263729 -359271 14
556386040 -3107469 21
556432707 -4087609 21
556285940 -335132 7
556436105 -2772546 14
556278902 -571831 14
556427763 -2655749 14
556352344 -799916 7
556322322 -2359199 28
556288016 -1049048 21
556264069 -546125 21
556365762 -1787738 14
556312044 -1035781 14
556397011 -2225223 14
556330265 -1936299 21
556315982 -1090816 14
556258956 -438849 21
556431309 -1352799 7
556375822 -3857164 28
556400673 -2276473 14
556346132 -2269539 21
556349038 -776726 7
556284905 -327864 7
556420008 -2547162 14
556370734 -3714869 28
556266515 -597518 21
556250596 -87688 7
556397233 -1114094 7
556407226 -3552512 21
556254270 -453832 28
556280174 -294857 7
556356336 -3311558 28
556358559 -1687000 14
556415038 -3716408 21
556252441 -402510 28
556343907 -2963726 28
556290096 -364287 7
556318787 -2260289 28
556431088 -2702410 14
556419927 -3819084 21
556382168 -1008741 7
556419566 -2541053 14
556276834 -542801 14
556394419 -4377932 28
556340401 -1432736 14
556436901 -1391845 7
556404213 -3489203 21
556407955 -4757016 28
556300436 -1746384 28
556241277 -89947 28
556380400 -1992765 14
556437756 -4193512 21
556248252 -285283 28
556315818 -544352 7
556309915 -1508867 21
556379938 -3972501 28
556434712 -5506213 28
556432997 -2729061 14
556299946 -1299487 21
556297632 -1667869 28
556394189 -3278684 21
556255881 -124750 7
556267602 -620292 21
556270223 -450284 14
556363133 -1751047 14
556370941 -3720632 28
556309558 -500506 7
556371774 -935905 7
556326102 -1232518 14
556299950 -1732846 28
556315850 -1088943 14
556290183 -1459374 28
556266362 -396129 14
556367975 -909439 7
556357037 -3331362 28
556425363 -5244334 28
556431720 -4066817 21
556401747 -2291676 14
556286065 -1344114 28
556364967 -888284 7
556408617 -1193857 7
556280237 -1180799 28
556360373 -856253 7
556336512 -2756532 28
556413852 -2461127 14
556242614 -31854 7
556299744 -431692 7
556419617 -5083571 28
556421879 -1286780 7
556296548 -1637501 28
556279034 -286731 7
556240772 -18897 7
556243948 -82473 14
556272913 -975752 28
556272298 -479307 14
556302244 -1347777 21
556404409 -4657590 28
556309537 -2001260 28
556289423 -1437988 28
556254041 -223668 14
556244847 -94902 14
556402204 -4596001 28
556335135 -2038521 21
556393537 -4353200 28
556348452 -772672 7
556366362 -1796264 14
556388194 -2101745 14
556421637 -3855021 21
556322081 -1176336 14
556267638 -621129 21
556402872 -4614703 28
556282026 -1230915 28
556264180 -731335 28
556367474 -905863 7
556392859 -4334189 28
556309132 -1989963 28
556383017 -2029377 14
556387255 -3132969 21
556349321 -3115228 28
556437425 -4186626 21
556239375 -18325 14
556266079 -392206 14
556350788 -2367226 21
556254087 -336572 21
556306211 -477070 7
556334090 -2688691 28
556365533 -892333 7
556350365 -1572158 14
556399902 -1132871 7
556374541 -3821346 28
556369537 -920230 7
556401637 -1144999 7
556372142 -2815676 21
556365531 -3569174 28
556262584 -514899 21
556303485 -1831875 28
556339537 -710244 7
556247946 -276813 28
556343972 -2224028 21
556325675 -2453065 28
556303207 -455981 7
556406219 -2354106 14
556310179 -504822 7
556305534 -944566 14
556331153 -1303198 14
556424972 -5233536 28
556299181 -855638 14
556356289 -827537 7
556242465 -92447 21
556341275 -1444978 14
556241144 -64651 21
556272747 -242876 7
556255316 -120734 7
556261289 -487823 21
556407310 -4738874 28
556381045 -2001735 14
556279779 -1168076 28
556306418 -1913861 28
556310779 -1018008 14
556249994 -334068 28
556316060 -1637939 21
556425111 -2618593 14
556325535 -1836879 21
556283672 -638552 14
556353383 -1614548 14
556298467 -845568 14
556353746 -2429324 21
556408064 -4760057 28
556269656 -442268 14
556368667 -2742617 21
556328114 -1891112 21
556282346 -309980 7
556360851 -859603 7
556320247 -1725954 21
556399035 -1126819 7
556356593 -3318803 28
556412991 -3673456 21
556411609 -3644550 21
556353558 -1616858 14
556350420 -3145974 28
556416913 -3755841 21
556338105 -700247 7
556295615 -805749 14
556383628 -2037974 14
556262075 -336083 14
556396593 -3329179 21
556316132 -1093058 14
556238855 -5597 7
556321314 -1748346 21
556242607 -95376 21
556352545 -2404124 21
556329535 -2561192 28
556276530 -807866 21
556304429 -1393657 21
556287518 -1038621 21
556349046 -3107623 28
556410952 -4840937 28
556241645 -75164 21
556383122 -1015350 7
556300124 -1737611 28
556261059 -321905 14
556304977 -468337 7
556280915 -1199904 28
556372768 -1885894 14
556329446 -639608 7
556362032 -2603332 21
556379337 -3955684 28
556329362 -1917311 21
556250968 -271060 21
556275256 -781051 21
556436726 -1390726 7
556304028 -1385280 21
556340392 -2865139 28
556342545 -731403 7
556351952 -797203 7
556308455 -1478271 21
556381742 -2011408 14
556341044 -1441682 14
556363077 -2625196 21
556298527 -1692998 28
556313062 -524918 7
556278136 -280569 7
556383361 -1017039 7
556241027 -20811 7
556261299 -325364 14
556294224 -786307 14
556257011 -530566 28
556282524 -622420 14
556351555 -1588811 14
556330296 -2582462 28
556423064 -2589998 14
556307800 -1952591 28
556418939 -5064575 28
556413932 -1231124 7
556269570 -441058 14
556321821 -1172556 14
556408378 -3576667 21
556326300 -617610 7
556432122 -5433659 28
556304090 -1848807 28
556436629 -4169821 21
556437245 -4182786 21
556409051 -1196843 7
556260633 -631863 28
556418464 -2525621 14
556319587 -1141315 14
556261277 -324909 14
556367680 -3629341 28
556303316 -1827081 28
556318733 -1129475 14
556262364 -510286 21
556299449 -1718836 28
556329989 -1286955 14
556391220 -3216343 21
556424944 -2616426 14
556242918 -135869 28
556407304 -1184666 7
556306702 -960872 14
556243061 -139929 28
556310609 -507837 7
556307014 -482595 7
556260488 -627855 28
556282915 -627949 14
556261949 -334490 14
556304720 -933221 14
556352156 -3194636 28
556382368 -3030349 21
556353113 -805432 7
556266572 -798255 28
556384542 -1025400 7
556414210 -2466032 14
556259858 -305207 14
556412979 -4897566 28
556358991 -846452 7
556333848 -1341065 14
556295819 -1212894 21
556335872 -2738592 28
556357533 -1672553 14
556322454 -1772286 21
556250376 -172384 14
556360050 -3415599 28
556307256 -1453120 21
556400117 -2268793 14
556249505 -80025 7
556269656 -663483 21
556242792 -132451 28
556328916 -1271989 14
556414285 -1233544 7
556388291 -2103282 14
556407014 -2365264 14
556299938 -1732403 28
556335324 -2723322 28
556383450 -3053160 21
556398630 -3371925 21
556422354 -1290102 7
556403126 -4621802 28
556285055 -328997 7
556428314 -5327000 28
556324348 -1207929 14
556282097 -1232945 28
556422925 -1293941 7
556296502 -1227147 21
556369785 -1844114 14
556293868 -1171841 21
556419981 -1273511 7
556409979 -4813604 28
556336909 -2767748 28
556251251 -369317 28
556355909 -3299769 28
556252070 -98040 7
556430676 -5393241 28
556353988 -811472 7
556267651 -414308 14
556240427 -33146 14
556246504 -59008 7
556404805 -2334433 14
556404789 -2334236 14
556403686 -4637446 28
556341894 -2180505 21
556274689 -512801 14
556380964 -4001175 28
556391510 -2148261 14
556308557 -493479 7
556271769 -943823 28
556412194 -2437925 14
556344226 -743153 7
556371012 -3722571 28
556414145 -3697671 21
556297129 -1240441 21
556292060 -1133851 21
556351137 -2374508 21
556268767 -214843 7
556352888 -803729 7
556250620 -351641 28
556276523 -538387 14
556365768 -894002 7
556356829 -3325450 28
556405463 -1171741 7
556399802 -4528609 28
556312944 -1572543 21
556345586 -1505339 14
556406346 -2355952 14
556411322 -3638415 21
556282316 -1239016 28
556253446 -215385 14
556326122 -1849300 21
556267936 -209169 7
556320983 -1741395 21
556326885 -2486929 28
556378981 -2959373 21
556398532 -4493223 28
556266732 -601996 21
556412325 -4879384 28
556290222 -1460373 28
556395946 -2210444 14
556414423 -1234501 7
556433811 -5480908 28
556356328 -827889 7
556373679 -949391 7
556242856 -33469 7
556306398 -478383 7
556264956 -752953 28
556314644 -2144221 28
556271314 -698247 21
556365429 -1783139 14
556375853 -2893535 21
556263993 -181437 7
556385855 -4138126 28
556391745 -1075813 7
556244237 -129619 21
556246835 -245634 28
556271005 -922469 28
556319166 -567674 7
556432164 -1358730 7
556385014 -1028603 7
556243360 -111205 21
556389765 -3185717 21
556397808 -1118289 7
556239806 -48800 28
556339675 -711212 7
556322169 -588783 7
556313126 -2101855 28
556430144 -5378207 28
556268220 -211020 7
556250303 -171364 14
556331179 -2607205 28
556427064 -1323084 7
556356867 -3326439 28
556345117 -1498674 14
556420065 -2548092 14
556329324 -638814 7
556256468 -128894 7
556392340 -1079883 7
556286502 -1017200 21
556350294 -2356795 21
556259141 -442576 21
556414832 -2474774 14
556301718 -1336718 21
556373055 -944914 7
556247560 -265984 28
556284589 -977108 21
556278003 -838710 21
556407717 -1187631 7
556413802 -1230246 7
556424211 -1302989 7
556255349 -241983 14
556319503 -1710215 21
556330144 -1933601 21
556423164 -2591421 14
556363862 -880677 7
556408885 -4782992 28
556428640 -4002049 21
556425589 -1312747 7
556332055 -1315902 14
556366474 -3595552 28
556396284 -4430226 28
556434399 -4123116 21
556418749 -1264730 7
556326101 -616319 7
556299426 -1288572 21
556265453 -383546 14
556385451 -1031709 7
556259464 -149858 7
556356532 -2487843 21
556371875 -3746639 28
556338984 -2119260 21
556323049 -2379538 28
556336925 -691997 7
556264013 -181612 7
556321194 -1745844 21
556375387 -3845014 28
556332215 -659151 7
556277662 -554470 14
556401727 -4582641 28
556309726 -1504968 21
556375861 -2893695 21
556356640 -830042 7
556284356 -323972 7
556368430 -912656 7
556339023 -1413402 14
556371985 -1874817 14
556271479 -467874 14
556351999 -2392623 21
556386857 -2083064 14
556252982 -417769 28
556315904 -2179454 28
556374627 -956000 7
556356533 -1658672 14
556246573 -59617 7
556437261 -1394306 7
556324712 -1819546 21
556304445 -929410 14
556361732 -865648 7
556270287 -902306 28
556333184 -1331706 14
556436232 -2774291 14
556384129 -1022559 7
556360784 -859003 7
556258991 -293036 14
556295671 -1209710 21
556243086 -70416 14
556340405 -2149087 21
556273604 -746457 21
556437905 -5595637 28
556309302 -997432 14
556398881 -4502827 28
556368549 -913494 7
556437395 -2790619 14
556288903 -1423532 28
556400292 -3406844 21
556323521 -598141 7
556275934 -265118 7
556307997 -489611 7
556402182 -3446470 21
556327559 -626452 7
556385924 -3105045 21
556333972 -1342712 14
556353204 -805948 7
556414671 -3708851 21
556341548 -1448854 14
556421471 -5135457 28
556412266 -3658354 21
556361733 -865596 7
556305392 -942633 14
556372150 -1877256 14
556246517 -118371 14
556251771 -191861 14
556313359 -1581126 21
556277984 -1117852 28
556390583 -3202841 21
556348769 -774961 7
556322432 -2362242 28
556240743 -37431 14
556432754 -5451322 28
556246993 -249954 28
556350516 -1574262 14
556269597 -441558 14
556412999 -4898249 28
556245397 -51349 7
556400460 -1136784 7
556276834 -814264 21
556260244 -621042 28
556339474 -2129547 21
556413581 -2457201 14
556241964 -81945 21
556256653 -520546 28
556286557 -339419 7
556384876 -3083120 21
556246900 -185495 21
556363421 -2632440 21
556297263 -1657598 28
556278456 -282802 7
556433285 -4099651 21
556429326 -5355412 28
556276200 -266920 7
556317569 -1113055 14
556418552 -2526793 14
556251207 -92076 7
556294216 -786085 14
556305084 -1876571 28
556275265 -781209 21
556351267 -792504 7
556434075 -4116270 21
556425898 -3944495 21
556317261 -1663059 21
556319049 -2267618 28
556240565 -69958 28
556328843 -1271006 14
556426205 -2633908 14
556312048 -1035799 14
556347261 -2293074 21
556260631 -631987 28
556424474 -3914710 21
556252644 -306241 21
556315442 -1625000 21
556349911 -3131653 28
556312711 -1567636 21
556426870 -2643385 14
556345512 -3008474 28
556375283 -960591 7
556368230 -3644607 28
556428093 -3990704 21
556277189 -273887 7
556380654 -1996224 14
556258876 -582717 28
556415707 -1243558 7
556243852 -162063 28
556383383 -2034556 14
556400941 -1140068 7
556322535 -1182610 14
556338464 -1405642 14
556397321 -2229569 14
556263810 -360521 14
556362967 -874271 7
556420904 -1279838 7
556270748 -686419 21
556336059 -2743954 28
556346928 -1524209 14
556340948 -1440431 14
556339307 -2834890 28
556431598 -1354797 7
556302379 -1350683 21
556399590 -4522854 28
556403657 -4636709 28
556258316 -141867 7
556319486 -1139995 14
556297962 -838495 14
556434469 -1374807 7
556247786 -272248 28
556305825 -474371 7
556276246 -1069182 28
556429648 -5364366 28
556249028 -76799 7
556424245 -5213192 28
556430459 -1346843 7
556305388 -471352 7
556367265 -3617599 28
556371068 -931079 7
556325426 -1834569 21
556294532 -395239 7
556249741 -163461 14
556354230 -1626244 14
556337262 -2083238 21
556362939 -1748166 14
556301324 -1328494 21
556353884 -1621486 14
556394446 -4378641 28
556295332 -1202710 21
556398994 -4506137 28
556284534 -975817 21
556288643 -708152 14
556422704 -2584899 14
556378866 -2956886 21
556255972 -376074 21
556357912 -2516869 21
556308944 -496215 7
556357211 -1668068 14
556238932 -6143 7
556421849 -2573102 14
556241072 -63170 21
556251711 -286696 21
556241489 -71903 21
556406440 -3535974 21
556318571 -2254186 28
556343083 -1470314 14
556400839 -1139416 7
556266063 -783972 28
556374852 -2872571 21
556374615 -2867610 21
556320190 -1149778 14
556402169 -3446255 21
556343225 -1472255 14
556356896 -1663647 14
556294233 -393102 7
556262763 -172969 7
556434369 -2748244 14
556378496 -1966124 14
556305029 -1406215 21
556421362 -2566226 14
556348166 -2312236 21
556271855 -473099 14
556433771 -5479730 28
556294429 -789109 14
556328722 -1269194 14
556275392 -522702 14
556260822 -159385 7
556333315 -2000322 21
556310131 -1513408 21
556332696 -662453 7
556275776 -528071 14
556246763 -243586 28
556238804 -15530 21
556297530 -1665019 28
556278483 -565834 14
556393514 -3264463 21
556407320 -2369679 14
556381758 -1005852 7
556274077 -756228 21
556315013 -1077269 14
556290751 -1106429 21
556324353 -2416159 28
556275472 -523798 14
556271765 -235919 7
556312420 -2081898 28
556378819 -3941082 28
556364004 -1763095 14
556345734 -3014805 28
556375745 -2891406 21
556357927 -2517233 21
556329225 -1276181 14
556404648 -2332272 14
556251911 -96983 7
556241846 -53025 14
556306272 -1432321 21
556297399 -1661431 28
556341922 -727085 7
556353731 -3238771 28
556361952 -1734407 14
556360161 -2564095 21
556368333 -911857 7
556403143 -1155623 7
556394735 -3290143 21
556285157 -1318580 28
556410509 -4828574 28
556315096 -539288 7
556420966 -2560567 14
556324102 -602354 7
556347132 -2290531 21
556273210 -245983 7
556346380 -1516388 14
556290684 -1104974 21
556406193 -1176814 7
556238895 -5731 7
556405051 -4675612 28
556408199 -3572772 21
556362531 -3485106 28
556417061 -5011847 28
556308945 -496232 7
556359245 -2544784 21
556302774 -1358886 21
556333334 -666824 7
556376359 -2904223 21
556284894 -655679 14
556339740 -2135125 21
556263792 -180024 7
556392881 -2167475 14
556414789 -3711229 21
556424394 -5217240 28
556374971 -2874999 21
556280036 -293869 7
556287905 -697867 14
556372912 -1887901 14
556432601 -2723480 14
556392274 -4317885 28
556274618 -767711 21
556304461 -929629 14
556271726 -235727 7
556365334 -1781736 14
556415120 -4957596 28
556251863 -289796 21
556336790 -691123 7
556360673 -1716476 14
556320366 -2304525 28
556275049 -1035636 28
556240198 -29942 14
556344622 -1491806 14
556409189 -3593658 21
556284592 -325781 7
556378311 -981805 7
556372469 -1881757 14
556435065 -4137070 21
556261862 -666466 28
556242995 -69089 14
556238302 -1661 7
556312693 -1567130 21
556250616 -87921 7
556372678 -3769173 28
556421326 -2565599 14
556332013 -2630662 28
556278161 -561388 14
556389667 -3183654 21
556326478 -1856731 21
556406334 -2355706 14
556283213 -632023 14
556283824 -960929 21
556329920 -1928913 21
556300624 -1313819 21
556408790 -4780409 28
556272048 -713667 21
556240868 -19719 7
556301365 -443052 7
556310616 -507809 7
556267421 -205495 7
556305477 -1415714 21
556250212 -170168 14
556362955 -874323 7
556242086 -56223 14
556430152 -4033806 21
556278228 -843369 21
556355664 -3292750 28
556282523 -311287 7
556271546 -703172 21
556337807 -698144 7
556303183 -1367614 21
556316594 -549662 7
556329684 -1924008 21
556326756 -620941 7
556368918 -2747877 21
556363279 -876533 7
556412664 -4888850 28
556434449 -2749397 14
556246552 -118803 14
556357284 -3338105 28
556367729 -2723044 21
556319235 -568130 7
556376846 -3885952 28
556345099 -2996960 28
556406758 -4723396 28
556399707 -3394556 21
556250447 -346697 28
556329309 -1916177 21
556278112 -560646 14
556338471 -702812 7
556298464 -1691157 28
556366124 -1792812 14
556342014 -1455390 14
556271275 -464947 14
556397415 -4461849 28
556358477 -3371526 28
556291302 -372659 7
556378561 -3933902 28
556279305 -577454 14
556247088 -252654 28
556369262 -1836868 14
556331748 -655803 7
556436471 -5555435 28
556395434 -1101665 7
556238674 -17175 28
556410752 -3626533 21
556332562 -661566 7
556274532 -1021045 28
556428118 -2660693 14
556330478 -1940731 21
556331964 -2629201 28
556330317 -2583013 28
556298150 -1682486 28
556403404 -2314818 14
556261035 -321511 14
556436431 -1388584 7
556355971 -825443 7
556318275 -2245949 28
556418696 -2528941 14
556415126 -4957682 28
556361830 -1732802 14
556293927 -782032 14
556265235 -380445 14
556337763 -697879 7
556382610 -2023635 14
556264856 -187477 7
556243939 -41230 7
556305098 -938491 14
556370115 -924415 7
556321306 -1165311 14
556414746 -2473576 14
556340314 -2862946 28
556391470 -1073932 7
556436380 -2776444 14
556239336 -26748 21
556349927 -1566125 14
556370130 -2773423 21
556282820 -1253201 28
556404195 -4651757 28
556242440 -91855 21
556288924 -1068164 21
556376417 -1936908 14
556400928 -1139974 7
556258600 -143822 7
556425166 -2619476 14
556425005 -3925811 21
556285516 -1328618 28
556318897 -2263421 28
556299095 -854438 14
556295228 -400076 7
556406342 -2355960 14
556393049 -1084874 7
556275183 -519669 14
556323491 -597954 7
556243423 -112627 21
556311754 -1547419 21
556433435 -4102844 21
556425729 -5254727 28
556350698 -2365418 21
556312121 -518390 7
556273926 -1004147 28
556420957 -2560435 14
556377898 -1957621 14
556356278 -827589 7
556287009 -342641 7
556327100 -1246550 14
556346182 -1513691 14
556382906 -4055681 28
556417917 -5035855 28
556341729 -2176932 21
556428117 -2660844 14
556406645 -4720341 28
556278613 -1135394 28
556347878 -2306187 21
556396335 -2215778 14
556412300 -1219574 7
556429333 -1338855 7
556330063 -1288046 14
556272613 -241805 7
556325312 -1221548 14
556395631 -2206010 14
556436410 -4165306 21
556354362 -1628238 14
556432516 -5444690 28
556397865 -3355942 21
556254022 -223409 14
556334618 -2027623 21
556396344 -4431905 28
556245713 -53595 7
556322490 -2364035 28
556280885 -1199043 28
556424721 -2613285 14
556427574 -2653157 14
556430702 -5393905 28
556432912 -2727870 14
556365531 -3569070 28
556337270 -694436 7
556309237 -1992811 28
556413466 -4911247 28
556390230 -3195468 21
556334821 -2709140 28
556361711 -2596532 21
556416080 -4984466 28
556433192 -2731841 14
556436438 -4165914 21
556413744 -4919108 28
556280725 -298655 7
556403336 -4627724 28
556359615 -850855 7
556419125 -1267430 7
556382961 -2028650 14
556423593 -3896152 21
556410716 -2417149 14
556353639 -1617980 14
556391804 -1076106 7
556282716 -312612 7
556437323 -4184446 21
556280340 -887859 21
556298648 -1696374 28
556262929 -522272 21
556394562 -2190905 14
556249470 -319361 28
556400237 -4540837 28
556367905 -2726774 21
556383394 -4069278 28
556405018 -1168676 7
556291625 -374903 7
556358462 -842848 7
556253699 -328452 21
556240864 -19626 7
556279308 -288788 7
556387249 -3132814 21
556347074 -1526117 14
556331953 -1971711 21
556379519 -2970596 21
556247942 -69200 7
556296007 -1622374 28
556364436 -884513 7
556371620 -1869771 14
556274690 -256462 7
556417023 -1252791 7
556352430 -1601166 14
556354456 -2444172 21
556266412 -198502 7
556421710 -3856571 21
556413671 -4916954 28
556259945 -459489 21
556271100 -925055 28
556421404 -1283476 7
556323272 -1192854 14
556365290 -1781155 14
556355039 -2456590 21
556361181 -3447226 28
556368572 -2740661 21
556306806 -1443699 21
556405170 -2339545 14
556413356 -3681084 21
556286291 -1012722 21
556332667 -1986662 21
556262637 -171978 7
556355681 -2469885 21
556425236 -2620330 14
556274988 -258416 7
556309853 -502589 7
556437771 -1397962 7
556365790 -3576361 28
556425548 -1312438 7
556405289 -2341188 14
556412245 -2438642 14
556245733 -107287 14
556327541 -1879096 21
556377710 -977518 7
556421090 -3843644 21
556309179 -995632 14
556368808 -3660864 28
556290946 -1480711 28
556274514 -510350 14
556334178 -2691173 28
556303310 -456804 7
556316270 -1642400 21
556284131 -1289888 28
556298541 -846706 14
556427227 -2648270 14
556414986 -4953839 28
556311784 -516022 7
556311193 -1535657 21
556308866 -495661 7
556419307 -1268786 7
556282106 -308335 7
556284176 -968364 21
556330174 -1934422 21
556334684 -2028986 21
556333993 -671506 7
556429722 -1341700 7
556433118 -2730830 14
556255213 -360247 21
556377484 -2927933 21
556385551 -3097184 21
556290983 -740859 14
556341759 -2903483 28
556390438 -1066658 7
556423835 -5201601 28
556419957 -1273315 7
556285589 -998070 21
556390708 -2137047 14
556432665 -2724371 14
556249677 -325255 28
556425546 -2624706 14
556329434 -1918846 21
556432168 -4076130 21
556397717 -3352688 21
556355646 -2469270 21
556249333 -78879 7
556352880 -3214810 28
556263023 -349511 14
556384176 -3068298 21
556358068 -3360236 28
556331050 -650994 7
556322449 -2362790 28
556416508 -3747358 21
556414187 -4931480 28
556399989 -2266935 14
556317997 -2238239 28
556273790 -750225 21
556334071 -1344079 14
556275636 -1052063 28
556336333 -2751569 28
556381764 -1005957 7
556375862 -1929244 14
556388693 -2108775 14
556427250 -2648598 14
556401166 -2283495 14
556239204 -16069 14
556406466 -3536394 21
556368448 -2738040 21
556411647 -4860277 28
556324169 -1205548 14
556322444 -2362649 28
556391036 -2141629 14
556317677 -2229211 28
556380270 -3981724 28
556402716 -4610263 28
556386186 -2073729 14
556293358 -387122 7
556356028 -825704 7
556368984 -1832822 14
556431377 -4059668 21
556290145 -364558 7
556291975 -754769 14
556419104 -2534575 14
556343869 -2222009 21
556354889 -817768 7
556314496 -534945 7
556306098 -476292 7
556301470 -887746 14
556267483 -823780 28
556273855 -751589 21
556362252 -2607914 21
556363173 -2627368 21
556332130 -1317038 14
556317755 -2231462 28
556309051 -1987666 28
556247342 -194792 21
556409255 -2396722 14
556317234 -1108387 14
556395226 -4400554 28
556345578 -752545 7
556338992 -2119541 21
556413205 -2452016 14
556373565 -948600 7
556328079 -630162 7
556341368 -2169333 21
556404208 -3489082 21
556286005 -1006834 21
556277280 -823646 21
556329820 -2569148 28
556405818 -1174324 7
556420286 -1275525 7
556411574 -3643767 21
556436815 -4173881 21
556314312 -1601164 21
556418629 -3791877 21
556408788 -2390093 14
556279429 -868633 21
556425693 -5253569 28
556371781 -1872008 14
556362645 -3488231 28
556422942 -1294118 7
556280506 -594260 14
556316992 -552524 7
556351275 -2377392 21
556359346 -2546871 21
556402495 -1151019 7
556341708 -1451021 14
556374406 -2863183 21
556351220 -1584297 14
556277258 -274287 7
556415574 -4970314 28
556285553 -1329651 28
556381110 -1001322 7
556437622 -5587617 28
556274714 -513057 14
556396813 -1111233 7
556248783 -300146 28
556337186 -693946 7
556385962 -4141124 28
556426152 -5266573 28
556309434 -999204 14
556350420 -786486 7
556255296 -482435 28
556330255 -1290622 14
556263265 -352784 14
556254588 -115695 7
556390360 -2132112 14
556298503 -1269168 21
556436912 -1391982 7
556297035 -1238344 21
556361536 -1728660 14
556270696 -913698 28
556398950 -3378529 21
556256994 -132468 7
556298225 -1684455 28
556408472 -4771408 28
556253243 -106346 7
556326298 -1852948 21
556291363 -1119319 21
556375632 -2888902 21
556375529 -1924459 14
556418850 -5062061 28
556352980 -2413285 21
556378071 -3920271 28
556407475 -1185787 7
556259008 -146645 7
556274915 -1031912 28
556351855 -2389702 21
556244461 -89522 14
556399050 -4507678 28
556433326 -5467265 28
556380094 -994119 7
556284817 -654597 14
556407304 -3554145 21
556314388 -2137015 28
556327747 -1255552 14
556366276 -2692520 21
556270433 -453251 14
556402379 -2300522 14
556388811 -4220894 28
556316727 -550598 7
556349472 -1559799 14
556369733 -3686696 28
556430637 -4043994 21
556275210 -520111 14
556374956 -3833089 28
556401188 -4567599 28
556295649 -1209330 21
556250070 -252066 21
556344804 -2988699 28
556273497 -744031 21
556434204 -2745959 14
556397668 -3351750 21
556427198 -2647950 14
556291119 -742845 14
556377285 -3898190 28
556432454 -4082153 21
556388677 -3162864 21
556416605 -1249781 7
556380365 -996154 7
556429393 -4017971 21
556257536 -545189 28
556351654 -1590302 14
556313621 -1586807 21
556393216 -3258238 21
556392028 -2155420 14
556278923 -286088 7
556332618 -661954 7
556356348 -1655971 14
556434082 -1372062 7
556423072 -3885089 21
556384038 -1021830 7
556264315 -551234 21
556319949 -1719572 21
556410080 -1204079 7
556275963 -1061257 28
556285156 -1318604 28
556246787 -60975 7
556287597 -1040238 21
556250707 -177042 14
556422399 -1290374 7
556252046 -391497 28
556416271 -4989883 28
556248823 -150640 14
556361840 -866494 7
556406177 -3530383 21
556264118 -364769 14
556280115 -294331 7
556270471 -907463 28
556351613 -3179303 28
556285515 -332231 7
556315448 -1625137 21
556258913 -291889 14
556406012 -4702552 28
556264681 -558944 21
556353315 -806701 7
556363930 -1762085 14
556403496 -3474178 21
556375641 -963136 7
556325073 -609021 7
556271252 -232232 7
556338405 -702378 7
556246006 -222466 28
556318728 -1129229 14
556301747 -445773 7
556271808 -472358 14
556393545 -3265052 21
556366362 -3592320 28
556239223 -16145 14
556424825 -2614626 14
556272818 -973188 28
556284813 -981680 21
556415019 -1238669 7
556410889 -1209682 7
556422992 -1294432 7
556371959 -2811894 21
556321884 -1173575 14
556240087 -14163 7
556345483 -2255819 21
556376231 -3868722 28
556377764 -2933756 21
556353435 -3230481 28
556241151 -43153 14
556257267 -268909 14
556249236 -156512 14
556415045 -1238882 7
556352364 -3200426 28
556258148 -281186 14
556337369 -695073 7
556238198 -964 7
556401304 -4570652 28
556422127 -3865387 21
556323059 -2379907 28
556330431 -1293080 14
556434355 -4122136 21
556357520 -1672471 14
556375793 -1928320 14
556331284 -1957669 21
556430177 -4034360 21
556267345 -204951 7
556412438 -1220547 7
556248659 -296770 28
556393195 -4343716 28
556300186 -1304601 21
556289067 -357124 7
556391407 -2146755 14
556358959 -846372 7
556335383 -2724907 28
556413814 -3690752 21
556246604 -179428 21
556364632 -3543982 28
556436089 -2772299 14
556270429 -906335 28
556376047 -3863542 28
556407440 -1185557 7
556368114 -3641430 28
556413536 -2456658 14
556309703 -2005978 28
556377626 -3907730 28
556323683 -1797952 21
556262330 -679521 28
556423395 -3891933 21
556249503 -160250 14
556251665 -285710 21
556424015 -3904963 21
556246970 -249451 28
556245334 -203680 28
556379528 -2970790 21
556255150 -119542 7
556258284 -141563 7
556337024 -2770919 28
556332458 -660835 7
556411812 -2432537 14
556259232 -148185 7
556282835 -626905 14
556266817 -201377 7
556370342 -3703866 28
556405186 -1169919 7
556341541 -2172992 21
556330466 -1293647 14
556322782 -2372203 28
556287690 -1042227 21
556275836 -528845 14
556242338 -59893 14
556307512 -1458452 21
556272886 -731351 21
556242531 -125190 28
556389066 -2114068 14
556314389 -2137155 28
556246343 -173835 21
556326109 -616373 7
556383148 -4062411 28
556266979 -202434 7
556335542 -682328 7
556390767 -1068958 7
556375667 -2889723 21
556421656 -1285236 7
556269060 -650877 21
556334329 -1347708 14
556374572 -2866763 21
556334189 -2691468 28
556354696 -3265727 28
556275369 -783506 21
556261391 -326589 14
556250450 -260114 21
556243421 -112537 21
556318634 -1692018 21
556435428 -1381466 7
556290088 -728268 14
556398271 -2242972 14
556283533 -318294 7
556435715 -1383616 7
556299450 -859358 14
556420646 -2556222 14
556326152 -1849804 21
556271452 -701205 21
556363115 -1750667 14
556245260 -151220 21
556241745 -51616 14
556384545 -3076178 21
556408956 -1196263 7
556317773 -1673991 21
556316077 -1092148 14
556437039 -4178510 21
556422095 -3864577 21
556347918 -3075949 28
556359859 -1705221 14
556311868 -2066575 28
556402624 -3455848 21
556251205 -367889 28
556268304 -846780 28
556294168 -392777 7
556388475 -3158648 21
556312075 -1036231 14
556246104 -225119 28
556296216 -1628194 28
556355952 -2475696 21
556354531 -1630524 14
556250238 -255681 21
556429806 -4026504 21
556262058 -671951 28
556337427 -2782127 28
556280493 -593992 14
556302679 -452351 7
556326988 -622479 7
556279670 -582474 14
556404448 -2329355 14
556343376 -737242 7
556326970 -1244661 14
556283337 -633923 14
556431255 -5409463 28
556387893 -1048839 7
556382962 -2028517 14
556334058 -2687860 28
556369836 -922476 7
556388160 -3152115 21
556389180 -2115686 14
556392821 -2166536 14
556427497 -1325970 7
556314997 -1615604 21
556401563 -4578096 28
556246789 -244415 28
556394576 -3286798 21
556375782 -2892006 21
556355946 -1650337 14
556273193 -983636 28
556325009 -2434585 28
556417833 -1258438 7
556307480 -1457782 21
556437883 -4196297 21
556255048 -118956 7
556352963 -2412941 21
556282622 -311985 7
556425537 -2624593 14
556357870 -3354581 28
556415603 -2485658 14
556368823 -915229 7
556424493 -5220026 28
556389845 -3187431 21
556351655 -795186 7
556363712 -3518083 28
556418361 -1262120 7
556261897 -333586 14
556331940 -657043 7
556343953 -1482533 14
556377894 -3915315 28
556400403 -4545617 28
556367501 -3624293 28
556372615 -3767456 28
556346008 -3022403 28
556421764 -2571847 14
556374009 -1903238 14
556272523 -482483 14
556301785 -1338149 21
556305365 -471127 7
556258781 -435096 21
556332039 -657771 7
556321393 -1749886 21
556340365 -2864418 28
556340017 -1427262 14
556355858 -3298267 28
556272449 -481483 14
556386414 -2076827 14
556372732 -2828106 21
556242162 -57302 14
556296632 -1230029 21
556358319 -841868 7
556354455 -1629390 14
556420137 -5098153 28
556253317 -427099 28
556251268 -184928 14
556418660 -5056719 28
556302125 -1793793 28
556368954 -916207 7
556293089 -385249 7
556384520 -1025137 7
556290148 -1093878 21
556276150 -1066344 28
556240859 -78261 28
556347464 -3063206 28
556391485 -3221789 21
556266958 -809096 28
556409408 -3598210 21
556305741 -947479 14
556393767 -1089969 7
556389082 -4228511 28
556350066 -3136025 28
556394583 -3286922 21
556400691 -2276731 14
556390130 -2128960 14
556389275 -2116956 14
556429801 -4026454 21
556252697 -102466 7
556431485 -4061919 21
556434000 -1371591 7
556263324 -707373 28
556291985 -754910 14
556402668 -4608889 28
556368861 -1831072 14
556281508 -1216421 28
556417284 -2509189 14
556253249 -106207 7
556242550 -125707 28
556241417 -47005 14
556386998 -4170239 28
556389251 -1058325 7
556398529 -4493109 28
556352180 -3195289 28
556277765 -277886 7
556399474 -3389542 21
556244762 -187654 28
556411218 -1212028 7
556317447 -555656 7
556341578 -1449289 14
556424831 -5229440 28
556432151 -4075784 21
556346285 -1515110 14
556436111 -4158920 21
556302521 -902464 14
556372070 -3752290 28
556299240 -856558 14
556275658 -263183 7
556304862 -467514 7
556366891 -1803561 14
556397640 -2234170 14
556331073 -1953204 21
556313228 -1578556 21
556425994 -2630964 14
556339330 -2835542 28
556425872 -3943965 21
556244090 -168852 28
556313148 -1576705 21
556251234 -368779 28
556419766 -3815796 21
556262617 -171803 7
556295677 -403391 7
556269788 -888302 28
556265404 -191478 7
556335291 -1361099 14
556305179 -1879308 28
556428669 -4002803 21
556260042 -153929 7
556385458 -1031703 7
556299068 -1281028 21
556347404 -3061541 28
556343603 -2955095 28
556429175 -1337743 7
556285600 -332802 7
556425662 -5252725 28
556431113 -4053951 21
556265310 -381399 14
556284583 -325573 7
556430830 -4048162 21
556341260 -2167190 21
556301541 -1777320 28
556275624 -263011 7
556393112 -2170687 14
556372018 -3750790 28
556379033 -986695 7
556338898 -1411636 14
556244473 -179440 28
556415427 -1241599 7
556336735 -690730 7
556288816 -1421029 28
556402811 -2306412 14
556430955 -2700511 14
556411905 -3650699 21
556301356 -443110 7
556305124 -1877713 28
556360792 -2577240 21
556278981 -859243 21
556298944 -852376 14
556415224 -2480168 14
556301734 -445744 7
556364960 -1776478 14
556426600 -1319774 7
556273400 -989469 28
556426018 -5262726 28
556323152 -2382521 28
556435375 -1381145 7
556350444 -2360070 21
556328758 -634865 7
556342807 -2199555 21
556257850 -554017 28
556315447 -2166846 28
556257023 -132732 7
556429324 -1338879 7
556338589 -703661 7
556378770 -1969864 14
556362213 -869019 7
556353676 -1618664 14
556273885 -1003064 28
556421255 -1282399 7
556398656 -4496524 28
556271944 -237120 7
556417600 -2513522 14
556335738 -1367448 14
556433089 -1365094 7
556286878 -1025074 21
556405554 -2344916 14
556388035 -3149336 21
556288120 -1401570 28
556303144 -455650 7
556327927 -1887217 21
556298449 -845437 14
556341749 -2903211 28
556287967 -1397258 28
556251706 -191061 14
556349523 -780124 7
556250185 -339344 28
556282430 -931684 21
556336485 -689015 7
556383336 -4067681 28
556278437 -847762 21
556386958 -3126799 21
556386420 -4154066 28
556429606 -2681594 14
556325694 -2453630 28
556256163 -380133 21
556302891 -1815276 28
556426454 -1318645 7
556378909 -3943668 28
556430728 -1348716 7
556283500 -318023 7
556411984 -3652250 21
556400643 -1138061 7
556395845 -4417829 28
556435850 -4153597 21
556404907 -3503798 21
556276040 -531751 14
556433033 -4094358 21
556309059 -497028 7
556352201 -798970 7
556397931 -2238127 14
556273924 -502091 14
556387671 -4188980 28
556249378 -237527 21
556277720 -277661 7
556351342 -3171737 28
556373551 -2845233 21
556291010 -1482607 28
556290980 -370409 7
556348171 -2312276 21
556401547 -3433088 21
556297805 -1254618 21
556281273 -604962 14
556244789 -47110 7
556367102 -2709771 21
556273167 -737164 21
556435055 -5515683 28
556385403 -2062744 14
556250009 -83663 7
556310057 -503949 7
556268995 -649563 21
556362444 -1741387 14
556360593 -857696 7
556330611 -1295750 14
556424842 -3922290 21
556349671 -2343742 21
556316626 -1649906 21
556395067 -3297113 21
556412935 -2448276 14
556399105 -1127392 7
556292508 -1143435 21
556429097 -5348942 28
556331524 -1308368 14
556320239 -2301024 28
556414680 -3709006 21
556239802 -24423 14
556310836 -2037586 28
556372844 -1887034 14
556357648 -2511329 21
556274684 -256350 7
556422059 -2575948 14
556282751 -938388 21
556359414 -3397928 28
556301980 -894804 14
556296294 -1630401 28
556356449 -2486184 21
556422811 -2586372 14
556387075 -2086134 14
556316121 -1639254 21
556303721 -919240 14
556359477 -1699773 14
556314921 -1613937 21
556337552 -696350 7
556293620 -777836 14
556268601 -427453 14
556307731 -487767 7
556265460 -767139 28
556409399 -2398683 14
556353054 -2414784 21
556388303 -2103364 14
556270014 -671029 21
556312979 -524324 7
556286735 -340800 7
556370245 -2775869 21
556414085 -2464245 14
556273858 -1002234 28
556251847 -385925 28
556386264 -3112180 21
556330087 -2576586 28
556301555 -444383 7
556410204 -1204978 7
556293507 -776254 14
556308172 -981574 14
556242320 -89453 21
556327717 -2510271 28
556434124 -2744764 14
556321192 -2327541 28
556295822 -404313 7
556258334 -425768 21
556396942 -1112121 7
556247507 -132228 14
556369855 -3690178 28
556428780 -2670068 14
556316210 -2188177 28
556268485 -212919 7
556358566 -2530570 21
556351846 -3185839 28
556302942 -908353 14
556426873 -5286757 28
556295748 -403882 7
556304253 -926662 14
556338268 -1402954 14
556342219 -1458275 14
556408623 -3581708 21
556391550 -4297607 28
556403053 -2309953 14
556325533 -2449115 28
556304962 -1404782 21
556307736 -1463169 21
556312648 -522140 7
556349639 -781016 7
556327831 -2513484 28
556250222 -340495 28
556295893 -1619325 28
556310003 -1510779 21
556390995 -4282138 28
556259698 -151410 7
556334307 -673697 7
556310718 -508674 7
556388629 -2107881 14
556416975 -2504679 14
556247656 -201367 21
556304315 -927620 14
556425365 -1311090 7
556311858 -2066313 28
556293100 -770521 14
556319764 -571981 7
556431146 -2703209 14
556262296 -678623 28
556337678 -1394601 14
556288666 -708390 14
556305600 -472819 7
556250273 -170991 14
556361860 -2599770 21
556361699 -1730966 14
556379673 -991350 7
556278604 -1135156 28
556356666 -3320798 28
556350765 -1577792 14
556244399 -44278 7
556314852 -2150133 28
556245658 -53218 7
556274962 -516498 14
556258247 -423773 21
556332795 -1989309 21
556322190 -1177766 14
556288050 -1399579 28
556258367 -568426 28
556304051 -1847746 28
556435036 -1378816 7
556353588 -1617287 14
556353659 -1618254 14
556341290 -2167736 21
556393819 -2180484 14
556386022 -4142891 28
556355659 -3292599 28
556381441 -3010917 21
556371568 -934615 7
556302403 -900772 14
556314547 -1070816 14
556281502 -1216211 28
556314725 -536719 7
556385578 -1032561 7
556244331 -175542 28
556429081 -5348549 28
556239950 -52783 28
556374163 -3810765 28
556334041 -2687453 28
556274037 -755548 21
556391553 -2148834 14
556434065 -1372091 7
556338446 -2810652 28
556364336 -1767899 14
556363690 -3517554 28
556277400 -275383 7
556435299 -1380696 7
556380972 -3001093 21
556314456 -2138928 28
556315691 -2173563 28
556239060 -13943 14
556292204 -757993 14
556279818 -584609 14
556310752 -2035369 28
556333481 -2671658 28
556437718 -2795250 14
556343334 -736835 7
556390244 -4261008 28
556341359 -723070 7
556268901 -215893 7
556340248 -715392 7
556288816 -1065858 21
556368781 -1829956 14
556359171 -847737 7
556332343 -660055 7
556327336 -1874828 21
556422599 -5167010 28
556307026 -1930985 28
556307427 -1942172 28
556274141 -1010209 28
556435950 -1385307 7
556329799 -642224 7
556349071 -3108137 28
556384263 -4093573 28
556370234 -3700785 28
556306308 -1910886 28
556387986 -2099009 14
556263384 -531822 21
556266670 -400454 14
556365992 -2686513 21
556311327 -1025685 14
556354215 -1626054 14
556282335 -619779 14
556332046 -1973586 21
556387558 -4185783 28
556313069 -525067 7
556345409 -751497 7
556323025 -1784269 21
556275163 -779016 21
556378385 -3928923 28
556385608 -2065666 14
556281243 -1208998 28
556276772 -541989 14
556295688 -1210104 21
556296103 -1625099 28
556268570 -427062 14
556266195 -196906 7
556282571 -311591 7
556245309 -50790 7
556428307 -2663434 14
556369992 -1847071 14
556349275 -3113920 28
556340277 -2146452 21
556282801 -626390 14
556321834 -1172749 14
556390695 -3205236 21
556253698 -328236 21
556291831 -752711 14
556423522 -3894725 21
556375908 -3859654 28
556426457 -3956220 21
556426658 -5280622 28
556398485 -3368825 21
556326268 -1852387 21
556243279 -36419 7
556348805 -1550343 14
556326632 -1860020 21
556322671 -2369120 28
556321680 -2341287 28
556279114 -574738 14
556382275 -1009456 7
556312812 -1046461 14
556288760 -1064696 21
556417072 -3759181 21
556319247 -568379 7
556340701 -2873858 28
