4000
589356074 909976151 25
-128453353 300023263 17
-693565385 699768931 15
-346542739 160448884 31
482351993 945014181 5
-983659996 413539649 40
-809503303 479442541 16
778097919 566321518 1
669992711 520116178 18
940657620 85377214 2
-68135337 368197741 30
829775162 660725763 40
-56946431 982527783 27
-892173542 141749266 2
-719880261 988175480 33
643055722 397648973 4
189015364 519205660 6
-148668119 470587622 30
471494756 197770922 2
-144957406 78387569 32
713468785 125301326 18
656471497 661177942 4
745969548 730745384 24
-273441154 367965296 17
-382757839 444454795 22
420789782 923208795 3
933760120 158178640 18
-749359541 60812622 28
-411184868 819760486 15
-273584356 997229195 40
323098482 701771669 31
-49086712 475402397 17
254761193 207297766 9
-939798162 16066293 24
-452276092 182905612 17
-270481750 223714011 1
61992378 708065636 32
-15649512 79891522 24
-400477035 283694792 21
-313268248 403772005 15
-536044369 986071117 34
-223593406 103352102 38
-827930098 913236736 6
-776996305 864587386 22
230841583 121056690 31
-536985281 751801240 20
310807016 204614756 35
-153039313 301661530 39
-833155388 590624379 2
-955045522 710970729 10
-102596026 503937784 22
49757000 393338390 23
-983181357 567408128 7
-704047431 292214423 36
-517823446 442300948 22
-328045738 289624318 40
-375173753 911528822 35
911239014 648336335 39
195044034 155060876 26
942634248 739896444 34
-799730535 97001688 15
459322925 128376267 2
-606547327 675903137 17
-709382359 987816008 17
651268702 634480259 3
-165663962 254415018 20
431763988 173069175 2
117029771 540460302 12
-317253357 734955888 27
-717187401 224066032 24
-416489352 73719225 9
-185890463 339547985 37
708692189 880589703 18
-435880494 126992030 36
876343478 637657402 17
-400661904 188674953 33
549156509 556608953 9
-387326922 803131569 16
635238860 358216134 7
-245784063 83564824 24
-238047240 754875695 16
881931210 138097069 29
184858338 959655786 26
-249730474 851473898 22
981698535 55336212 6
97669406 949526706 19
-197079874 128654416 4
-916260600 300702865 25
-115282126 935520099 24
-472099201 517655784 9
-84444774 206935199 7
-47499604 696504506 38
-894633788 968625087 15
-946143991 348346118 21
-617181655 617964210 36
-431406273 820401381 31
584630172 198434093 15
250194484 470973868 30
493228870 93668963 36
453875114 174205878 6
700635946 852094988 7
643609084 145160359 36
94714225 555450176 33
350205335 329784884 29
-304731467 446538105 17
428283603 703178676 4
-492218583 129259695 26
-857191570 289405585 3
-285716629 676859518 17
573073408 306005456 37
310199344 249293704 10
-828257194 502311316 40
-828377690 593304359 9
936419447 222293836 11
-726087358 571030394 1
-105744365 375712831 7
-581781607 882347193 19
-164703048 420596435 13
528797576 758036888 33
-429446582 970355783 38
-459656442 907375060 22
-373010213 908752766 24
-132655344 334882566 28
-732144731 832124858 33
-345288867 73958177 28
39697921 525827642 11
-483892553 352518567 24
-276945742 980167815 31
-838576002 294704852 20
-193554099 604740907 16
-297241263 960151248 7
-930197940 504316210 25
-182212171 491563549 33
701018043 486583089 32
-500207822 204155972 36
733997773 563620662 17
876149457 705123333 12
198431615 644044395 22
140920504 126906129 6
-683200679 474980040 39
888302732 163594112 3
-815690844 43394023 15
140693789 529246765 29
768068776 490836940 21
32579130 414692200 5
-485357518 253215886 32
-391185726 668233239 28
447259761 919319071 12
-841097856 182712418 30
814180731 546268167 1
-740767607 750002406 24
-835706341 519844552 29
556938498 363163557 30
-610876017 325111085 38
-899006986 860917215 7
630291156 58671353 39
-488851018 752615301 23
612512166 87619181 40
381214644 895366656 15
111073667 538563675 17
-657424985 560881679 11
661648293 912719424 7
-149751591 311260752 27
-114326552 153901230 33
-895322336 116565750 22
827997645 888151796 13
205693630 833471853 17
865777280 314777166 12
-837884023 668981886 34
-449904660 555612792 12
919935905 223188056 23
-511962144 476449221 24
-51631542 215657841 17
57938220 4781334 17
-139618860 641710557 6
-36020499 617920575 30
-841607048 962483523 11
-640416320 316996107 7
-692805102 857944471 19
-603572314 508258767 31
-312488376 146522205 31
733531364 941512586 7
527489186 159526925 37
-840871116 688073094 29
687905861 744847341 35
400696781 8795386 36
-171165314 406387556 40
-335777642 866733181 12
-923012210 260174084 4
-232955544 942215984 12
709802017 628413914 38
-418412984 63099790 10
-382432072 180521171 31
-331172812 592247945 23
-818364453 949829553 25
-881969915 370798823 23
755449425 788997811 29
-957587633 365736788 38
711670417 25442196 28
954372075 301502810 26
-648005384 975177420 36
282290717 581659229 16
248976101 590846907 18
-114473792 936107281 24
-305833015 120733930 4
-391122336 648992518 40
-573513901 733850039 17
22787587 336116726 27
-763996327 592613325 36
-16605690 199939220 7
104667864 72397095 35
-557687484 520575147 11
697692033 265246219 8
-515496890 943158701 24
-516640046 249341190 10
260193576 41678344 38
-923912704 525618947 16
768173244 474524277 14
-179136143 163416596 23
273237213 786251163 39
-314127447 417949994 33
532042737 105243389 14
-647817247 453018747 13
620919869 974367980 32
-987436749 651801698 13
301830532 404187274 10
-919545288 740786840 13
-86058498 298730059 38
659316050 643244589 33
628086444 494904231 31
997333917 251834412 13
-432876001 195969557 6
-256453431 931735173 29
-477379806 350039782 35
-230733616 827482060 29
778754798 677244709 21
933526512 484549329 5
1014874 621740243 24
933008586 213794558 29
561238360 955774344 36
896489454 845719374 23
-772626315 421314495 12
918670059 264091318 33
25944713 875287958 39
694685721 557679416 32
695143266 105341973 22
130636495 553501979 22
-389386738 382437211 7
745314299 754370662 32
-711051684 936575805 15
344740692 375420581 30
135524762 608268041 36
110968071 887137015 3
-238550076 811415387 4
-255265913 8071404 18
-625352777 321669821 14
180953066 462105382 39
-736346846 401224135 6
926170028 180239837 37
-409087861 335444079 30
-785008005 752409009 2
83302249 144635273 29
-774945939 458348253 2
874954812 882348008 21
671619638 344459388 18
181972158 864219461 17
-110613791 690956745 24
764884135 747250264 26
225340586 912480111 31
755663578 34176280 2
-377477284 91883381 22
267984170 686261590 22
856714976 446615363 21
-842935317 819864102 12
-9387129 26859714 19
17450652 264618848 39
-672400821 120551517 10
843165780 578651278 38
-790318524 198269217 33
581885771 173128733 39
980141768 442933737 4
-713246489 171706934 14
445653637 351666647 14
694839938 112192169 17
176465207 123385759 14
-883644435 707869478 3
-770371922 981841075 39
-934234107 176385669 5
125362213 584175890 6
-987019495 93514316 29
-210178458 738987329 19
844469447 94578795 16
-308552813 4917824 2
959569382 407156844 10
541713821 218151009 34
-476500815 784173001 35
355260830 44321041 7
-212316352 410031268 31
295848956 768494473 29
505884497 31607414 11
-872631098 928370081 28
-922036309 663419057 8
-30894303 837672378 17
861223641 27863884 40
71832642 469677387 6
-560045775 869774547 16
209296765 334778494 29
402070978 240256853 2
-370443458 509899566 4
373907848 18474694 39
-173497469 482819818 25
-944799193 539491207 24
209158365 963880682 19
104414991 548671113 33
313533034 565643773 21
871599040 903272928 2
-189419720 269961727 28
-664470021 232296402 15
17961532 508891864 2
-55141663 713363213 10
613514163 349819065 10
-314048126 57978285 21
-37587742 565463668 17
271482701 89099884 38
-717858090 351064906 11
-975323898 457594896 40
-964237823 785256464 40
830301675 826090331 20
-286603160 278476301 21
143869569 695779252 19
442914882 967340655 39
-994607092 742876308 25
-607209027 204715502 36
-840168773 40973256 22
-948467785 880891718 23
-578819325 475758842 2
-621206699 458755629 20
159767083 534529102 29
-629219580 133694838 30
-724126442 571712950 39
54327409 698447295 12
973128766 329314812 14
622622102 759078821 26
-427435501 258537490 33
-800403141 620480941 27
634824583 332690068 27
-361268693 760651898 22
907874656 14288550 23
-31394058 945937631 20
698827247 992435897 2
429858450 823664005 22
598172611 347510331 23
815536944 641254003 10
63919783 742623727 8
716987212 774330509 23
329143946 278442860 37
959305660 63952932 13
-212854995 908066733 2
486372224 943543398 22
-827831426 714459925 32
-803421339 804795949 1
395560686 576656983 23
237304924 289918158 11
-148492978 106929 11
738614671 758378465 18
-695706579 236851815 4
604356849 169661063 33
129398293 339282431 34
-888732146 575677124 38
481595966 254648574 2
974269964 819902320 3
-687607985 147521360 10
-632331753 616386958 5
92173476 437379842 34
221532080 305680267 28
-825985149 990147841 37
500073255 680699256 4
-837588184 318506813 15
-41629498 411407851 15
-898297542 39559096 37
361950070 648774051 26
-55088840 563068213 38
-810195324 976969174 12
-578514164 525655265 32
-974808958 108002140 19
-955100006 761310780 31
34520424 822804619 38
173703107 598516008 39
405336221 278633411 25
-323248657 181837421 14
-309934546 824553625 25
-400945091 324644828 18
-84977673 623677452 37
633583764 27101020 40
-146236920 131171597 11
-199370692 390230397 33
901336631 393317103 2
15350975 40065961 40
-996390875 566766792 34
573876674 7247751 27
-690427977 791474070 30
508866338 488733089 7
110354889 102198718 11
-404540794 990477279 5
229490022 143512634 38
-855589033 645199623 34
618129426 383469779 24
897002833 873576572 5
-621199894 454626307 40
738424921 639532298 33
831771659 892897588 8
-178530997 980490602 10
-719855264 518780075 3
338705775 713151593 28
-845870927 583477638 24
-23145383 202758979 3
908329277 417394287 14
97615299 862459738 9
766142733 248315521 2
-227062690 540542919 20
443223740 779799927 2
813305919 388487775 3
735589179 913388492 1
-572852632 117638757 26
52605375 751985674 15
839309811 324913349 33
223250047 780441637 40
131907539 862768143 24
868469016 141914721 35
-262702170 340479945 11
168256199 768143058 36
600225003 969359521 32
177806111 188083266 27
-766472790 303038183 26
-280424435 503186491 22
-797859113 600221976 22
-332516780 80716718 32
852566140 293028667 21
276433114 769413505 21
-735059150 310521214 9
356968736 461774638 39
310629881 856200975 1
-737185143 907304989 20
-705698328 504525166 2
295016520 888284912 4
-142672162 25472287 26
-512443187 729599309 13
744386575 336985826 10
-340353854 243501270 31
-673745346 356069230 14
-580434126 752203573 21
370628655 491375844 35
-950626128 930723002 34
-196430184 411311763 14
-50114243 60099069 39
-823668351 996053893 26
-222719331 148034010 28
858872295 4080826 13
371193295 811241617 7
368691613 949845413 20
177006795 14732349 37
51426184 466905625 1
393417784 192107094 40
-547500624 28678080 20
83439946 712718381 33
290903098 425028463 6
-356548431 778980520 13
-757499468 539027580 24
-322902927 641294881 32
-75315755 829492038 27
-451469161 354948553 33
-57161768 460311285 36
889446418 476632956 29
733936853 297266853 7
-452785384 648788917 15
-17105244 195020575 15
-224517649 685941527 17
-8936155 112578713 7
883031337 247952010 37
-705467790 497944670 1
-907682704 250921318 1
29902329 345990111 8
572792718 608557397 30
-324475211 671365071 4
-739218671 487337534 5
-909587442 222286761 12
-601022963 747584719 26
358378713 435356746 29
-123909915 883367074 29
-790611935 239622265 3
527479233 387656236 31
577907413 346091874 33
-364069126 879345405 18
-294167340 900950142 21
155663297 520878601 18
680032778 824194619 18
-945673889 825515671 12
507029305 564178361 28
-808691867 695469686 8
565001925 703424740 29
-625830822 660766433 35
-182819278 163559116 32
527774262 697382754 24
786951358 149573078 34
-980903704 398538131 19
-647438326 915965827 2
-428864645 870851000 29
-453127551 157773709 15
-301093462 828909816 12
-164330751 520123536 18
342584430 798058020 16
995835025 152708819 37
-93650118 998117599 4
-731260455 809802833 24
-340871496 357782871 19
-584619963 872718355 38
272874163 588200930 27
-185610533 539768428 1
-999028072 629969093 10
376268825 636023449 19
-361416409 828640440 20
75710815 518497934 27
864206153 25623104 39
-608650831 187216801 8
922201605 386314214 33
69474602 525774766 5
545337023 784518183 5
123489603 312646552 18
420132409 1935216 12
555153509 954648233 4
-455363361 953392564 36
44484781 577189406 40
774299624 729779380 32
-105890144 398307503 6
-188193226 20345046 22
-451479600 573708460 19
627553126 849516804 27
-980084669 465060403 40
-311047195 585340930 35
401937970 367603464 25
631826358 625070809 1
-657333532 546440294 6
94689113 414305464 33
333204527 617615676 10
-215393091 518936919 28
519995044 723386599 25
-394601957 195489560 37
-129726878 550405524 22
792661282 47669720 34
870122944 800536721 29
724668563 602920968 31
-876998279 710610202 35
807635044 636304733 22
406834357 917941768 38
-30809699 205166511 9
165834035 353764363 35
899026972 764181460 34
597447430 484452635 3
947388200 413565003 23
-405602044 38148082 29
634243793 488161573 6
-613815847 721700586 19
-424456697 999848170 31
-419130903 269728549 30
780600416 29251666 32
-130942392 911446660 7
-464547927 337313666 20
230442688 35704384 6
723887153 476534493 2
24923254 986600599 5
514399436 648346020 34
-750033017 16717557 30
-334254405 609483428 20
907133034 515572868 39
-760390659 872367805 4
973251790 151641284 11
-767200455 152527479 6
-265634655 597766534 11
975809668 820329065 36
681672629 354909614 1
233512769 466299736 20
750539917 214171426 9
936446084 821082267 3
537574624 924778474 31
-799765459 349201727 36
301295103 690920560 28
702852845 908047976 15
584315244 298902718 25
764683090 949075578 18
-736989505 422924612 27
19766641 777647455 30
-896236699 461911985 12
193070937 87682516 3
-700651803 464490011 2
-10013274 446234014 16
315773592 715113728 15
-241984188 716705439 18
507667813 250734648 29
879852031 542640709 11
-353394549 312035481 28
-835269429 445185120 39
-101917008 222898431 31
-639871032 164202931 3
87316301 208859635 7
450128807 436869528 37
552406252 737700212 35
508315064 603161234 7
-842644519 619275664 13
-231665208 618769294 25
-129550686 31840222 14
-786143664 187345621 19
-566011924 139472057 16
-13122147 582064204 34
936713507 293367599 40
-267220608 536754856 8
177097326 106251736 18
524622831 168391147 16
-420448563 920238683 32
-461565473 776614831 6
-870394340 95096669 4
171187040 307741584 17
75706225 690096296 21
-514336729 367608510 36
-361686576 255905252 27
356652664 740804332 23
63007765 121349879 15
-969168701 451890708 36
49269018 26863959 16
539011166 124386719 1
453264782 276618820 4
350433021 554200642 31
-561202234 873078373 30
472180445 504949557 19
446897471 116753062 14
520876807 656825145 37
492468421 252406557 1
-715145983 326742375 5
-648135280 293941245 26
-175416291 121754933 34
663318286 610930630 14
474383174 382516068 28
-310990722 432574049 8
-933355246 215939546 24
-181865430 293164013 29
-539309 373619612 4
998630965 595202004 20
-265064345 584838963 6
-761734652 292458825 8
-970702005 999747284 35
413077469 301356067 31
654140046 691411575 25
-929958601 684011918 27
-423590928 506964669 8
-803226346 596694930 1
-885055201 481296815 39
-886357928 313985243 16
-30558795 768023338 34
-889886204 538256270 36
-597392258 656295652 2
-63637407 117598890 2
-631816581 139133901 15
-754053234 35247972 10
659673923 942608180 26
726484738 108088343 30
-448471408 627289724 31
-56792660 44595385 9
904921337 228263229 28
-253040316 729944743 36
-362058739 876424831 3
193167228 402415854 30
-854906263 192817907 31
-900350366 829997622 20
676391858 106216210 34
-758777208 46686700 28
-343786575 882606216 39
317383357 647592266 27
-587682259 519552966 1
-718949494 593350722 1
-534126647 934929324 5
-231926575 900753400 36
887968374 364796584 24
-10966505 943853414 4
-658557639 462821146 36
193417494 272200714 26
-739052320 400800191 33
248660514 848115612 11
-232719112 864796441 13
-392867168 856863407 12
61229636 464211280 29
603100577 974335515 20
-100464274 633614791 18
659556616 358481955 19
586390932 570770329 4
934059391 404988848 29
-671906113 47229006 32
523643846 621570362 23
798985538 988478504 7
960959829 838001582 25
-375349238 88161915 39
715078496 337684201 33
-686727817 934906186 30
-121914716 695827580 36
960986018 310316277 28
-304649112 947008125 37
-286511862 61979511 9
-987393892 634852974 8
688840793 738162797 8
952282188 345804724 40
326542715 707824995 32
-633977019 13385370 24
284588989 63902508 24
777307654 672064877 2
803388355 419004483 21
780841170 138925767 33
-560815741 916015968 31
-364657948 737508083 32
309965949 691385968 4
-649404730 748424546 2
65521383 728255146 34
885190162 440220827 35
157986163 591699973 25
-546773646 835298967 20
-467724053 631448411 21
397033277 11463491 16
301090369 300792590 28
-976222900 642922691 39
884535345 496422640 34
-544525202 502255472 4
532892606 11284104 7
-402910613 790768568 16
-137272581 677898379 2
-557543928 728651209 33
419789599 630552204 37
-783085651 560498904 13
163021387 142935421 20
223225872 869742852 10
758187923 798297081 18
-429975806 353584278 36
507799757 547203393 6
-99538020 448231244 21
-890758608 739251608 4
158352032 9001151 38
-598712798 513824789 4
267601607 745370498 38
-942563554 249251564 13
637354322 109499595 34
-525728221 173002289 1
-956920853 912488172 11
221378132 159989418 17
941016780 381086953 24
-397711873 984364598 31
-607936849 858926432 3
-969754810 596916810 28
76506860 557464475 6
139286017 624534055 21
791286028 868545836 22
77010102 752440655 38
-553388993 486336635 36
-184699629 835986914 40
501294864 682113067 31
-846961022 233175775 17
872784857 889297339 24
-307921147 785672445 3
702059260 82286965 11
-941344635 21163728 17
979321753 33356679 30
-578813672 356353486 17
-767159619 912554797 35
428400059 600234366 33
444067909 474872730 19
-43891243 395260093 33
-233592617 756756837 23
-96101089 71306134 24
82082043 131202647 18
-623762109 240459632 17
109314365 997816420 8
694726007 753294969 24
-260156550 461825718 17
880973413 682821345 23
-309967477 301329082 33
-959493120 658026974 1
-123249948 789806062 39
141727456 47356210 7
463853210 16747138 3
-213576318 907401777 14
860703379 8121010 18
643205617 782157209 34
551982572 537715572 15
101294161 989962969 16
781998690 32360031 9
996670045 515327197 6
-947569925 494784888 12
772759984 957078517 12
805229004 345904534 27
-878145917 280800626 6
-10120313 37983257 15
581722777 200236345 18
-146931325 824229879 13
715349736 773734719 9
-393397207 475245706 4
-700679446 682518120 33
-122769999 14050824 4
-763012302 460324221 3
301367005 540598569 28
883935781 777359654 34
-627284848 907625546 21
-227415350 405016635 36
-624449399 321868855 23
-423415800 745583645 25
-32134302 510072782 33
308932159 313128298 15
-360658631 176119693 19
266013237 911897606 7
-794544132 93981605 12
980325704 192696864 1
790825946 276145167 7
341423471 284342812 40
-798912081 863797230 3
-880304079 398613388 27
86957027 22677850 16
950544573 489460837 35
903077080 590130426 20
-583437265 154489932 10
719706308 493567318 23
430033857 799025711 17
-92077743 975087258 13
783713292 21189377 10
942405854 401207000 9
-79734481 872080991 20
-576162169 884552872 20
-858248627 888090807 8
760853929 194214016 13
53508799 795464757 16
502447567 644355116 38
-467508379 97598963 5
730364972 559775080 37
90369718 712834937 18
449370816 295131136 1
485045879 865065228 40
-936102809 742497301 38
618813409 503902651 18
-681320819 799574 11
286892299 903316785 31
154265983 18068752 7
-698553396 292607961 5
361279116 795455698 35
688524802 294020006 25
578295105 251618680 10
502482783 523262538 28
-983433362 967457728 4
84857016 502736867 32
893516995 75475369 33
471787244 752858771 40
-689855883 247147568 4
69896841 174953179 10
865212942 970506815 21
-405273424 970606815 2
511220485 694056535 30
-378034853 85939850 39
-131014583 982083193 39
-851330558 807414326 25
-815378788 726003490 23
-23731684 540358750 25
-267507432 5532107 1
-856137295 799524015 10
303656947 806819101 22
-897829827 172050972 30
632826364 856513953 14
-490258573 147463618 22
996252709 253081516 11
3375675 719476005 32
806831298 45631443 40
-503126011 544321066 27
773609093 996797248 29
-761742172 297513498 10
172174885 747005962 10
680425547 202901763 11
-921078445 883237605 10
-598940526 575897699 9
-825503889 431769246 27
-255594976 175793355 14
-743997696 273896582 27
-256604682 412912469 12
871280711 347188457 31
910862897 532350515 27
663494610 513299887 38
-622311421 825105152 7
-63765298 975845556 29
-901791810 369524861 35
-102860563 783929769 16
321933628 155844067 11
720701489 514349110 1
-19325070 201588129 29
-385521900 568580670 37
-44879274 483409851 12
725084900 690093932 35
193405468 658460708 31
522244910 461798868 36
124627678 10249864 31
987867971 186376002 14
-722995890 87230243 27
-378270330 737024399 7
-315415025 114898132 17
939449523 327275594 7
-202789760 179291363 29
221197520 521616609 28
134403474 854725509 27
-647464388 797502982 15
-420597686 197258152 19
-864407801 690874194 25
-487863638 760086795 12
-1009994 998394072 21
-849453790 562978151 5
683890880 866976271 17
876101334 887558063 13
498022924 70709580 15
459496927 429243304 21
751994463 903826816 29
-754442012 365784914 5
405830581 916765444 17
-674245828 536800673 9
-427188627 528386008 33
317730147 250561155 8
790802306 795765857 6
579639730 459251467 25
460551038 355327774 23
-527277809 84385176 10
197586255 620635671 6
-604549121 857337996 2
-319938932 440957457 16
689500867 589910367 33
739946140 924806159 27
191351671 734684715 17
-538972065 95263928 38
38188938 443491574 40
858530848 596975579 32
-297654932 689347732 10
-739228888 603361211 6
392499188 362569182 16
22147731 390477406 38
78595685 451851280 34
-642092652 123689402 31
303834139 940649138 33
79466774 25663607 39
-921558447 965327963 19
331014825 985163877 31
768086504 965468321 26
-800266005 708624388 12
767491871 292172783 13
358331276 876644356 32
203411677 506593575 30
-336958348 915838874 7
468728908 892954421 24
-668814968 478247447 10
-390814715 957650545 14
571283598 176290103 38
999319291 48953173 6
-309923770 444685001 9
304998636 792410502 14
-198865369 716981942 7
232714595 496540290 9
744152087 287840993 33
81497939 51065109 10
489047838 88590588 18
-749081940 370389932 31
-600668404 691996637 36
723994561 19835847 2
-162827440 326517058 1
-845303452 970005205 24
-446133437 187683604 11
-67304988 668224310 37
909993294 691216686 25
-141421180 522894180 20
-42863621 680137705 21
-112120919 467871259 17
-355018918 548126480 13
221546384 240957771 37
-527841400 432204423 7
494499219 604234644 30
704097637 33407088 29
-794294151 678931859 22
102495261 486712776 10
-642384381 42370358 1
-950553300 508425744 11
-835711482 655590739 40
922202702 456052551 23
607954049 780910914 40
723781194 202194917 7
-704538772 967732214 40
-111395454 481267808 31
-834368377 308879074 29
-854150082 117937867 31
-377718019 147837958 39
990675105 472915770 13
-346589914 627795617 1
-265765530 513012977 26
92770110 960359949 13
-126811609 292957936 20
537287707 99712755 25
657307873 875431452 34
-296925062 137931114 36
-686765405 952197694 7
305439295 689057923 22
557278886 901551541 13
716336233 775902520 12
-886047342 160083411 16
207370035 973745836 14
-960691354 456923708 22
-735506935 540032186 22
-874704385 229248362 4
408368224 24333019 40
-62816738 482157588 2
893519526 875205420 36
508447075 811777364 8
410833447 194484781 8
-268391640 969086403 27
994974259 982185061 3
-872409502 128067520 25
551543719 767796158 10
358212121 840125006 5
391565226 858806387 12
-869833193 676037430 30
-78741098 509147824 36
-847553497 824403522 17
821397021 817366794 35
164540166 557569232 40
392626886 104917794 29
-450082318 194016911 10
-994098869 562770273 9
367313734 793153622 10
-743741868 370915269 14
-606297110 938142544 35
-791464758 337340913 6
-646188380 919372264 11
187027146 782784127 26
883388832 277369315 1
-298096187 444249550 35
-284266009 283948182 26
129278073 590339811 14
514774090 746780229 34
-649335497 265562084 2
-559058530 284630833 13
387787134 915458721 6
-430690382 824926060 4
587988221 41523436 23
-464887050 509610613 16
85450338 866870554 14
335003918 617444232 20
41540324 909279329 23
872173001 333687757 3
-496765982 860881034 3
-310514016 130630648 39
-213815045 665565520 34
147546283 175648788 32
713966780 548016879 30
-445062234 591464068 1
905753255 451264375 35
-625863357 708302185 22
-660899874 36979814 30
-852515129 88442040 35
147943476 519925395 25
-647335647 680510926 6
-146381630 91087646 37
-117460595 795288227 2
607413862 866557076 29
843733656 978832757 33
227541792 927533717 40
-348704444 472462440 12
839836900 30388232 26
944561568 314168022 16
-693137300 500972070 35
-458554909 986478514 8
394628162 41120583 33
-217124251 5938196 14
918757432 911720272 4
-963688754 437189886 36
52498421 731515672 16
122715023 271365465 8
-536469601 942590289 14
-590190515 203723794 18
71019044 296395834 22
806263324 745434322 24
-30678929 945016972 6
772204421 714227934 26
362666691 153776570 32
-212016077 861160896 15
680565972 463638794 38
732389456 992879934 10
-755128738 87537960 3
-118150869 6213643 32
76358267 578276706 24
-616800789 803335162 18
421449819 560730785 33
-435402619 858677244 36
-999391432 996240350 18
-890023057 758363342 17
21649165 876799231 27
169928988 91360319 33
751650052 987380806 5
543889278 443494750 28
585589419 968345225 2
-799133433 966412614 3
-724553490 306212190 13
194862573 524008409 4
687496714 327046400 32
-899520017 676561725 6
-531356075 504171875 24
313541507 732651144 37
565738648 334174316 21
-5797912 90615660 12
63789122 243694787 38
445561951 470699924 25
841579671 71639414 19
-157476934 569159259 5
-590150885 503060043 37
877960222 872749726 9
626026696 454696236 16
445694888 863196233 38
614021550 825857208 37
-680368 700845040 10
-506511049 589331521 16
409051646 11957090 13
708716561 923454494 31
-123015898 110276752 35
-9062777 798177357 38
510545784 476643917 20
-16251523 222550856 18
-111926329 516065003 23
-154034792 178740518 40
-925288839 366236006 33
-823833213 141132281 32
519412089 560772724 2
-959888373 946624522 31
902537078 732516525 10
-636613041 723081147 30
-65089705 865851932 32
-771791913 730712187 39
-730841817 615464732 4
-496686216 680466306 39
-12482413 558506553 19
173122051 621208490 4
613575000 640142631 17
-976804584 941517668 25
441742603 973475970 24
-666172335 277651455 4
900857079 936539752 37
-811521405 989183678 22
612036149 456524784 27
240282813 449605036 37
-6994919 484257704 23
-244274466 486894959 33
-801874164 73946672 39
-97083271 247915949 27
-216941737 963761580 28
-299510251 430651238 17
612394077 219621531 19
272366277 491266197 13
306273080 354771431 36
434910314 536590801 30
139471248 101611410 40
498854698 628298237 17
-638706868 363818539 32
-990718667 632261180 8
427833462 673734300 3
21737893 3713354 30
-974579383 656982259 21
459662846 426046455 2
-327105488 743216218 37
-634383305 674486513 29
-376817837 795088662 7
492763014 372762751 14
411538433 924604145 19
-149486634 227432492 26
-949851245 524571910 36
349877266 149704246 24
232604623 720352862 10
611964645 94416921 25
53326839 854611159 36
-478995187 478567741 5
-172203862 914385580 17
90514435 320193612 26
821100171 297419209 22
81868203 175227883 28
-637807077 780664893 29
958420439 275444842 28
885615598 44613598 5
168071530 187364387 18
-967906202 389996633 39
-474834293 290956197 37
-440517825 255657874 30
-916323584 633766706 11
21937130 260912711 3
-194321813 141443349 15
961207234 815589905 17
-383956256 121851123 7
-264562640 683122802 14
419110382 793251276 11
-156550118 768795564 11
-599245418 769294362 36
394119279 848239075 25
54304247 579492734 27
122521988 540965308 24
-581685440 910799590 22
997331580 897242356 35
-289863921 498434306 17
-456079375 326903602 9
45010960 782664105 9
-825004901 55863094 32
-35036476 388898156 2
924371540 9980444 13
-909608440 349972881 1
-172565853 844157743 30
-59727117 560547165 28
-862829202 754735460 16
-721256369 577017234 23
934254746 463373820 14
-377039523 131775978 22
628087992 293705845 10
-169642257 918671717 9
266965972 720174283 39
-426882401 928334680 12
844091643 601312843 11
630388381 731052602 38
-373506577 724831960 29
-94649476 343227159 34
-898409454 628735924 23
383558748 758512066 26
98575206 140718749 38
-749063598 713550414 3
-640644498 961421075 30
-551201244 336436511 35
-122370043 494422388 18
198253393 930827392 22
-931432237 248916195 20
-653814967 721280246 31
-879590678 128940788 29
-667270746 655907742 32
994507152 335866071 16
-259157479 670969603 16
741778082 615275606 25
925974960 715436121 24
805038061 901579223 40
-837038419 435595577 27
44097965 386054457 12
532111431 302593573 28
195956033 644359314 22
963708990 497801729 13
-244073554 855150610 21
167662197 632588751 9
819793136 868968443 14
822126120 481278562 32
421358353 752124999 11
502968179 648250842 29
-59913841 786984630 26
472883542 809098581 14
517751193 346677425 22
-944069105 209689296 35
532865200 856730443 34
788965616 323335292 29
-362167944 498336700 27
20905187 855957018 20
-148411926 62350596 27
194766249 699198216 24
-337237420 89629941 8
-478937893 153138364 19
264926501 257930683 25
-851152445 283394993 20
154798678 223677155 36
521456997 235385365 24
-65561503 311510033 10
535343502 162581319 29
169496096 510521760 1
342540844 216219881 17
-469840252 875563613 5
223512554 554360141 16
847223440 148511752 34
306606577 357191855 3
900298323 640905264 17
476669106 118693246 14
302292812 156672605 14
428540581 432838389 31
888367468 756237533 5
865040838 940067870 9
-316638298 583027522 6
-258186441 565027414 34
-20514356 625859455 25
141662031 930268025 7
-359024137 44838175 25
-842518940 929308622 27
-945861391 514199748 40
-783706263 949936188 27
128782548 397764955 28
-304180486 55760994 32
-151776109 925094115 35
712487622 543319984 2
-537364794 90112169 17
-513278387 143311248 35
648556542 986456957 8
539176138 892578367 27
243623091 767876829 40
-460328707 886553240 3
912778442 912935157 5
-251684452 641331134 33
947543012 577934501 7
-665208149 690089424 1
250382535 236413048 11
-722204396 250503974 26
-87007471 171159107 18
754090176 299207501 26
-51985620 180956075 25
248614803 294516834 38
-496569397 833771327 13
-214353982 651650034 6
665964178 389541645 34
320801262 331773613 5
593156212 908391690 22
-883095767 660075839 17
209446508 82574001 15
598786967 174145147 21
397131250 369103455 38
413473239 15875717 29
811396510 381657478 3
-313229096 836646301 19
453083866 852829046 12
-935465365 973829537 14
751882724 951253176 2
627413729 694392885 28
-864877499 899712432 22
-102823742 225213789 5
-554381355 437500819 5
234185399 54277900 34
469291273 433001932 18
208641116 952019604 35
137014568 849673905 26
627730312 251924350 4
-193590803 873169643 36
-708647132 649072189 25
-108322244 860341740 20
897600990 511559067 30
-605551066 362624047 20
730425801 642893720 34
55480900 899484957 40
-698026062 268089836 15
-67818457 545112049 24
-931743514 830975600 3
-469825411 788327632 10
-888904002 537264679 14
-426103590 11299898 7
472988742 631556642 2
963967619 132935708 39
643797747 864104347 20
585733269 536161906 36
-336449587 261370670 8
-369972473 91731902 40
299432344 420419978 38
-771782194 852163622 1
586805055 621491701 1
-309861926 456768086 15
-900584253 465351096 9
365723343 759593032 31
375235226 815601286 15
-94758644 109233839 16
-667342545 195920089 9
820176006 592888527 15
698038904 879758951 39
-259436762 910253434 39
-814266658 394452794 3
-298226937 685900365 17
788422892 297821156 40
-998623353 867627841 40
-529628727 142257695 1
-508609349 752111201 8
546104715 2291945 15
-285493120 579924703 31
-323641738 807435532 34
360094689 386170834 23
10450886 642790046 7
338409003 287531674 35
-476888148 444291252 14
482756522 930702 1
241052974 947372556 8
-345726179 575140748 10
43929114 180340358 14
-159950343 889932287 24
156189536 285860606 29
532073436 264965698 25
-947078738 882872636 28
-612416398 345741236 28
552294558 906667615 7
491194925 25699685 40
-991506851 476356991 7
97801310 399702801 12
200843388 703510756 32
844758810 35837351 29
-461748315 775920675 40
-321527232 385519221 4
-536981748 967929791 38
-155790644 434448119 4
967377701 754362576 24
889237798 467039631 14
403810211 848343309 38
193413976 48499880 23
462212372 890765000 36
229694294 687426418 23
908688133 505556781 31
-465983167 552049259 24
561487337 334899388 4
-817913575 356705488 1
732687404 186661856 23
540076454 729628469 4
-654514643 950961107 33
391116353 32534911 3
-288897327 883668369 6
-868876089 300131561 26
720232657 508757055 7
570820760 829580238 19
-268483990 341288176 16
235732837 570390364 15
-535006836 190160617 27
-892692286 383875270 17
-392969146 394859903 15
611163359 904924098 13
25751767 698749842 20
837614762 701175081 21
-131705625 427383198 7
306169307 625558455 1
948026781 399937376 34
-256156082 783425074 1
962538695 281228050 1
49755486 638754878 2
-117745979 36354857 4
795929789 879913097 10
-650345848 619238193 11
686632328 208748349 25
746113220 596277701 20
13295255 717721671 7
571588172 896111838 7
608031043 329766854 28
907121222 944901346 12
531021188 602534728 35
415744655 886659499 34
-52733886 946472131 28
-767154516 888724529 32
244654916 816756005 26
-406031171 401926272 28
454151081 635122576 37
-652648193 245117118 32
-482011732 386663144 8
808538349 95943361 6
888622499 235957605 12
372688788 120996023 16
312698679 357336391 13
-617817437 794257425 39
-416100630 417667684 7
-971101361 424519783 20
606249699 4563561 22
-187137553 277078424 28
759019584 793417156 13
512846603 408879301 31
-265237712 639919299 32
-537366320 353933038 32
-792976066 458049852 26
-413180410 816362958 10
-633756273 652563838 21
432934865 939173215 37
403425358 284528736 11
-934348440 777623441 21
-439614057 115084723 33
-66982186 21772838 11
-523325888 602828160 18
-372031110 622572843 35
-27701154 514452932 16
-962035967 687536304 24
-312649335 861518457 24
-818807732 94366195 11
-30293725 283254588 32
-772684863 574809438 17
748609031 929629742 22
-960111476 979525346 16
964857206 559638279 37
687252410 234736489 3
-376407148 444007011 16
-294927014 29880349 21
348187666 623715351 37
596004038 807565633 35
428302305 342141352 32
101625652 250971023 11
354800472 867907877 12
-638941779 801318656 39
-743553526 306430438 21
-510773676 920463445 2
-488460722 776912528 20
-297276064 388301160 7
825846141 693477380 12
810820766 891847436 11
-373106162 827804999 10
-822229016 219288832 21
576118252 140341934 15
-215227642 81800603 26
-109854672 532078962 8
687124305 287112728 7
372962969 300423646 35
-85260009 499096599 37
-297137173 601722268 28
-925988026 801339455 7
-444445534 782418264 31
-985678494 78636411 30
181237822 256888536 36
-729026919 989488316 28
-320100651 718445328 25
-128157118 427422456 6
240011549 404155358 26
743584232 326645989 35
758074061 803082155 34
-65390514 16260245 5
-862854887 965837970 18
-533141869 176219421 32
-700030138 929154619 39
-901122149 387133015 33
626249255 684531063 13
244177840 447591424 34
-810135518 784944803 20
-483045493 499384777 1
885002749 765804891 26
531193048 440914102 34
856831472 863695393 4
878105208 81524218 38
-699314998 752998950 37
220348196 606767552 34
-700023017 32435651 13
-294343863 227149450 15
358211121 692782576 28
883469594 623898139 25
733245611 500892557 36
213562617 587225823 32
-827110541 281503238 15
553969937 361507413 7
679724584 784072362 26
-780194967 490669021 15
-838380832 595014034 14
-656675837 90203969 24
699676767 229567075 30
-131820104 801312591 18
158482911 407363570 9
706571396 693452541 2
-567389497 753336300 7
-767290031 102407225 29
610474036 670088451 9
988831425 723342191 3
110874742 412252219 32
-841562330 66920482 1
694389292 488169588 32
-224277601 608041140 31
364725642 115130025 33
290763324 606221731 25
-732614545 606726490 40
176977637 945818252 13
894594675 431426834 5
906067808 476703934 21
575032043 995456119 35
491987379 218577529 4
-85988645 985358575 37
260682902 759650613 19
107342541 601793313 2
-292775909 407305773 30
229732116 613779607 39
-803786865 466142347 39
-639691904 316723207 28
-285053686 730858522 28
988573246 626466470 27
-568574088 356703169 32
941822440 735286387 37
-287632916 548121402 21
825616777 646824925 14
841668824 727698666 8
-220011914 473526339 37
839673792 552002702 16
755532231 925850257 19
-662395262 196048648 6
-826246143 81222337 33
-25943035 299965063 2
904562370 726781809 11
-631980873 63438132 20
-774869661 537232030 13
202387730 707431589 29
526571039 725248664 24
-281159005 790924855 12
547271241 681545274 1
-200783111 222536426 23
-484427830 785760375 4
770749359 730237132 12
995210836 455115515 6
755480819 426917534 37
798430257 393540537 9
-470997298 781753587 2
733623021 967734945 39
38019594 60723336 18
976624169 3712120 39
746703715 717930007 1
-824320839 483011896 9
117360611 377721893 16
-349041306 684958222 21
367379279 39438379 10
-129378272 431604991 26
-905013826 849262984 15
293743355 686666157 34
-100932809 611307572 12
161784931 273151120 2
-246869264 119466698 27
78460911 383238505 16
384586875 373875898 28
729887197 561117018 27
913375328 974411451 35
-311377169 390355666 20
-290598545 837974209 19
-492766809 410753803 31
871783969 72682833 34
-746847150 49465220 39
-689076166 529902530 30
327402222 767523979 7
864592712 230192533 6
492201605 229098658 18
498862018 383983383 2
-964616768 892748063 40
71969472 818677164 5
369467230 288607497 18
-775018946 849320501 12
-458951713 792783534 22
-132157288 215686341 30
763721340 989999674 31
606495419 483897950 15
-177279284 243597108 2
523148291 832269529 14
800967542 8977487 10
-835507034 619548964 27
-332204613 463959997 15
292096630 928156221 29
912622599 315968999 25
54607600 688773547 5
924547319 5627664 14
742249962 259418108 17
236759605 167100997 35
-133784017 318749231 6
-615490423 181340460 13
-203904177 461012047 38
-691627995 244620537 11
534900148 797720495 2
555837571 32413730 8
850832053 196115452 16
955655249 852570655 27
452719780 739535370 3
-608556655 184768158 8
19767855 859996409 40
-383797485 128424903 23
-268461942 630700235 6
-37279955 107943168 10
-803132452 299849879 30
-989162218 425267768 14
-61903549 690364330 29
-865411134 401925933 25
733217087 707877047 7
695383643 891368271 6
754512870 604642486 38
57350924 788540491 2
-549897394 359120089 39
812500215 199657647 4
-788907023 368661886 33
983906721 12550907 19
-608579750 554862103 16
-466322498 767305940 4
361566026 315368327 34
-700643143 178875224 26
701018869 507710810 11
-695912731 302377621 11
-52474355 868422961 21
623843192 647108803 33
-977255202 390050992 31
221708891 57031373 5
395243541 182042226 39
307023489 67382913 21
-437405970 624168595 11
615953835 79928487 14
97952004 957063726 33
-886100240 948496743 8
732037999 494411220 35
-247624485 455529510 37
224859416 774584129 9
-22459913 278973017 21
-561698647 381349621 1
780832357 894379885 17
-923431873 933076193 22
325491165 961156377 35
287292542 9992041 2
-299280679 16332578 38
831312887 768580048 40
975102057 372561856 24
744657760 887518135 23
195396321 745242024 24
-410856563 482290554 30
-502446351 1383992 9
-548749007 40611186 40
-89531316 609392397 33
-398872881 76007432 34
-714137847 473566332 29
614296731 353130418 37
755619769 529969111 33
-588350020 871374262 19
467599133 689103811 38
-47426674 712762214 29
-942489 282396692 4
447598478 475247764 40
753151443 888740152 22
803404057 868698850 27
192485245 630470138 4
567602789 189578120 1
-632855591 741870886 38
535649119 162214101 10
-544649619 391483821 26
-713033436 149119415 17
-738199209 388787198 4
324303430 698229319 34
-290499638 326416283 32
770310350 790259223 6
507623124 9352613 15
-214180716 669391871 20
-179256713 631341422 30
933370494 634537969 30
563327258 519306226 34
-512028158 409897879 28
500451452 30737795 23
220441145 465248843 1
388800581 624388245 39
608306522 866889550 24
-822901706 96552566 24
435999502 415952820 3
-958611398 466147264 11
-876239400 493268409 22
-993890944 76337397 32
-755236191 730677320 38
-446473115 952507315 3
210426833 457315972 8
613089063 58837124 7
-880979700 1842004 32
992118509 305617278 40
-611155044 819410660 12
-721181304 38123848 8
253347425 108183222 39
205208714 87549215 2
27617603 942481724 40
497234645 819698568 25
-487371914 803923459 23
-812554819 582658912 14
-305377214 483310232 40
336172752 94548106 21
-974941146 696464612 14
-234629247 138825026 29
-520702525 254950307 19
-104673651 4942816 22
-162670656 738545519 30
-277062017 46073148 37
363851311 771880424 30
-926290534 478691996 21
-789773142 613295542 14
575369542 629032956 5
625302617 548772759 4
155569678 500501545 21
-30469940 802179024 4
-210196404 803652676 14
29693591 413013137 36
-991528855 753495948 7
469909301 957898085 16
-18969491 510441212 5
-41730295 512661566 6
767203877 414714857 17
598558188 905884199 39
-96157778 95482686 33
628154483 482935052 25
-336482149 963655285 17
-569374491 406639855 30
-127730332 246789292 19
-811837554 380918729 11
475501995 776761939 40
-535839501 9926022 26
663229549 991720332 30
185023315 99949824 28
126414415 147721200 21
-321331914 392471192 35
-818600986 501901403 39
-441768590 554963104 40
637946877 104403149 33
-249717241 337991179 22
-717243915 901395507 6
706024599 185164610 21
21621180 735047879 40
77701057 274671510 4
-466268822 682691804 35
278568290 767180945 33
-401018406 600495716 4
-732716158 20746690 27
-765460799 250455201 31
-297986656 480895216 5
138202855 562798968 3
-182113630 699601844 3
432869598 207873806 5
-921202208 830599948 28
762294187 947205759 34
-848307184 841955643 6
-108617936 803908211 1
-578292261 331660717 15
-530808173 683451545 4
-27221376 632046777 27
-157763619 611256407 6
150756921 26787654 32
-297354399 533986429 10
-688257061 617339310 37
342777159 301611218 17
-592058642 565815221 32
-426398296 18833167 8
389885888 232152593 21
562255726 239609837 26
731288386 687893367 28
-749176807 131648920 10
954035839 298682077 37
234757221 721663405 5
-714215211 115700548 17
125603197 652438515 5
428626894 859755061 8
163559769 646183336 30
401644731 361760235 32
-627885264 520950190 22
526119596 684156438 21
-161106288 604533071 5
469880198 371693065 6
786393495 511730450 21
614818060 611964820 10
167046531 570285576 6
-121123223 333189631 34
-567977176 620090458 19
569267489 848695979 21
-395260888 970927171 39
-899738388 877052668 31
750732058 413161841 19
-222223140 532010030 7
-556238005 397586362 22
178696668 60413665 18
268134205 921581379 25
86991175 925589271 38
987594455 120485195 32
-761979952 779710953 25
923191400 578480089 32
-366154141 471866909 12
-167139430 983675041 19
343854518 139310717 15
-469033995 324589041 14
675229459 194343255 21
-687531371 679668958 20
-552066783 495416911 25
420848809 946626006 3
-65083581 804876245 13
667373208 106583367 11
818139120 656668081 40
468370874 697329762 16
-166370007 215418041 17
-539262121 197328982 23
328735872 123659283 10
-397573379 305851492 11
-188223273 494292485 38
-845983652 613312903 5
-516472729 928686508 15
-283121123 549996652 33
251351870 436824211 4
-697580766 360811056 29
-706135610 722694952 27
-139581731 974464912 6
126741163 365179081 12
104441678 544229721 32
-579543133 299007118 40
-104142852 4977955 21
343847533 337504491 1
-515062961 99456448 33
610105720 963887916 11
-417097028 746423036 10
-167316610 124990433 35
427268478 465769494 27
-577547526 585662616 39
576221196 45708225 17
-210205598 533969058 29
-993918318 962110 8
292832228 328981624 32
-818810231 389383495 15
-819630062 232055493 14
175386828 536880494 37
-857261694 998858378 7
-402167406 254610570 17
363368607 172113942 14
160471592 135543995 23
870718770 777072207 2
-853296990 790555556 2
420988673 555001620 38
143319936 728968317 3
-211247534 520253498 23
-792963519 46362379 30
725783501 353091928 1
-949620225 611749323 15
429037607 547053785 3
224650291 7912608 9
-566162967 951342748 33
210973775 32485638 18
446143374 240766959 22
736180124 202725020 40
-687145274 376718318 4
405243956 953079351 35
615268828 798502331 13
159683545 1476008 21
585099669 877155179 31
-348263793 27238057 9
-907199420 230728193 24
-660846411 786363891 28
476537186 747182849 3
-332326820 313008704 26
-471478090 91449378 22
-468733851 331389522 25
-299791942 603105945 31
210095375 225554459 32
-847627713 769538074 22
-663055949 208015895 4
358130460 339097635 7
-211837086 559169538 27
840743627 519297222 39
-884928542 967272310 4
738980007 179171227 28
91415610 829066879 36
-118644907 209993438 5
-320752520 613082397 12
-87398618 58073285 19
-681213624 4146865 38
-976993574 379541194 38
-413729050 538350274 31
-475746370 727280291 14
406653850 913980859 29
-365347989 100033453 14
-473002962 217421797 31
973829479 212308846 30
-33452341 108307110 9
-645582068 222475903 16
817388316 859646225 2
-306840412 232015332 38
-785978598 916974581 13
-306473011 248165209 11
807138320 247827791 4
-376424009 261623876 3
-1843673 519709813 10
84546750 307342153 27
986452290 826408578 18
856725387 659229 27
-462813452 826178463 28
-781782214 349981461 31
424155977 441211621 22
97206133 82169181 38
-880307517 379491877 31
611952690 844816811 28
278979512 321625110 35
421622848 276246198 4
904457357 962605319 20
-856518241 113863586 26
917241953 711836640 31
296341770 818368700 5
616396603 728662517 4
982939397 908091088 2
977131732 509601321 12
-552842644 502256055 27
-550633388 566203493 3
643355351 600698137 24
768047152 721516484 22
417543971 577103899 2
-670596867 599069310 12
-384751585 493659010 25
232637745 677529693 29
-419817662 678402663 34
910732896 126363230 20
-722750904 979734457 1
-571736821 654577072 12
786029266 280266990 11
-625789780 196865463 38
971719977 906415863 20
790025809 823800542 2
935776777 52274257 32
-39119738 854639972 32
222984066 983214019 20
-285192751 363156420 32
903828610 627336648 29
-659519161 991437426 28
972156874 396375489 15
-40846179 830073078 20
-359537663 710443974 12
205126017 883023265 29
194154622 631010892 22
944997153 687140182 18
720938344 535524544 1
-685571099 447316703 26
649369616 63120481 15
-426303403 34615783 27
-110387776 760259699 13
-211244806 452978370 37
331083203 90598747 19
-619578162 162046757 29
738896181 492069273 33
721720933 115316320 38
-764609721 147900634 38
290184086 204034280 37
464150007 130308476 25
758545577 726041468 37
293884879 168913017 37
-701354935 934324908 21
-935663658 9070513 34
-323665976 682536495 33
565796203 156170598 9
464886286 189923488 6
885730006 648788263 12
297033033 346974515 16
-649757786 780219370 19
-691425763 797383772 5
-334857027 491399404 19
145493079 324139464 1
488712389 213878112 15
873058207 445286684 40
-387608868 926133128 37
-357545055 80066788 31
335402179 728445436 11
-966130312 841364883 17
-881615403 237603342 8
-27209215 661955612 1
339423526 857770991 37
260220122 146592337 23
279756497 288802181 7
318990904 767903780 18
-782570112 781267342 9
729611928 208475371 26
418960282 382676333 14
180192513 136880700 14
932709005 396996901 10
-146241634 841613377 29
175699556 885949432 18
832108476 98268860 13
-88271428 648075822 36
792650512 254597455 31
992204926 983960680 1
711170572 372958195 33
-889338808 686370547 37
608414580 52891887 11
200966846 995551350 36
180040007 577525951 19
984197154 461011803 11
645270128 632007453 5
531094402 545327871 6
435199980 318336570 36
-580231121 220307571 19
917601679 26620710 10
799744606 748490366 21
843457458 328108613 29
-534873947 420398744 3
-436420207 790825574 25
-192704179 17959810 34
-545642323 761898182 6
295963236 593595363 13
-361025436 171748993 32
407593050 107920247 1
807176177 142279390 30
-794805705 995117931 34
-720569824 465769572 39
313475781 276569601 20
485439233 578505385 17
235967091 733652328 12
225835778 349341211 11
-964202731 133461577 6
335076459 938387821 9
501479157 996479687 16
700782160 962014939 20
-634126000 29729023 27
-331299913 997890253 19
525166071 282753054 21
854815496 38352662 1
47374815 264376280 12
-968174780 459695218 8
355440149 577334126 16
490211935 261861791 36
522165184 741195243 24
851096499 977205143 23
-155201638 60811328 20
-15130891 578947289 38
167526329 957194201 11
530651021 530926601 39
140594307 438368445 19
694695950 992585497 21
297476804 37038054 40
439007428 201097453 36
629484160 853912578 16
-112493829 185967177 14
-575143524 319346100 15
496194754 270315220 36
585165263 362730091 10
-322204208 93652824 37
-49800251 571135362 36
946838969 938249762 36
932895027 610344077 21
710040200 613291186 40
-321726933 140479540 8
-803767735 444872928 24
143223690 326017200 28
-98187898 710824304 14
713673515 236679161 15
-249954948 143746434 6
-607325028 861703711 1
327967997 861421872 1
-294414277 775887495 28
242199320 546788125 40
664736764 79598924 26
-851551083 206434279 19
927850784 74159052 40
972471418 364322914 21
-446150612 919022025 24
134634154 863173205 12
-120383843 311126924 4
-19328743 210070419 33
-2069154 909342923 17
247635173 711363513 26
-12997273 966833413 20
293095119 784885197 24
153126877 339016498 14
388592255 524387487 25
-709624204 173648071 16
-237169142 512273829 5
375812728 391203897 16
784661588 624975671 31
-123310894 332500472 15
806130770 671222713 33
-125625678 431120885 28
918365348 188311504 32
713327223 594972875 22
-583893475 195104468 13
-823197773 833795175 35
783975840 287324170 36
-304114352 732275231 33
20562386 548506390 5
-502769114 33415059 13
-258902775 463786281 2
412055770 835463397 16
-146626981 431450952 8
-774008802 235030446 26
-85769479 267384431 13
-325961269 2974640 37
-356063359 302972014 3
85033713 72072674 11
102078034 70626297 17
-29128485 905645797 14
-571087539 299713268 3
351038423 938319900 39
-815957159 463664125 31
-163940567 65923919 19
835926792 601776479 6
-701506826 763712027 18
-82455021 235349083 9
893950369 54362996 15
17057827 859028662 13
-405579268 800609573 5
299260039 127086247 39
558911931 945215170 16
429628623 872576221 14
506089854 755122255 12
-778973921 464565288 25
-406830146 727406830 26
706567345 644512496 3
-404085696 64658523 13
485010444 659450090 6
676314422 523135787 22
802751243 734508143 18
-483025377 375233358 12
-870963871 756349388 38
706262574 428494134 14
-347599627 885467370 28
717770997 637553428 2
-540604681 353035527 10
267678261 883910146 24
-253199100 125305049 3
-401653612 837536437 20
-313573466 887450110 35
-413686001 418421084 7
427740501 113612260 33
-99442712 729487836 13
-860041477 114606002 36
489987633 801264599 11
250144822 135080506 3
-739921410 383704494 1
993056385 341157949 28
-451072428 743373145 5
-530232293 750839600 17
665875928 71704093 38
-551894924 251793806 24
215059712 398051138 22
117120689 23786552 29
730738924 373462638 12
-173682758 755024321 34
888041858 308868688 38
56085222 983528481 3
-694392442 23089691 39
280228522 329711644 33
1416587 869707637 8
-577760733 689773918 7
-877418926 577957742 15
47138506 466478 24
-640400684 471905108 13
219615102 252950399 21
850101180 797544704 13
817597324 172302999 13
523960358 466766464 8
-531264278 998227135 16
-723463656 572085472 35
-594388286 634394649 23
-168392706 200033890 18
-299738917 245953455 22
-762970772 213650037 30
7618072 51190034 13
818713196 259837056 31
130526665 759012940 6
-866501333 687003477 6
-219577699 769678199 38
5741367 989980840 40
-929293356 937766787 23
889148552 332676211 35
-879852340 899842358 5
-110301351 721294201 3
915745774 514269269 40
-647446463 188631102 32
-921977485 333265463 18
860333428 445328161 12
768781735 846613239 17
696492949 11144771 9
517166230 48780788 29
-492760752 400771833 2
821190523 768130487 1
894968387 9713042 19
44997336 790502936 14
104438475 669286916 13
230283900 974718186 28
530132081 145895664 16
886850163 36501625 16
923719390 759607475 15
707504769 221211136 31
799867929 546093330 19
612745466 894032388 14
964076500 848338743 23
486789676 533301686 2
-589253940 115995642 5
6520587 315069462 32
495370643 839484664 12
473996777 614347639 18
-518984162 718755989 12
-220808046 619189831 22
391588786 42644368 20
244054461 55615376 5
-907936667 11349886 14
-289893406 472938115 12
-935305845 720247666 9
912380888 950627952 36
790725632 547483125 22
394284813 541155990 38
567497082 61210454 4
-924534823 100033656 8
196948056 517117656 36
956349233 676084058 8
235860535 105403333 40
-821786445 766769842 40
401128009 528701856 18
-730630390 325790770 17
-985808569 919190107 30
605280737 568335675 40
180276885 784296996 9
-477328712 248093393 33
872794829 567625575 9
-829497173 89729935 32
-241086786 556971289 24
-131532598 897096231 35
-110922957 335518036 2
273766642 758452017 31
620242285 507492866 3
-202060845 302893818 15
543251811 465483702 22
-514482316 645926767 22
831087083 802184432 22
879179201 353585391 34
959486376 163359712 24
-294575427 624559488 24
510396776 936879211 27
-222672926 307648034 20
535983914 6866406 20
262961768 827494428 36
-274973513 183260829 34
554206745 96022366 35
485585264 396928981 34
866373390 964219750 10
-338540356 238431307 31
-668598605 816697549 2
-374343281 663730797 11
-952459996 304332152 39
-791671047 429698567 21
-189436045 912480730 11
-579319949 300634143 27
-3310416 972711730 17
-554023897 323021447 34
-722108875 98978063 19
976493486 37495735 33
84286152 120445005 4
-729314153 719836155 20
456395077 415435801 28
-545754176 851043305 19
900261465 439086458 7
-191794168 741918350 8
-349318392 944750209 27
-505160216 477584656 9
-488392014 667056952 19
-475852468 27411549 30
692278668 649506782 16
-702056228 373306018 40
410226117 583175964 13
103253221 242678662 40
218678309 382931763 20
107589023 331403188 8
85014087 67633895 33
498082359 416591828 33
899275125 488175260 35
968589981 772661599 9
839841176 702296362 17
27612007 260786443 4
347546367 28147919 40
618761363 693479163 10
-113857492 78886432 12
-260601291 883656339 7
827498538 142154594 26
712989371 757941388 6
638829767 385380702 25
-956945320 785805973 14
-432260860 982669852 8
911406794 723700202 26
504928829 304803570 7
367342817 923262442 1
-960645066 160484275 8
362648537 380478631 25
878391359 421582741 2
758692524 25263667 36
-620199105 434027157 34
388388115 225360473 13
222693637 484684707 26
794651567 768443179 24
537048399 677893911 29
682616871 876862787 13
-783806165 740831838 15
955005023 503494977 23
-372870775 734062019 17
304704542 2526520 16
-442817301 121332734 6
-354114308 249998324 10
953152287 388118560 28
-950832617 895619313 28
291456078 953410683 11
8649479 709601438 19
55409891 546027367 35
56294694 510117294 20
285308131 73356538 31
-966071091 988531340 11
370037691 248879512 18
852787476 776782223 34
544200063 861128560 39
-700566259 149808109 3
-359105447 481093883 40
-405996165 124758952 21
-748097491 872482832 20
-11269993 501372740 13
888704190 307630237 25
-667564527 881482973 3
535522393 699978248 1
669202816 397006105 12
-204575824 390342088 24
958542543 796655332 22
-920384787 106283347 5
-620139918 93659137 27
257407252 889987263 27
675571291 965187909 1
-974278682 762854119 23
-470048890 280255678 9
517947436 314284864 27
-380767219 38244625 36
-777831868 113528154 3
-629637646 349802319 5
-323686260 202398512 15
64818756 263610319 21
927078099 383584382 9
-12789656 688343086 20
-949752118 895377857 5
765040808 142584016 6
-393532387 927956173 12
-314190567 668725468 34
-335505508 109688676 38
55684983 825900816 23
75856612 189695635 10
933514823 20290992 37
-847341855 920390890 33
628206463 735908709 4
-827387543 448828420 23
536407740 630158695 31
139133462 993172887 16
-603246066 289003834 18
112893475 481399927 37
966005553 398780985 1
833683523 647122021 15
264495556 123326062 5
710684538 497939057 38
6995612 435612101 10
-563456391 865330572 35
-771107425 19485767 32
384404869 621233349 5
-742614740 890395071 3
575958713 535988307 17
-98393206 96235244 38
-313743236 448932738 1
76679837 568430662 24
-497029060 699415363 3
-883590392 710131601 5
-297885895 765055149 36
-579910592 118380724 8
742188210 61759323 9
716658136 643704887 28
-935317906 357743660 40
323913811 811692236 9
206071240 603225203 11
-705432683 673860443 2
-721803467 271885990 23
-617467709 493350677 2
-340728940 48789861 14
870471449 573893741 7
-77130972 738243731 37
-661968123 581869737 31
-450084636 161838180 24
-64500780 543118257 35
838893243 735822952 5
610340327 332193847 19
621285367 656547045 28
767256814 780308129 31
-800978186 93270112 31
958233611 34337928 11
443996513 197342417 12
-310509607 5594861 18
-697919191 93412387 2
-945654410 475716772 36
574598437 570949242 23
495301478 1290379 21
-993068586 850702970 34
-812398256 899997845 13
858576023 149513798 30
402432356 745098928 4
-281295259 33147620 22
-722512747 520101379 21
-409858369 262821174 21
656701286 865311461 31
-741831714 510772882 15
246580183 312447222 35
388317409 302003596 37
785946899 565677641 25
-878824909 374442247 37
-797786174 152482360 7
-317370853 274389199 16
458098823 309861074 37
-644147915 188434261 9
-333171728 905443734 20
-542074964 192619344 12
-133193372 732287873 8
213122899 949728400 17
492964089 579971751 24
-449225923 886811278 10
297873300 712387831 30
802467030 536850484 27
-310554288 289887183 37
645845105 316519720 34
-952403620 620949852 21
16956241 897958025 12
688896373 341127327 19
-493472279 27802835 15
398033965 702036549 20
-21664931 763894630 31
808318677 452895830 2
-552569908 467213832 6
-182325187 895714648 12
214505100 237711626 30
-454722248 192962339 19
721494996 571945115 14
-536073253 55700849 16
990131492 558276021 38
-230899030 73236388 13
763220229 420801362 39
39858509 311063381 20
937919108 469021870 8
-8240521 806128556 27
444142850 598506263 36
195382827 487743796 26
-466732230 54754854 4
951933643 522888194 35
-545612262 165401961 1
-96936954 554631751 11
945334298 355445669 8
312605562 356926984 19
906959899 206801888 20
574994574 208626145 29
-881798235 423564284 25
592536520 441855405 3
-176747050 986811397 16
-630692093 942197933 8
-610740220 527848663 31
-651757938 674839200 18
-108902835 151906363 20
-112185637 334574644 10
-316305360 421965754 2
888157903 160663653 28
-55195640 937027710 12
275037952 632759184 10
296399648 959349555 24
-131539279 658969090 2
-100395999 337764956 9
-933113020 908097881 8
158579239 891979606 19
-128781132 212022218 17
-671901034 557026876 9
-856573586 120909091 28
366130763 360254097 8
516205052 263513405 19
413124964 719637480 19
896165570 111602584 30
513653653 902864748 35
-889482364 756438943 4
586568103 736392840 20
785543815 859751415 2
55768057 750200604 40
133198649 147074199 39
-353465844 999050501 22
375011990 148028509 19
947244508 675229587 25
-496172735 82263821 15
903732725 382566952 5
758299662 806376580 22
-338914828 42614662 10
-115099112 478597472 23
-93300728 631752920 22
928423583 916453601 30
-932242302 241920613 25
-309893143 609706488 39
-851616434 399142447 7
401044836 133733529 19
449869159 118823815 36
997426389 678322762 39
363186887 247646239 1
-753643528 342879163 18
854070551 573125765 14
-777654817 113395265 21
463753692 876961694 7
-847691304 186797064 40
136986534 363582921 12
-691721639 756056664 32
644875967 424366026 21
53248117 960632522 30
882180007 277747294 38
238181645 618908249 2
-198213386 603678880 35
922090919 383487552 7
927663883 138506851 11
105079007 214780670 38
-909127931 452686114 27
-639344255 497221941 17
-708192908 46855654 15
-128402059 275271963 7
821370993 988326177 17
892424383 142480043 13
-961744429 341530127 27
-86240256 557764378 38
683681259 639244326 32
820221206 667555990 22
-493226324 271028387 29
870510048 600032859 20
-760553610 190760249 4
408106118 156057470 3
244038803 196700408 12
116295729 732153460 1
110975670 558992212 29
-426113239 996830497 22
185108347 243280933 14
925882271 903924614 6
-238711253 734539481 16
300080356 957564730 15
821245409 236148866 38
-530318314 724141275 32
-439622777 127268284 8
338910060 93452099 1
-230784721 668274470 13
-275404723 88850589 15
-121922570 9513719 37
-951353042 344589561 16
890173928 971290762 31
437865672 569541204 36
996386578 671481938 22
-377446785 526629942 16
946106202 501894217 40
785581269 775085243 21
509527695 658186451 19
-372758882 778209970 40
-126263541 277679142 30
525246415 554753796 35
665211781 598918143 6
-568575915 548300914 5
279206222 465508973 3
-103127551 169171572 24
244133366 656060223 36
439568642 419953047 13
107213691 811915289 6
-328022349 702381689 15
-878295614 343006234 25
-448865439 840219057 38
-509449241 406254426 17
-378232451 889311931 2
944882305 80249802 17
-904869194 977385721 10
567258175 443363803 39
-632646319 523946514 33
-213911371 307807891 31
-493396103 442482334 3
841157429 205375982 25
581536754 398142124 32
-61527636 964236135 12
-203317426 512033547 18
563801329 686726399 4
-50535377 191347823 8
916919178 52502555 6
-28473462 494698003 24
-174090724 356779294 11
196883238 364197892 32
727906419 960621661 26
271734144 683265523 24
231709982 245101707 31
-761900727 427224408 14
956252172 745045652 20
40060893 876925342 17
602825551 114230771 3
601409469 982513820 6
258614654 66423326 37
-955453768 242956231 26
-937908846 16035785 23
2568991 205664553 21
-404289856 216342714 8
948361152 177322847 34
856415509 168213913 22
153588262 992634675 9
870204962 433958834 11
30075096 923452687 36
-116568138 283133811 1
-979196469 963379322 11
-563740110 866310851 28
-627543496 337830980 40
-108746301 304086425 7
735480081 623220263 6
-925028856 228579410 21
-467778952 443957260 37
584678310 686704316 4
-645572856 988688015 36
-796881748 426590171 3
-951747874 766276024 27
185729789 871910947 13
-362481540 600995423 13
219951994 159122375 11
-743889986 479537584 18
-76203647 814272399 16
709888937 147720393 27
90668473 160744816 19
990473133 300318687 21
567460800 535693510 25
-116227678 705258070 33
303709554 751529184 16
-173346030 704890839 26
752645532 211970576 11
745354086 815780610 26
-976183752 214460387 22
243467107 664205273 35
906707496 686933516 12
-488176452 950086326 15
-499812802 644672449 26
-221724100 333857432 14
7642524 583718814 34
-242079018 220713781 24
-170088999 464790888 7
254224614 443976701 29
634172240 375801558 36
159617495 117262686 3
-555472959 658993409 16
236086646 347236576 16
-245302360 531651974 8
-363184735 275087260 32
690221939 366416028 16
930643182 65169554 37
-151606872 641147504 25
-488556912 600768213 31
-874316986 967833220 7
361134727 891263301 38
206655936 370386880 15
980032393 353192495 15
-460190724 832092920 25
609047045 989387550 22
-653034701 54043184 18
-479335890 643460268 32
-246689288 399496944 10
-465898329 904965056 4
573453625 719835314 6
455871018 786120477 2
-628274121 489311058 34
-137978727 898137136 13
-984665740 922182234 26
661009796 181220128 10
781006383 31385651 6
-983210887 862745703 39
-830062922 639298092 18
-950148582 517267003 8
-443730559 399819613 24
-497792410 101849282 37
737961794 371813743 31
866594059 532980898 37
-152025522 126090813 27
382973429 801587784 27
-110492256 336325449 40
-785480428 587801275 8
323271883 467790086 37
-848120879 259455761 13
-279980585 423449233 24
-921587480 135295892 9
-544898776 219167994 3
-473456457 691841903 18
958849129 791420871 19
-587678377 734716870 13
634422782 695353744 23
983503789 433316677 12
-108073795 707859158 21
328239006 975893820 27
85167450 123493011 10
-893473393 845861910 20
-255106144 932874271 23
-166180836 749150361 21
308510953 843869025 22
-171530150 954663049 19
430800203 348275128 21
-503000993 176124858 36
25886084 288326659 39
839699573 346084198 22
-822593736 449927031 15
-374307291 82932647 23
-568984302 675471906 21
510376760 597546250 25
520559942 781008324 4
-340250347 162971857 27
-142908877 855673349 19
-985276992 784879873 33
-446827059 100193617 28
-925792253 960773930 14
28086969 510007880 25
693298802 513486207 38
18171554 308221836 30
-5662442 692917143 39
-409007875 471410174 10
-371127554 670814801 18
558142096 719839223 31
450718998 657228002 5
217215673 552886532 2
-429786112 809459801 32
910296920 939478906 12
257912745 626569978 7
-560987721 706686793 23
856458075 295999545 30
564270795 716123240 12
-490864018 786548310 13
173192050 846950550 20
141671853 472339771 26
-386042325 390815281 34
-372441944 344341171 13
-384834351 442457712 27
664784572 890890755 18
890738978 700843166 32
928027406 137537229 31
978889680 746370396 23
906790285 643572882 10
-93759245 156153198 24
365049001 235801597 23
843667383 868291988 3
-919697923 237494734 7
359827785 82579479 8
-914483790 428079023 11
-851057254 14465456 26
-707328076 844206892 35
-561477662 413394267 9
-241279709 985107343 35
-171132292 780436607 12
-396486727 411178277 3
563646555 253488853 15
994244836 461678094 31
-977125259 593579709 28
-946766085 468565194 35
78695246 301383122 30
-385112096 313947250 14
192207232 7656674 1
273892548 771458253 20
161188119 147787830 29
-47842101 122302892 27
52298247 51208129 12
-554149315 51635999 1
-926603283 103265321 33
232848731 199720441 27
412444572 787131667 9
284246596 548233962 28
-413789721 199736934 17
775405373 4708620 27
-278463627 651258454 10
-486884609 154470753 10
-446837783 181167407 36
-20382331 737076386 21
273288681 329019188 2
-106189949 553781932 40
-682027367 690417169 39
-153482643 512072051 39
998082391 885284409 13
-722443948 191864361 24
284134766 49742777 1
-542410162 598232115 18
-711062570 504629314 27
166444938 879230930 36
676642079 647772384 31
-247917914 783200294 22
610459182 936840208 10
377940722 975061242 35
124422413 426612103 38
-90998620 588432078 28
-148536879 824742215 13
625790413 402624901 29
-451993146 78611785 33
919805081 561703138 10
872258701 693029414 3
250099903 816849212 3
234755260 82599917 27
-273262044 386422779 10
-302664498 509316097 8
-83057480 751791889 20
-528690701 172364822 9
792555002 783550518 17
456529414 5409561 32
-935492721 866821044 37
7694617 735290351 2
559237547 426010010 23
-877692354 337132538 37
387763729 82366418 22
176570417 174166703 20
-709362308 59522636 24
-64127548 172154762 20
-365202523 597704274 9
719422353 437359360 19
-157376120 197628792 26
-156635424 455150426 40
847026331 36560810 23
85442183 972343895 34
-885801259 85132862 37
396025549 419195441 31
880194752 263871256 28
468198138 870581825 19
724657261 960760513 16
-414964702 896615808 28
601886758 326267595 36
-910765011 136388050 19
-511229010 742182901 19
-331560942 346444638 31
584344319 829582474 13
-871773599 734366591 8
-664654148 422211419 28
801686441 696334895 31
-93638782 43033966 4
-422870989 439047017 16
-923415508 874739743 13
861721910 411464710 7
873109475 319929915 38
-233282789 559025755 34
612773708 27785162 23
161484886 537257524 30
-236118768 359777800 4
810075655 129750879 4
-170724450 205127436 6
911814853 836533240 7
109916985 983480822 6
557188353 775026134 29
-88363519 358022294 12
330748286 386847215 20
-893665984 920534056 30
-230388528 619305104 7
-330480363 131381240 24
567585184 493987824 15
-623584095 640366287 26
41097377 776986873 14
439654349 824852878 15
-773313426 569490713 25
892196079 719950514 17
287577645 670619716 10
910195910 786412646 36
-776247897 622674747 10
317023212 983457787 34
935427311 787950492 39
-190129909 197498525 24
-44205121 862215155 33
-66625455 226418541 8
284274390 88196877 15
298732897 495780221 22
459410447 607442583 31
198863319 142637964 19
-389357407 772856444 21
218828588 633116104 10
4826115 946517507 35
433275175 121041016 4
654838784 541626462 26
296699419 802518433 21
422548137 922419133 17
-16389603 284161919 36
-960652030 210474574 33
-514091015 323982712 34
-677898287 966186536 24
571372200 459068355 4
149672265 542178522 3
335241316 678025565 35
-649593472 313105822 20
-349929786 653472224 10
-115188760 377137826 33
232727268 249391179 5
-709616611 662426934 15
592811049 939729840 29
495376429 629673810 26
159791828 480822560 28
991669419 432974684 40
909788840 392619652 31
421185419 173654231 21
419930878 502280051 33
-391851840 7162764 25
-998215355 557552320 21
-118898674 153752551 29
104282610 776358660 31
-251641540 92773431 8
576070912 507237213 21
-304789562 245432025 4
52617939 742022430 14
-165716278 419339607 23
-964205856 603461498 15
-978435524 137078785 8
670682880 292837876 20
186718702 918831545 16
-439985190 400203283 6
116249547 206890391 30
-796282266 165828559 26
-747268566 992966722 8
-467358528 935937558 20
374110747 423071611 29
-63577119 356492113 4
-878599450 28159521 13
216159108 980235078 26
-788535452 799254914 20
-70270604 912802094 27
-508855202 909690382 14
618121869 67806441 3
-827393986 711881730 40
749984562 240635586 23
709307485 998171334 15
775482484 410196336 16
-911378873 366523656 2
953010230 966202059 9
399241781 193829286 19
778806887 191034852 18
208280953 223904174 28
-717838209 145100983 13
666575755 266504733 22
-668857249 901211628 14
999578946 346616332 4
765380960 695992110 30
551041360 215688642 15
-622460389 472538916 21
-364578307 31889894 14
-791355697 440275030 30
-182579165 466573028 10
307032967 421976139 22
896459645 842129055 3
251516873 475676991 40
358129877 841600755 37
675497535 43783632 36
390468432 101347911 11
278484159 40854543 15
-160391062 120941215 12
221519968 607161091 37
125177073 473877602 23
-606654487 335304673 25
696769403 27544886 14
-325513482 383577091 34
96707184 549335168 26
-361722734 704136215 22
-412963647 759933058 27
-428496675 262892112 7
150442556 376047826 27
-190700760 231442289 16
306914195 453499490 24
295146423 290984640 38
-116782862 981708184 14
433394109 903440677 38
-946491514 729682784 27
-404432448 652398154 25
584286039 683490476 21
16134760 793192048 27
427550514 53916597 6
-262841427 747231612 1
823083782 400844140 13
-489917217 417357375 16
319387679 690348745 2
797561809 212716531 2
766857038 706498307 28
-523459234 144508097 31
345517198 154867385 19
523148785 526439075 12
-507951698 429802899 28
-136299868 916600839 20
-745907427 293623592 16
-578584361 596873635 23
-888843362 122919458 39
-495257545 419838621 30
-201227177 675498132 3
521203150 237357624 19
913006607 965873874 6
217587070 811209390 38
559777254 461590285 8
628644614 603268810 22
-195836149 33869401 4
-293758416 646142910 23
-12829669 291624549 17
-778823244 138655852 16
-493244613 636437958 1
-390435229 67310417 10
831574853 196823053 26
78588993 284939953 22
992450596 743970850 6
262932245 167778249 30
523136921 364282785 1
625410536 30986678 2
-441995727 613669476 16
151311658 812297695 32
721128294 416979915 40
381887261 981611997 31
315821641 928386379 9
-55528626 694118149 21
371322587 374570680 7
283631128 679207404 11
-212665210 249234767 24
-785990088 196021405 38
993386562 879779393 22
843318052 539444860 15
754366461 798669153 20
997413027 586571363 19
-794478683 393941052 7
199947378 656656155 12
364062905 94193106 37
-237307952 959269437 14
-982582693 558473575 22
-948312302 378118099 1
958510639 753143446 37
-895977214 691148079 15
-229167708 704330563 31
-846000068 469520615 37
-732187810 266424988 19
-115536586 699621874 11
751381198 866051766 32
586830987 809389023 33
747443644 870677663 37
922696576 255002143 21
-110034974 125051997 34
239827665 839901162 6
-969346162 919017329 12
290679831 434900739 25
20184022 880842751 28
881748880 265674750 18
-410592038 462108673 30
365887196 228302234 23
321758641 985255919 20
783682928 571320074 22
178757014 667659631 5
-367037428 504663102 11
-632912761 770888903 40
665749472 314335860 2
895235361 447735428 5
735253822 717123423 38
-447739908 577832406 7
504738868 329720677 1
-29262008 34130999 27
382706581 833219110 15
776077010 717240275 17
-568325071 171101906 2
979106727 317153585 32
572794421 442702331 31
168905370 58559029 33
-178989559 235096640 17
915980396 928803454 2
-930140095 203169611 8
-35252469 283121956 28
-524623533 962829567 38
646390595 145751339 30
546361348 826885106 18
-479705888 615988906 4
11811036 39147430 14
-359876363 438555071 11
-166461947 611259485 25
-744310136 573577284 15
237119828 964018042 19
184139475 159526083 36
501657984 249252392 4
-240839399 787703390 22
-242031284 667209011 12
-388492796 185076809 40
613384222 841914878 28
820956703 725234287 37
-307926776 177238419 15
-535334220 278244927 19
-407546759 621873131 21
139294694 934212684 28
628869127 307264887 2
-886681400 91024569 23
367892954 19511515 40
930573380 780591332 17
-347168399 292768361 20
289992201 156252209 6
111435388 632635342 1
-449063140 391065827 13
932477285 817457574 21
820722563 393904066 1
-989510671 144643532 14
334298806 383582159 40
-257922645 899686009 39
710703142 464338446 19
-629884750 506843952 17
984755718 646054590 7
-631933017 564674986 22
-830265345 938752976 2
-585578281 914582711 6
637780231 37880199 36
-813768314 273648747 30
-169428890 327604447 26
177340931 803865833 10
250361128 808577857 24
-857104939 430026197 26
540398413 72815735 28
-60112347 71628466 10
-496655182 714688620 21
-675696209 92881183 40
-87959645 507390252 32
881775408 747475701 28
873683094 95478132 2
-16464651 801065026 25
-505417685 611719793 10
-891534795 116751430 12
840510520 698642105 7
586147002 814849851 14
-592904309 557366748 9
-818477334 553084892 31
-560453394 643810241 26
-332644557 837243594 31
-156874847 901399487 24
568811828 884126031 28
-377399915 990129063 28
-399551866 356969063 15
805927076 422553859 31
719767922 943998084 31
617167415 392582665 28
127134842 232016100 25
-373658278 681563911 27
422108744 466236432 6
405587729 96397715 30
341090235 161015256 27
-728928493 788634342 9
628903016 789056548 21
-564921991 145961551 1
-61017173 324846871 36
917220471 395552659 22
416618252 138838342 29
-203900614 468258470 31
-997770796 829797543 5
-541473002 840487848 35
131849926 740959781 40
389539444 576212981 6
920858415 500259222 3
-419730114 678032795 27
-45878027 602739362 30
-592874771 894090895 37
-37480268 692243072 39
568016912 135708524 11
964037472 748625446 36
795154069 351427687 27
84526484 749470472 17
168291846 860685010 39
630509573 912135094 6
398436268 432127184 39
84782917 906067494 2
409581304 806951729 13
716865689 402922816 27
713065204 852577534 1
991466975 205627527 10
883286325 611314641 24
591898805 523052330 12
767569762 368606836 24
-314361753 853686528 37
558757946 932541138 34
720241886 490732434 33
359411890 462176800 5
-288625943 346095462 39
-51245026 760526628 5
808188659 464648328 26
-582705071 195405457 16
34203965 193413513 26
-874887038 711763482 20
-878781872 397456526 8
-559990388 428292542 3
-618774297 849637805 3
833908011 817684996 39
-974997515 518447236 39
-940469100 129311288 24
-906983772 47659972 5
567284470 406948541 19
-537840321 702694257 25
-631467300 882401236 26
688507804 254462122 22
772991816 825394751 4
-378078216 878711640 31
-694708724 777482678 29
-969215099 468975806 5
-582392834 922027989 11
-827378848 729164511 35
869473691 482046240 7
-723188624 332369541 11
-192886385 277932817 25
192811174 430199376 19
21873870 904158021 34
-847798172 321556061 30
594697669 522399218 36
311260953 395217954 34
-887153168 525530069 7
394622046 765743291 20
316937154 477577549 33
-747969556 105528985 9
302300620 396012176 21
486823055 356362556 3
-410120904 11546836 32
181967736 59555836 35
-677897236 869910194 6
-402328983 473716684 29
689011200 268351767 12
161215794 555344312 16
-706019762 319513737 28
-723696276 895061408 2
76493220 508497374 38
196376154 182268832 25
38456799 776826522 34
663951614 776062711 25
191251620 262844044 11
383515817 230915290 21
736955596 70047586 14
938633018 281525409 18
991695813 535131135 29
-558446697 356154205 16
964698481 610818163 8
-273178190 911300170 14
-794075250 768782497 14
-787712129 153387429 28
-39682932 736496247 14
544418919 752569796 32
717243662 613583442 30
-781487898 584028846 40
11492923 632242748 9
-994807505 663264331 34
190404268 838513364 36
-924096016 768780116 33
71022970 530940617 6
365638045 102976088 12
652318118 47302710 39
-336637617 25420669 31
-646180358 471238208 20
-395501739 38589823 34
713906244 841370783 15
-217514228 62659823 16
133042708 612660329 36
-605215831 211961076 31
-822809792 359058880 27
-662707055 164564340 5
8426601 424860811 12
-828471466 450594567 10
-315382816 773006534 9
545813697 548531235 38
-865160626 65504514 22
-970011871 483912533 8
513922536 900371036 29
555680308 342849310 1
896465018 375305281 12
-322174411 615435229 37
499381121 84471648 8
541952889 745904151 6
-893873689 560348976 26
732447435 679011294 10
750827769 804802982 36
864069888 570558848 7
-62024106 99025090 33
862927533 930973399 11
-655004063 254892191 27
771946273 329638521 15
-666646199 190992024 20
-843940777 266484018 29
531565251 481748986 38
-410633059 710192033 26
-250826158 236857482 24
11231757 726515875 38
-882610888 491280297 13
602358549 476761257 4
892437650 701633984 19
-427522343 318417472 14
-273482643 114379418 26
606221464 455818766 21
-222348903 50710792 29
-673995530 200061814 23
-91334741 776870763 22
-95188375 572188475 26
756383107 182785874 15
-773951845 196919863 8
365883349 81189048 9
-591181086 200445388 40
696366886 949354250 4
-348908634 842104955 8
-636698238 396371130 38
-441376165 611256100 13
-150519352 937980563 40
128411747 755066558 5
-692158425 803912623 22
722179826 98221751 18
-153749441 62276462 16
163323196 668451299 18
511965092 793657399 32
843177243 541273362 16
-831305996 141210513 39
-69718569 205374656 19
690452827 683689913 39
303699265 306959234 24
265376598 76780297 17
-667810462 927039419 7
93635369 136771835 31
354605032 315738371 16
-617297009 929941165 30
-357210907 718189276 13
410367339 94261837 26
-144594219 872814427 19
265644134 351896216 24
543767632 906845101 9
-720786183 561710921 36
-866592362 448270484 28
-159008593 477959267 39
-563744879 382090513 1
-690640171 19170422 35
-552949159 166958869 36
-196702733 765956185 7
-356387933 717008594 27
826158676 515279175 9
-997211149 375450069 32
599859795 716865098 28
-55958448 572633988 9
668831482 283077467 28
575012117 288202921 17
-963041906 134725642 23
142655693 602699472 16
99429190 392588969 20
75055185 798315897 30
434616132 441404710 9
-372807174 243947424 5
906998719 287736605 18
483705989 337238824 3
-243730306 277672305 25
301810112 319915113 1
-249818084 680339973 9
-460328498 58332032 40
-563953631 827364423 29
-187796140 969017512 19
-912363379 628334487 30
310843156 661936230 29
784332475 831596079 17
600498645 984410652 17
-645022507 2403206 20
236618869 65715086 12
-134260351 567800313 30
470864105 469224168 4
252096232 100366408 31
-795336401 364307659 3
753853574 295117264 17
-882186331 180305339 3
566290572 4608657 36
60287810 920350917 26
926900456 24717131 5
-157354332 148140629 38
-27251435 81300639 31
18385170 248034445 32
-327927676 847368871 26
29341027 976817021 6
-839241284 820152073 24
-494009664 871774619 2
403797659 276163808 1
-72399058 22474118 38
288465585 83044850 28
-359059625 306543769 24
619881005 723352775 5
-298634002 434390252 34
-698714370 857313478 25
429229620 242929682 2
97450032 227539534 8
-119303309 234622702 7
998987542 112672951 37
-595677200 730392191 27
729933420 64183872 37
-995670370 882281223 38
504982130 724658593 9
-547607982 868331391 40
964124836 40806116 37
877146885 155041851 19
-424590294 925331411 36
201845964 487024670 4
138626939 883630884 22
-975647976 6147336 40
750940649 574098245 8
-306714760 874249321 36
-637537269 828078417 35
-304867021 487835279 1
889343617 378429972 1
574886673 850278087 5
-119188268 707370171 5
824145281 481524806 15
-100969198 191130702 13
578305304 763741622 12
899898610 223979734 4
742821605 132214424 39
-913250161 103656805 37
298362743 472623921 23
-816072895 840270932 39
422337635 346449849 12
-520207256 970415089 30
-268564718 856857991 40
-237332822 179338752 22
-788869287 214759764 28
-109885609 143326083 1
-394402002 213226707 24
-912052646 569939306 35
356826514 650310572 12
98435564 981999399 9
231933914 630623536 29
483740128 772809085 38
-774047681 41034642 22
-977352289 856156320 11
-932183169 178820583 7
-465936607 794495625 18
694873765 695188548 34
-144934411 542564741 13
146531616 115811852 24
832485062 673977220 1
701926169 69811310 28
835727859 805212316 33
847604465 952812040 5
-12580343 319045617 19
888281500 963520497 13
-462221641 297142042 37
55506661 934831121 17
637867765 104553630 39
255139118 493660125 2
-943532026 400580469 5
26325870 330863192 31
813038988 306283636 24
722139575 232968686 40
997433480 800389454 24
-986947245 477228650 6
-15578767 29003126 5
-929595117 746406071 17
-286142160 259977943 3
104783483 418891443 30
-183036565 970135850 24
-35267632 687920686 9
864761193 42320925 11
-539606312 275433225 10
-636301184 375312498 30
-623869576 676534217 36
-145041933 899939718 4
-912322466 974491686 29
205780694 167644654 15
339034627 605971627 15
30245375 192024736 40
758350153 830044597 12
884841810 520222702 31
-723391780 12461685 15
573866764 449257702 10
542109362 189760145 20
845498 869253386 15
-915665587 108620375 16
83169024 534774965 40
974637824 907314992 22
-427054101 774537638 6
829570712 761442433 32
412312196 597759853 1
992246093 22568985 6
819828624 22131922 11
-981251051 244982009 29
677134169 613261682 40
296392728 511667577 22
537674783 296644551 16
3209200 991144201 20
365274952 198639920 3
-715673653 292698953 23
-888723956 194126139 32
793069434 201040837 7
739780683 113896019 16
155586262 112169363 30
882418438 609448515 14
-452396893 393192823 26
-441245722 188852611 29
916201666 95932031 9
-334613517 582080754 29
479256403 572327690 25
-89765521 404385736 34
-884373879 996129995 22
928243983 884316287 27
-686332972 493799290 25
-461508398 973821474 22
485974024 435762852 24
490222170 925680659 2
-478529136 482537544 1
-767724135 391260129 34
-18839118 910341251 5
-914579076 699009220 38
-991942900 246676072 32
430972644 785054374 22
107500405 470789379 36
-808887773 505324361 9
210545879 167034527 36
-876321969 915523827 13
390030939 20187526 16
781790057 638746190 7
-858507436 950209583 31
-504557210 42959389 33
963596584 554643782 6
374397891 147313090 2
678859263 898744407 27
707449917 729902157 32
-765026240 444023907 2
532692234 10125061 6
614384126 149228227 29
-424946480 114556650 18
140595535 825671716 40
799635973 480810242 21
861493115 500839646 7
-59591074 718299208 23
212567039 485723516 18
-904149472 516978290 37
-163720975 403485941 36
-60260489 436234206 36
-67875741 70133788 40
7849857 333832112 37
716072930 893555810 11
542239308 262612337 28
-965500164 139302233 20
383864841 618509257 12
-819750258 134361095 8
-156977110 998496377 26
-287299434 774378287 21
425786078 930975183 32
12318667 306128274 17
384665300 850940008 20
810773148 651086575 16
-121517430 134976616 2
-574504517 555022922 1
86614963 99361325 9
333439636 515652753 30
331077225 7515965 18
-589009299 592735507 6
738108194 155392438 19
-134131804 200117298 5
166770164 261925333 16
-797274758 637210053 8
939880534 853225678 12
409382256 78011862 35
-431206874 600699562 25
-886990625 799002381 36
-60978774 869906167 20
-343189342 582283435 37
242502125 941045456 20
-143022823 653013703 40
-653298419 8525180 12
-468063078 945758690 1
519883106 267817412 37
667580621 128597232 26
344418232 414343557 23
46091752 450364052 14
180077224 575307877 2
461916297 701790039 11
-913099054 824623194 19
135472453 672500568 38
-431317111 934413074 4
-216620493 724202815 21
-762950145 826763836 30
543262271 444965523 18
724025888 537825353 20
891014050 398370209 6
529519343 895593573 26
167841663 23619038 5
6969110 766137008 20
-410178222 471243200 20
-579896288 980644947 38
-80336356 261710123 22
535277592 574928408 4
154822374 760283895 15
680791686 382984249 33
-22693331 672397584 11
-907817329 655679617 19
716057214 267735341 3
-410862782 322055603 10
427641384 142010475 40
660623661 79896371 38
-43692975 209005952 40
-210732933 232087060 13
965316415 982448909 18
-101541106 787173848 4
330117623 32943286 2
-731929446 240478984 6
-269667282 447461721 3
-429063641 345183582 18
775990317 314393983 7
704754424 347036953 4
224128346 890566641 7
-411916923 720495902 15
-947225509 826005810 33
-360130078 730039093 9
167613341 953366007 25
-891261140 364329222 15
-840711684 748393144 24
615142977 676246872 13
41425026 644942654 5
-596230289 925896499 39
877095069 661201351 25
535270804 404237321 28
60426866 268383077 32
-46417766 527237644 9
494070572 125238086 20
-322761461 721332582 1
800158692 450256217 7
-537115929 394635557 12
199102572 529025238 14
-585639785 705362284 19
336605266 704401529 24
706759459 493200938 8
-81343115 868502172 40
-428707287 854004032 9
811928234 875745459 4
37666716 891148828 39
402189112 700014806 31
9424758 487098480 4
53165137 142524808 36
-267276482 409308618 30
606332524 794233635 3
-822755411 957498829 35
-886693462 925394985 36
189757418 999218801 14
-96977598 492957648 29
-809061189 106577663 7
693240133 969893792 1
326857346 36291452 37
212163165 893091603 29
-9429744 74607660 27
-651804344 766166244 28
-91620182 449204043 30
526708240 882323665 35
-258287017 654012153 14
-913169494 105939302 25
-606307756 191480981 16
401440713 312277468 2
-935429937 649346091 35
74697494 222835607 10
737827016 656327865 3
-56944758 636701497 18
-162654572 352850999 32
-447007126 337716268 12
-234675523 334912316 18
511502493 13785291 16
-322732548 61765432 10
740554046 672771393 35
185607898 111870750 8
89324925 158416864 23
-408662007 697168510 9
-962760513 808557677 23
-343394044 603976442 39
-319774207 697589913 39
648391911 220876130 13
-565263381 819586982 11
402405375 133843249 7
-954909294 788035000 40
-686776412 999530755 24
760066680 125937250 29
607488360 873036032 4
137329564 882723748 13
-851237077 269751605 28
386265506 540415858 32
-564896278 461663889 35
578502596 299865961 27
-77164901 676700800 1
-746273778 816655841 21
62758301 899640676 1
784949043 286360990 12
-673188065 717051838 24
-359037124 990491314 34
-200191303 486468221 1
85993932 208339810 8
64822152 918412027 29
-1995632 108972000 26
770311473 967127773 23
232816400 268168486 3
378574367 878109237 11
309503983 659331125 40
-650434872 512927040 26
-636508699 215880231 5
982629616 366512094 40
721865956 852595254 17
-648732151 658101603 23
-921753441 385966049 13
-770066979 981598094 14
466905179 360671223 25
-206709618 545588582 22
-365358726 777641051 18
-906933540 843793657 7
-528690001 990651996 13
-601274665 726765632 35
962749168 564487311 27
738839566 256304373 21
-57964371 827573854 14
295966398 730405871 24
998665514 582081032 1
-14777860 179212763 30
-485936466 250178340 37
324282426 226767797 25
-617271252 416238831 12
-486907823 310698262 33
972677843 506050638 39
-460435466 612234046 1
500436291 208893579 1
-862378216 738013502 29
-283897485 810966214 19
-998852879 591551705 22
695144209 226587537 31
722285833 582583719 4
-64356894 196241507 9
-284535554 329291306 21
-957678780 368479380 20
-681129850 698450691 14
56622180 855377036 18
-468372549 379805958 15
-422991611 69610899 3
492359128 882985535 9
964105423 114583333 26
835043549 713627006 8
-527522927 875518793 19
-94478334 787278210 10
271444307 423790628 3
-548540485 844847616 29
855934641 67367042 6
401265313 66308193 24
599747316 575235181 23
412738539 317766651 1
996214783 772595048 28
437194671 422770086 2
-696413742 351726262 19
157600859 207691644 6
904784548 994386871 23
-362522720 678768172 32
-729362244 499170085 24
-48008108 744182946 19
-117211148 247992470 12
-465975882 217819863 31
211363062 512964474 24
-484792772 45469691 40
641581605 699409394 6
379289601 528382000 34
-6991108 592548273 12
51551802 473950128 2
799622351 374214259 3
-828586296 17440338 38
387930224 495582467 25
-928641731 858246257 32
219637256 909567530 29
-553736780 234213555 32
-918453334 428551518 13
-484134741 783556342 27
649290584 66771952 40
-967782754 799009541 36
674607149 297544796 39
-142330997 188526752 36
981983051 495496132 27
742018764 815730963 28
-63391445 592881272 12
743859280 470184121 35
-945707355 747910520 24
-530012821 278634004 16
591476993 747086438 18
784373649 556723878 6
74678063 845417275 36
-241044214 287789398 10
-171374245 379435039 18
399834417 536729892 17
-109087218 236316821 25
-723348636 853858214 9
582816046 204040336 30
-217690693 682687243 23
-374468144 655186197 16
-129503421 210361745 26
201042309 569901695 3
147775749 661829146 16
-566348927 109437896 37
996775673 553239925 14
-768253883 748093581 11
-651943788 395568960 23
-114325061 209511210 8
-256736633 975734491 25
844950355 851019253 32
-116001620 656482155 9
364354064 227991292 23
679229137 505717671 1
-126028524 527581545 23
953100433 388453878 26
-334980973 12060011 37
-638777120 391687857 31
-822678406 82606965 5
-826681947 573585487 40
195908937 200640452 24
-805637403 833402795 40
-85291470 483449907 3
-249143926 824867891 19
734892587 18413288 36
906198592 665551758 31
-865122272 853082787 23
29091805 498454857 19
-188676584 875012518 33
588266720 974046187 39
965527724 610423183 15
-409023656 932516410 36
167228021 839710512 30
-674644719 230453520 23
244137145 467910584 24
375732030 173467312 12
841769343 547580454 8
-824967378 218696717 26
-269776445 388483050 26
243537935 695263398 40
331805488 912797352 33
162821904 139054992 27
881599037 240001420 19
-169347546 281152921 30
955477441 857673566 26
36515605 255239939 5
-573456866 541406384 33
-691015003 937310687 2
180712257 361338856 11
351028973 36751075 29
479912137 161961107 39
471868924 8331893 38
-28796295 966688677 40
-858824205 741466855 27
447692022 469909565 25
-6070816 247250124 12
524387736 712595695 1
-266297014 768209536 10
-736078674 305545106 3
388135905 420678369 1
279266387 347183372 38
372080487 335427888 12
890724393 655612979 35
736626450 642044537 29
285017884 825546122 23
99200684 186092252 15
142551253 684971988 3
-238420757 602200829 10
-432314836 945600494 13
642931383 926280713 34
-866186036 736828346 26
-988368064 179183472 33
-865176381 938902959 8
-267396706 903301019 12
-502435131 611284897 6
-402072731 964107944 5
536723401 492956535 20
536347044 171535609 2
-621792599 811776148 40
335150664 13369145 40
-665730507 570669744 38
-702379802 917055569 14
-162674854 281481184 26
385839172 692000596 8
518759207 810828890 33
635399492 756331085 4
-899948446 559077792 12
-599865181 531739914 34
750724046 71247100 5
68950574 369959082 29
643802566 684987689 32
272131808 16003162 11
443723273 807163491 25
446934261 463769453 26
5262146 168337582 7
-727366440 134357454 40
-309958481 31663168 8
-746426328 556960166 6
-186192074 474743935 28
-799823721 27693202 25
-802809265 236276533 13
639093892 280674497 38
924135590 552838772 31
749949802 663379737 23
-419246387 806272859 12
-293494984 304765629 24
-51336950 707527999 12
-729113991 906598858 19
-541565442 37445895 13
-368792195 941103098 2
-133892274 510499465 25
-459968782 481390895 22
833243953 861139153 37
690584219 314377535 33
-927495927 468617187 2
-224981419 907698269 7
96121624 295822827 28
763481214 771742753 28
-612395603 921675449 23
-732321370 389930117 22
388070080 806751669 29
11019077 959647894 29
-378541109 488077674 6
737881934 912078991 1
-731907744 243433078 22
676820583 507599468 5
935285519 289864863 15
902787576 181390922 3
821517452 342284576 4
-932422781 230761379 12
-951486029 59828723 29
674527424 421827675 24
-599617312 962357617 7
-515436296 835239923 32
639841867 140635943 32
-959663499 558494464 9
846568259 189123112 6
624932870 635089721 18
-682553040 819776868 21
-883625545 809913249 38
129345858 461333952 27
831821303 449110980 12
745400611 468206058 31
781101084 635669837 35
392865325 955692407 40
-496960532 456071896 20
-376088495 373859139 32
366824615 400248414 7
882332201 29966770 10
-670344795 653994533 2
-314308775 115494769 39
559621720 187247724 24
-500246427 688642850 14
-853145552 81739870 5
797248476 898094293 26
-159160690 425201339 9
743635983 984562175 31
69024606 49548907 34
146927069 450802146 34
-758377602 968313832 24
772271274 805949364 37
366944561 365493990 12
432837144 228308646 36
208315919 182658488 37
-555224517 764788924 6
-639660714 392749579 27
230472882 726365529 39
311561754 742678780 8
-877081564 166165873 38
-605040732 212628061 2
486187363 501967284 20
-788379861 694045167 4
819674644 543717603 7
150551705 910189296 1
-833995460 160283582 14
956016034 992855597 34
-288709327 938453691 36
998229043 708472611 14
