4000
-971434423 977209328 3908
318090690 710217437 1699
492110524 256395440 616
-589362935 394258742 2809
56049595 651828487 1138
-966588325 873835053 1465
-101638746 641569804 2782
-508229979 903716343 1625
-988081248 767892874 3648
413219955 153692288 3049
714018811 534972553 19
-397806057 731408684 1003
-825214224 205794033 2237
-968958817 884660682 3924
-211551187 523232690 1606
-61547635 950771046 3990
-766694356 767213310 1047
660139793 406664967 1498
392568186 672888369 3528
-554215623 428147589 3833
-374222393 677107966 3201
-519318824 409853030 3176
-158857099 375689474 2202
279672537 333439968 2482
859392278 429375242 663
-260265968 906696140 1106
815991893 533836770 2465
-974828786 840844057 1228
-724883406 646720969 1182
400968191 367635526 2430
165794447 963003353 646
628458436 908216597 2292
-45279870 635065824 1647
707780354 383547785 486
-807393820 138224027 3536
-785830119 661550399 3066
-426347362 240874110 3694
491025403 446236708 2488
-813802145 572323336 609
826823374 766513076 1356
410296439 288224637 2419
-580120147 515577200 844
993848868 141663335 3455
-539737927 589213269 1478
-288766585 186771232 509
-72735566 663504531 746
-140051610 912535666 936
969910576 353388624 2807
-811590831 705506668 3041
-913388600 762746092 1780
736202274 31408535 2070
504804591 781419601 345
-409556667 927976214 1238
-786075699 677039134 1571
-34604189 423214896 49
470686530 531033288 1584
394085134 878652532 538
-38450943 384934845 2332
-297268444 717863973 3261
428070000 968490439 1305
-773098625 282359665 886
208341673 278840787 473
346459543 696783034 1213
21599217 137215535 318
7921832 145083040 3347
862037178 236729031 3462
-162367769 27404440 1315
484437516 15447442 1553
813416710 4352168 2356
-23313933 883330327 180
-477780860 220266891 2886
915574396 478005038 220
-457693905 964707833 2525
-713594062 951580291 3792
-271412600 717273762 2289
-135156639 852705850 3012
661238612 18114064 1831
223581502 384021184 1824
-18293532 10215771 12
74573418 751913395 3515
136896081 257655863 2529
-180481599 681963668 3522
-356055519 78017300 581
993280045 827701175 808
218939287 839268252 166
23482409 34822834 1895
-949089567 507676869 2313
767430360 65189427 2167
603962663 306999917 1341
-297704130 668600400 1362
950249007 749867119 1993
39192609 249370431 3773
-25914957 634892607 572
-499121147 684576180 688
819659891 822003501 444
148198905 723401332 3245
968509466 115249477 2923
-815367091 48149337 214
936851647 235344122 2472
-654613234 486687191 394
969125992 927238111 3563
333300032 681642541 2546
-974860498 407709107 3029
623099873 613437664 1350
440395399 665119875 3603
-742454997 645726248 2094
-331730314 658985970 1925
285200878 923695538 975
-239515673 348512561 3124
-948140260 490487348 3874
-102626632 734978814 849
279571680 75635926 324
-777891475 630808304 3171
87782040 646005604 2490
-591169160 363784105 623
-505228398 445493246 512
15861830 597721931 2362
-104573573 810747688 1755
364448303 949883801 2835
358815203 898919278 3491
399787662 88626958 2093
-692902079 644002161 2406
492494046 579963732 3491
-151136232 142920738 362
686224702 6430523 437
787142411 471528663 2852
-86352068 586473984 672
334112298 171204931 2998
-972304050 273924010 1446
961554874 738500744 420
-12699484 823612770 1465
381222408 373353568 2081
275767064 351108870 424
641404863 181283298 8
862905167 667444695 1015
-432709916 193382065 3308
276830159 583742353 3
346078450 443819814 2520
-721386832 850622879 3083
-809637225 677464476 89
-33626704 667908529 35
124158127 734011799 678
-67584052 99749517 2376
-696573040 548597295 645
482983486 773746862 350
-90370365 529341334 2531
-337145185 755245147 928
-574104800 661727444 2880
-787203196 469759275 2577
405184999 550497548 3549
280114611 500218699 2416
598429492 162304364 238
-510206684 894022783 3211
466894141 474388126 1797
474946264 792466023 3600
517838236 636571967 2455
-236068027 809995878 1797
133663598 801838726 3579
440311281 365275876 105
932458846 982183413 3365
317636276 175862861 1051
20101311 750730404 2937
-239808067 122284944 2099
83620210 29607785 1735
-233818794 290801675 2731
-30826692 730711396 1428
2226867 344270618 263
543905305 896635688 2154
792221773 756052998 1808
-31294426 167206256 1053
-439489271 711911101 131
464411043 156715381 441
743559680 817808105 946
-728837907 875503207 2893
-293697146 614190682 3409
487799551 78975047 3305
805190050 929051462 718
-575145349 428613424 580
-613816066 52254408 2098
198481418 514419467 3568
841010139 771114691 1387
629144252 972487180 3972
-66456447 193590561 664
-661314031 75580009 2873
16711238 187950988 3375
252030807 993779031 3138
-434503095 895153015 2267
663761351 214689852 1522
499399802 27062417 2595
-826343201 696198440 2262
-130273548 529783188 3776
-778659344 835187645 3841
-968170539 217688118 1329
296182363 656480201 1948
-663944398 904914778 1841
-114613235 434796880 290
432030698 975749241 3218
972318317 849179573 2192
-652353225 183214765 2522
234990871 238573726 1680
-290248802 594347147 1638
177497831 63039153 373
-127857550 209043792 2692
-677884786 81289226 3366
-406525617 239382249 812
185664796 43361028 3469
311948638 71935710 856
347693918 116333727 1253
145523719 571799072 3999
648510572 563834644 2325
47306189 589976003 3545
-927628704 958854891 228
-406375935 165850078 2958
-311904669 461631787 2426
752456750 63027516 172
491926011 374932534 3512
-201232347 918899133 2659
909521938 533963369 521
-440133130 423736300 1869
854538444 71025680 1365
221894040 599187898 3463
-448226306 861985969 636
-786745741 579106938 2443
-994100839 204293934 609
315037037 579095645 2253
376829336 395109113 3838
890864335 509263317 3838
-22356793 10257607 1533
-749427894 408292833 1865
-755378958 777202019 705
149292499 209584888 3034
598641981 77793987 1707
-986857820 846911209 227
-111441558 796827152 787
-807424382 478351445 3522
-860829097 877202951 1083
-202584582 933313846 155
-124012180 446933637 1880
479693919 293772636 449
188727918 34119111 2780
536579299 234368106 2958
109271136 880237024 565
-559763803 153290189 3977
-675581253 254011060 125
-559026690 323854922 3582
-814677625 704625641 1809
-518045372 495234779 647
896105000 716621260 64
-643728948 253171566 2076
202028542 547491689 3844
-495808513 907263224 103
-342704051 60878364 3499
-404606762 30350524 141
-769275750 286580742 2453
-27511321 983639640 1628
-606251979 606452105 1532
305523575 579635300 1157
207644608 546022482 299
970566469 474545023 2508
-281641042 445969874 3244
370861927 541161432 1583
-548702644 89662447 3017
638865596 840974787 1806
750631623 301044403 3092
-298649877 47486590 3647
368005634 587532410 1012
888887027 722150610 828
-630505276 698208874 917
-406683322 383021202 1696
795729219 306197347 2395
-674219588 846731702 3637
-306218671 989689330 324
-1173221 989333313 3909
-207366401 368629135 3295
7582539 300601289 1458
-173888527 637218612 875
132686672 388000846 3262
201594078 573794509 2076
694046379 563178209 1952
562463238 347595438 3300
-415178620 129773357 2792
805550677 563960936 2820
944435034 564931176 1216
667929705 221744716 1452
-619752359 720552166 453
-257111916 628752182 274
416725841 29202688 2654
551132823 161761564 2933
873255627 522049843 114
365089214 323658288 2244
534969620 795713030 2478
-864425640 39494344 2247
375613280 76862225 3930
498869277 529247377 3371
766280240 919974661 2423
-296132693 571466378 2050
-277419065 791199854 3875
693240639 99913467 572
860897403 368698503 2275
718406169 389707944 2558
398998358 642701685 3659
-710373594 941514136 661
8664630 114719889 3356
987572716 494651194 1132
-697910680 135995853 955
666010672 619286588 1635
574262811 260350742 1193
-650966784 666829010 3995
484826560 322139758 111
-823087921 439969946 1660
99274863 734775894 3909
-998804180 284253641 2483
-771726915 952838651 2934
-194487060 812793487 549
-810299519 143049325 329
-526020645 693047981 2721
614287426 906894113 298
406664274 382869224 2375
-501513764 776421152 461
278409376 639010473 2246
722618409 320378325 2698
-663249856 156919286 1277
279567505 849182538 3641
-766235373 537452346 157
231421109 216220076 2329
185732353 442204163 583
528041330 874627115 1684
-651267533 495200843 189
-753220049 764226076 292
854891589 240409202 2432
-480763273 33472115 1641
903546574 702491277 3647
-30507235 270259696 1459
947293195 993767956 1252
4455485 227433116 2024
-755997698 840683608 1123
-310265310 791397396 1908
535011595 825026470 1206
336308156 29223733 2435
544689328 321201427 1399
721710010 73870786 1258
383660508 279130954 1395
458845258 895828952 3817
-819047015 534820114 3720
-310337366 231290901 2849
-522162188 596218037 1986
-854542223 757044027 877
543426115 764348052 69
-622598039 512172321 3428
797969486 982174494 906
319976611 563648893 1452
707612712 841025149 1876
-503194041 283129505 2479
-361679919 285619846 1509
710597469 728838757 1303
-613655428 35116521 1876
289698401 194354519 3637
124740222 815962447 911
-39815387 66233835 1884
369323097 746395910 1648
-766483454 898734061 2124
872279017 100239663 1588
20668257 208229302 2303
883100115 455714288 2420
-902603402 890715014 2657
267522315 577843082 1462
505405076 178603069 2793
776189229 420686340 2231
-386484262 858009544 1182
-746335096 657129289 1466
-489105514 544348317 480
486285522 456539626 2612
-195831096 655077206 2782
339722546 722110034 2365
-681531297 588067206 2082
768416373 553983112 2064
254855852 964906108 3993
309744990 940273670 1278
690454410 690930361 368
-129238199 173526540 2519
174620745 445922532 358
99972535 146783646 1214
153608221 484839553 2363
466374994 949814088 1805
-481238010 855650891 383
834391378 689222654 2206
-144295697 248226097 851
601775963 326308183 1717
888888837 221422560 1095
171477637 968658610 2777
-302810495 308873531 3374
-915746451 175733899 3573
241578867 104825246 309
-669723419 995458887 2610
109254679 765561388 1100
246807554 807428167 2956
944121819 706935797 2318
601282267 980800596 1514
899938195 998935802 1508
-730068619 284836143 3902
819548685 898642361 2682
-956023530 77489498 2896
861676178 734379616 1432
189110785 44168180 1944
-500714946 336712259 2877
88475357 194042019 1308
-281656214 214610869 1484
41127085 116970907 3631
245235377 353131446 2175
386004376 561960819 1896
902210458 809180393 1766
451403524 266168688 3593
-609305382 897412127 3281
-998610926 891635485 1371
-449649776 91173965 3812
-57177187 857217829 3747
544736328 252542097 1116
755902233 810239671 621
889669509 800878511 2141
608457380 285953263 2439
-339225889 929355333 3449
39722604 256092037 823
-516645733 615319641 3726
909238631 459136006 3769
81728802 16303718 3181
162941766 871548290 1454
674725737 959572229 3121
528577581 699545331 1798
-838652876 979154211 1653
-623206773 431675555 840
698703709 163936075 2633
-873343244 935826598 2629
147067512 253393079 2122
798210081 249547383 2493
828019765 186797766 3901
-540240019 46775483 1316
-777257473 778445489 752
-850622334 677374756 176
67814007 498900990 2488
613366437 662626709 1762
-326467770 107352055 733
730067346 26699911 468
582469576 503004792 479
930841135 413274884 72
290414348 269094316 1960
336602276 877423689 3736
-567276340 91141407 3032
-686737000 199993681 2204
-612573776 95760663 207
263691795 501517717 2149
-267531411 762549722 3308
311381395 886985629 67
910756696 737349461 679
-851435713 77772977 903
-197190204 514413658 3219
-404819124 863500630 775
42806864 143859116 97
61323128 420290791 1891
779407830 552739481 609
652080479 687626756 2857
735919628 751065004 2494
-368719055 843187038 2306
873417724 164200438 3316
872055920 307912558 1479
-410998605 101564332 236
321875700 446651044 532
177384344 215323244 3244
626092762 127747082 2540
-652817056 618797868 993
140907375 951410960 2315
642782803 266695051 2085
677364795 625999721 3201
406113187 303826480 750
283411704 572929903 3954
-687127603 186824931 1034
999732304 929670355 3440
-786519950 3983579 857
-311799406 442601297 487
772026813 285749371 3633
-636539933 508990458 3613
970487256 476434786 2914
-171380538 897285511 919
-28320356 985038814 371
180879791 828401566 1884
-79388347 682599881 2432
326388711 114266925 2547
-558281780 784842877 2096
-802709654 827575271 2946
381477054 724243209 2142
-941964504 459103514 2751
153472541 322868276 1465
-461707738 517411952 980
431943945 787644375 3511
-306546164 326436664 1901
-719319798 723304116 3156
-38991098 612821385 994
616487597 115559475 1466
288812701 196170593 2283
70754066 33280609 3265
745287366 166548082 2135
626051594 848015668 3237
-567593548 502484337 3818
-137154617 271656666 2609
-248846425 756726729 3562
970730343 740493003 3758
460931135 747014215 3602
-53976021 54877594 2190
-59479139 198695527 3842
-36793003 61690867 3480
278646397 747896888 1202
-888260659 306403114 3262
213098105 955846043 1743
-212570659 491880377 3946
931659730 711213507 3151
72551230 181127644 2316
-159086804 810504867 587
-437766731 134705428 2140
-607458704 967777928 694
-459331480 785559560 3975
753975026 936891690 3104
524623773 236035455 3179
486745848 748228384 3586
10309464 357123843 3318
-773702989 486499870 182
176604417 277399702 3388
125244849 653155235 1126
353542583 590533188 907
615459353 826852731 962
145207731 816035870 1752
-153324782 761023062 1371
184280804 629175272 3820
157858915 105949293 840
-959280736 448312644 1766
-631059024 706524167 3408
-556875343 970174585 1143
-31532173 373502147 2542
177514682 944465534 597
-548164757 449570423 3243
864709562 526570116 2082
-506470407 253336499 1826
737415530 445226718 1575
492367126 199858212 1259
-497174185 769101209 1883
-559260029 828298130 3031
-166579853 477175614 2035
984687043 454060872 496
980610916 154929622 3493
-978484186 899412841 3259
568562918 122519220 1539
911274940 162592410 3194
858215914 939885071 956
-94349542 821446897 2691
195944826 644119972 3871
-222413185 486926287 1468
-565733308 940759038 2026
-970236522 288370035 3106
739508636 254724077 1460
-285361463 279314511 1390
-604295154 111739581 820
-241838350 984654323 2713
320941369 800172899 2695
356244490 482102899 942
168840214 255455672 3459
366933437 364155815 2553
59202104 166918681 1360
387395171 813321820 2452
201084818 15639416 298
255093731 59799304 955
915491394 592372503 1050
-447266769 774766673 1985
-186599387 821461692 3011
441336962 278146898 770
121734705 696030693 2308
-415987054 924521443 3826
-607791436 640625832 2876
380356202 880395553 3813
270037263 890064078 3944
-242873554 377605830 59
-242343274 574733431 2658
254714242 10305270 1212
583092183 49132209 3077
276080394 573131181 3047
436906228 527441256 2083
950260843 343588166 2167
59791460 855237104 2302
-993101209 691068444 3530
-335845573 734134589 3097
761922445 112577061 456
676757792 779889630 3471
599898691 716105827 3181
773130107 498766833 2482
646974955 824003220 1100
-63531419 753820028 1633
844259352 98093588 2480
-37086346 209052553 1823
966063847 447749648 1823
477405815 614908951 2056
-605305423 348845291 3879
235828034 400781173 1314
-535362856 97807040 3657
365940893 657482964 366
-357816610 105369988 876
440790614 891902347 3287
812122589 799155884 3061
454639640 138992727 2238
-962806371 650464835 1039
-541838290 252736434 2964
35550592 590752317 2842
-800102677 379962843 3175
237936642 470307551 3661
94263053 9676014 650
-694323683 871456871 1889
400076944 826278591 175
-701025991 323074167 92
591994285 454923137 2618
-413322071 842518301 3573
135777161 206259345 562
699300275 103387173 3558
-166043670 173489383 884
-455124372 593880461 994
29024569 254206931 2879
-474222830 40067620 3770
340869424 313264920 3704
414705051 62216364 3771
-777914425 320607462 3558
-130893412 533239734 256
557370691 646175899 2879
-625964999 158982728 2380
-714712236 903491811 1447
671904363 402965397 1610
949381607 125182140 3034
-702688037 564238139 863
328057331 152616063 3776
800161035 623586642 1982
-895351942 351790330 2596
-754747130 565516420 2491
169053816 880821478 3429
551355973 444416596 2000
338574765 616327931 1663
-147249225 287732886 3460
887077552 448369377 166
-621788073 476792201 2717
-342681576 795826520 1884
717817478 42410046 3692
854980414 125245737 803
851348142 581279184 17
11076499 388470056 3612
501012139 644389299 3618
-393599821 754802613 2877
-175563797 684950637 968
-124365555 954777020 2674
157604733 32206359 522
-319209230 903762895 1782
-900427488 841603224 2221
-368022693 190565268 2586
-488065563 853137793 3316
918387454 76385766 1047
-151661451 13694572 101
349961138 171713262 3384
-937915677 514045833 1985
-45703506 685975685 3546
703731132 243284178 337
-967469659 144018291 2094
197794521 649815175 3535
336412077 70239170 2009
239046019 908184494 220
40251759 636963223 1327
211177566 163035700 1253
887267501 705562129 2018
-413338423 912831401 3106
-922339501 224839720 1179
-174475100 24368191 3935
736516807 523945582 2703
-148054087 55147470 3226
718114776 98908746 3472
-495124331 989347693 1963
454502686 897519080 3751
357285642 259515263 3885
-617173951 89038566 2971
-981139059 322728450 1371
-694052136 452188340 26
-603426942 280810109 2141
556884105 755390842 2710
-160443806 1019949 1942
-822959480 64442004 1509
-432756792 271240473 636
516108228 351979295 1238
512417354 592017131 2447
742094772 88709696 2647
-644648635 623268871 1237
-722343074 596112659 2618
-774947639 62166103 2193
-322810858 282412621 3330
272523939 977515014 3907
855316121 258788701 563
848676120 180671589 2853
-439562435 43496064 3274
-223006841 486546761 668
778149011 103021494 3348
188646211 598865838 3837
64421222 911161826 2902
700545554 122424343 26
-343552930 897154344 1294
-166380547 380687383 3261
-271245871 471627558 1892
310945918 152212669 2382
246730235 502089751 1511
287475720 495082127 1793
823031090 651500139 3752
947433093 585649347 56
-60948810 920082097 3371
181461139 166003045 2017
-606660640 267556114 2039
616420608 25985392 881
-948784716 373288122 821
-659963823 860204223 777
784630593 246942319 2789
403194369 767899750 2843
-243526304 904576186 771
389386083 303723241 1556
-37937182 726622250 2348
406948712 792536563 821
300637833 791790539 706
977425351 709241918 290
-54495797 473523435 476
450296080 360255061 3541
-395008290 356055726 473
-690191378 401898731 974
614223034 664769653 316
72362594 582911620 3826
99437935 266048546 509
-191729181 496570887 458
183678176 475727246 748
181417989 530843256 3221
734827837 256043021 202
398173475 152587619 2070
-599479254 134974018 3331
285834113 352489129 993
-660966843 374261826 899
-226769086 528206911 3695
883529112 511769355 258
59079440 219560132 2078
-932852574 172528247 598
864965042 91279129 807
-213115704 809378645 3533
521915187 973076263 371
-826238565 556884874 1644
-516170152 830284193 1734
-319690407 541767735 3372
204517027 696577092 2040
-627307773 629784895 2113
-205309294 205239263 2382
-754163061 311998793 3341
637524439 571118876 1808
161510105 947795380 1436
-211532998 584676744 149
662404965 950162809 1479
-693816319 383958942 3430
861932638 130507028 1402
-96312187 585726367 3325
574139470 756276620 1388
983566810 583906461 1579
117932735 948740488 1800
770304021 956815643 830
456439074 680322005 1866
-256629230 461054622 2293
603862860 109551156 2446
636069065 893798757 722
-677923375 896356154 1333
775813518 516057337 255
-103159098 124864832 519
473473594 656543774 1171
335633343 519253788 886
-37007137 589276623 2815
-866783432 337378820 2254
-981399768 183374180 1440
-718835070 670557524 993
834523082 193092139 1153
-796841887 707520977 885
594890557 896662503 3856
-109059131 125880705 836
-325625136 583579330 1946
-896680189 879420002 1714
-634408369 213781537 3844
437144581 207477494 3627
-590880996 597989014 545
-411347875 277568398 3152
-454214678 770089087 1785
-904961888 208361539 3972
813865458 965457591 1053
-318826617 845074988 3520
932915118 89744543 2004
393833882 619322397 2259
-490559688 35185340 1786
826699781 391675998 1074
417450844 278788518 3878
530623310 398967904 2782
-591347784 924120739 130
245829080 254976856 2977
235878094 190623533 374
-530728281 835578609 2181
-949939204 776308224 195
526797069 611123649 915
674309134 483360072 3906
-943038893 766643056 179
-560578724 82669894 1875
351683342 842881905 1101
-362652331 578332462 2393
679257512 70625827 3963
-33944320 916146602 1870
331781883 174588505 1758
997695744 668991649 1461
493291533 459330703 593
206106533 96698171 3833
937163186 829207468 3806
492671996 30815851 2963
150796400 223079558 1919
230203080 734748613 876
323989414 200332227 3774
400909115 74846048 3065
666040774 551026399 3197
-982955865 88602853 618
-897179510 496242567 1411
-128096532 823079022 1584
678792586 259051399 240
-745436781 12797127 258
790724683 357423765 2121
181211005 556754223 328
-753033840 506071535 193
-439523984 279377199 2945
41464387 435435386 411
-698359080 499255010 729
-863902050 630647724 2719
933804263 982381522 3531
191256310 82946954 1254
-157185332 956830311 2924
-36649815 259394847 1921
546528866 792835717 3777
-38051226 318643500 1872
-137235957 853937712 3284
654252292 221439266 2462
-679562791 792109709 3314
-51765566 176365150 1461
774843010 194445315 1092
-769254780 604805915 1010
380964323 763639145 3016
482047508 326613495 665
-157147294 174998858 3994
771889596 139919509 1126
608779581 510533371 2614
-707934927 407525754 2143
-286086763 398300561 2858
128307002 9157967 1361
-71391204 939610398 2497
309953838 526636992 2713
864722970 851877363 1467
-564202686 42538156 1469
573453292 963756430 45
-203912360 506658416 1055
981442001 43762099 2791
-80784821 137174597 93
247640267 293515229 2369
363728564 707592296 2248
490484680 36044651 2810
581078980 383279010 2734
17209045 15441019 2782
551016748 467184966 2189
913083682 562333479 307
833027523 508592126 3888
-108011 245642708 3388
985273856 690967182 3862
-757943263 940712292 2042
576413413 393185943 3826
60483076 230974258 1618
-843760268 839103342 2749
-190982143 160295220 1542
598677416 598294163 419
-198637231 816707188 2559
-51299564 197686725 1970
-86314918 166661259 724
220534663 187835900 3537
155523602 810355110 2125
299999126 58303342 1078
632380343 748243539 827
678140 222449287 1765
315340566 897808224 3486
-408276395 498899735 3729
-654172011 545502953 439
-299677365 167056679 286
-820692061 749263620 1471
-130394971 25222105 3175
836086084 904060314 3253
-417509963 12741447 2481
-538279014 754437559 646
-694275334 656138091 2808
403446324 912391452 758
-984889453 709695037 846
702349451 446053493 141
754499910 905619290 1308
-899266768 158844699 1499
781866548 14295866 2484
728952634 603400440 3910
-691953861 324929480 58
444325427 471735958 1568
-398447071 884384347 1364
-518932756 293356751 2047
773403158 995969377 2609
-544177624 659229770 2242
-530713962 30759119 2699
-161177653 248251065 1793
903907094 96656719 3694
-124490586 941867239 223
994835511 122422320 3586
981335536 992810454 1933
-43412206 895914600 2968
-363330113 2330308 3203
486207834 294193334 884
768240734 330792956 1866
-53494268 396055109 405
809533948 485549617 117
745141593 204452334 882
-634607238 578641832 3047
-171398189 527796957 3408
-652732611 770469909 1244
-985298026 385401436 2572
877487037 440563247 2860
980402781 524897501 3325
-393002257 248781890 2154
-344974731 215463257 2914
623786000 847800884 2622
55959110 58271317 2371
372560010 769197476 2740
-281168591 166487005 1680
58043773 507395607 2271
997890643 362021949 3531
11904978 103990798 3569
-945179749 5993571 297
452728495 74202350 1813
-906194275 420555267 499
-679616053 950202040 3088
784490988 827121971 1787
437788242 405349845 1512
361037947 874387942 1131
153505225 800007306 631
326490750 841526524 2718
-979540605 612525987 3793
-444698642 314264686 3983
814821071 896623950 1037
900685211 82970951 1740
-357453712 46953150 3368
-21191654 486632805 2301
419675570 388614216 3137
109504852 599248413 3728
-771394246 801459488 2163
927744922 145488781 521
188392532 867279128 3520
160944358 284450948 1179
190819993 113145261 3416
820415278 988973803 2453
-738118020 420366262 3257
203865368 496157554 2041
-631791191 674838545 3715
648466314 928635377 1987
772881738 900956758 2785
-616296169 582307256 3861
-100316448 662313945 37
-309448855 654040962 338
-527345379 519330116 1185
-810792878 162692555 3397
-425806763 364929546 1999
266717350 615422936 1365
-366658229 896363532 2553
428225667 424067648 2098
150916639 699199755 1461
270703105 239201648 742
-373567822 293611812 2846
-282452292 561839876 2994
157980489 457222767 1368
700591121 127649436 256
133807704 174573098 1091
14377937 810503316 3845
707825818 258522299 2471
-392559976 526617277 1223
-63456967 653555615 1848
489906110 579230332 201
-551381 240678365 3692
431033903 959718451 3014
688718783 776231471 1307
-421897163 76631962 3876
844970631 366280503 1938
-243329389 444786562 3566
136769737 777788823 2185
-554212606 62257916 1156
-245798665 812183878 1646
-786273004 60588824 1429
551722032 122802649 2352
662936998 908718908 62
-826341221 561322489 1721
-709231833 357074903 3672
-571110005 700901866 807
-239465174 159424970 3794
-951292609 989049580 1795
978453002 638335929 2192
-551247894 602497371 1915
-887184121 221620489 1322
-594632950 858580387 123
-701856570 44435456 1591
467697516 392464658 1701
-143885025 912502054 1786
960167574 584912536 3292
-86363501 910170938 3489
38652361 801241578 1365
863853090 510283478 35
326389259 273981355 2901
-294254102 774157173 339
-640270883 368718639 747
475975854 543089444 3305
-696958996 330366464 3904
-642467119 628298718 2346
-118047398 257742355 2604
562150163 403852404 3889
392802644 109428112 252
-46918551 604949398 829
-175232420 645122554 3116
-456890671 49169568 3362
-466541805 947634221 929
-336475586 846631343 3784
84095624 381431755 2381
976107143 283367397 1209
-553836127 623306133 3903
169211873 35558053 1725
452179133 769873457 2964
-455316506 589802086 302
-949181248 498091706 1164
255054345 266337936 1248
-623273651 725390169 2601
-254400904 371284787 567
-246641682 105704959 2450
-865361148 620719757 3675
560994744 552388071 2561
693793646 704460732 1243
-656805064 473663966 896
-50166212 265914938 416
907568753 316033316 2270
583313924 140950949 679
89188620 294655600 2765
-559818270 93969139 2164
90853410 343579074 1083
-469472039 607351370 3309
-764529931 95832062 1570
37312852 343590197 2795
244679387 967247172 911
90641883 293534170 1788
-504411239 492190004 1123
941153494 200513633 1309
351178597 557085652 2427
255083716 610707097 2838
577475345 738764337 1788
-860063641 680684654 1068
-337356544 95791939 2380
642124904 261797804 3210
-501283763 805207805 3807
-66345385 160129532 3041
45626484 562139661 2380
-865599262 913324757 1242
-970405099 719761122 2329
957963803 488857839 1915
711286809 830181684 2600
-512099538 980651905 1485
-784043981 955141221 3542
-928466525 416190371 3685
380860638 615965162 1883
78269138 768878932 3399
615086489 149486548 1958
390493506 929792364 2351
235729356 405074328 2364
503538081 195863250 3983
-593486700 912880714 3586
894307760 889813849 580
990184004 970602720 3349
-531075375 892808889 196
-741195918 453584248 849
902103174 60055425 1974
661108273 700442479 2516
39205146 409800229 1944
379329075 752869514 98
-110734351 631425312 3339
-973164363 834500861 3946
725538214 791349338 2467
-664332323 910103490 1672
-76604026 911019315 267
-296547327 142494799 909
601520015 71438681 1898
-832479881 164154665 2456
-299078706 986465921 449
-400808580 925878116 2529
-190093429 144322302 721
6176428 401306135 706
-201785869 462508999 2146
576444366 733841255 3725
-345265935 555223537 2012
-321716187 592691643 3776
-485190542 872936784 2800
20809936 814452375 3910
573142031 686094217 870
382162119 883405592 2103
-588923097 603476656 3572
-80771382 16931645 1457
343551567 937218708 1218
-466382562 787287939 938
131978442 210607525 2448
-28913180 516635766 3703
809893694 159725490 3427
-343500148 993838048 2895
904361163 863905560 1390
-147520085 203969528 3523
870282453 49352509 3601
538062571 235393750 330
408189292 164552439 669
-138275342 426670969 98
696950777 152932376 156
-545616708 879031346 879
-11703758 451221461 3985
-621785916 439236466 2616
-376796357 935156898 3563
-100928440 829985095 1672
-176639329 950034764 1414
-342851380 550470119 1960
687626949 553861658 203
-253609100 190955428 3729
192737178 384256884 1402
601641610 649439617 44
956022220 160746579 2880
410601025 56594385 3856
167105858 24324780 308
308257057 829120134 1250
431517138 364195233 3886
-446065497 677653182 2631
239665347 206392216 2597
-374413050 878880326 3536
-258576644 383704299 3695
266878766 119693915 1450
164796857 168526537 1055
327819659 790609968 301
-88320435 640619560 1621
121109742 528785391 3312
748337885 619575791 665
883154600 340850610 698
567084412 973717283 2020
610367961 53447414 527
410996438 611551500 1490
216851698 856840207 727
-241892577 244031551 3206
327265290 805614952 3000
-757811191 971113114 2299
898023201 859784527 2539
556557049 643722111 1106
-205333283 512430327 2397
-27485404 456934049 647
78258015 264403270 1270
879232533 311975967 1025
684042811 587128737 2069
727724921 367381478 203
-635878672 417600301 2934
984265271 600174926 2489
544459886 971305080 2942
112450070 842239979 3026
-284565090 866750049 1481
400491344 186958748 963
-842882625 635931423 3052
-355642337 299688328 3735
-719988945 504891652 70
-421560812 26565667 2772
385575829 930717516 241
-741945106 46746454 3036
-573781276 682950983 849
-341613118 998319507 2964
349218436 705043959 350
984180941 634317595 1263
949829297 929371912 1035
792350100 663390713 1248
231207727 259275180 1756
-563343736 758483482 2474
-889529346 621943213 262
-907195081 951425898 366
-990817818 798413003 275
892101168 200375148 2332
-654596515 293827840 3353
273614044 798869451 2246
-142687949 284184430 3438
-443570968 612906131 1923
509615971 980328511 1075
-776366394 67734794 2615
-108780048 638686118 1705
448280452 775587390 2949
700984850 805606227 1459
194278515 444037630 1738
-603415658 228227379 109
995851979 766558384 1668
741183941 709664129 3441
-128460699 11288190 2922
767603969 15778578 1756
-250893133 971397379 511
930392449 922036940 3192
-624856239 62721614 3972
745513008 96109190 351
202297478 555537098 3464
350065563 93015934 1900
-420068819 24168552 1201
-655033597 993851551 1077
-748722794 142817133 86
-190740353 333495911 2476
321727254 695567499 3631
-876467079 97427854 2025
-549009988 597665814 2029
-57883162 510297272 472
547756987 202076273 2645
-143760494 335102489 2068
-22532288 472906083 808
254432996 54255583 538
229594843 725682070 3280
-953222938 313894648 2922
760469913 809569730 163
-494107664 558524518 3592
-393550493 439187768 1553
116011135 478962608 2923
-193702507 424755321 2585
68646297 195628465 88
316533804 21125328 2128
582159109 988174619 3532
763692621 921602928 390
796036914 463353992 3518
987306769 131161742 3617
348351412 21110571 56
-844952365 504826255 99
417778173 471275454 3537
84894429 480518702 294
-562617072 57593850 1697
-496876746 592609620 3854
961921137 590651553 3407
579650758 687424695 1863
550588154 472661550 293
-949109187 75613296 1784
982871360 185557604 1852
192763879 887482564 2144
-214561130 286254840 2046
407522081 337590798 933
293070734 866234017 1881
99881863 552771616 2036
145373297 510818969 2964
274561473 200889457 850
541127703 508105318 3882
949892051 100636144 3190
-592436086 325319313 3866
319211466 728776741 3797
502318515 113363364 383
-596160166 559105804 3314
-376106355 708415117 1708
-106241486 838834863 3003
-913582152 918777852 3802
11571718 814834768 1740
909271973 193788407 2005
-154943405 476942171 1311
-570465378 343613671 3111
825801903 571757350 1557
723882496 472970175 637
762355826 966777418 1737
857060413 434187041 2881
-497550534 643219570 2809
68668022 285296089 1662
-297089405 487659669 3617
158527879 745209662 1959
868414851 191411101 3693
-88612979 311568202 1695
-345896722 76784567 228
-108515448 714421246 1183
-45467114 871283505 2864
777956439 228116520 2866
770015351 395707970 3159
-730829727 37746880 1556
-887852544 417396757 1157
903819667 963634854 1821
-642683043 817104004 2437
-564792705 50007848 930
141938875 274286404 3712
-998753603 515497438 3111
-115864800 906591547 386
-733452758 800511422 3287
771241498 734257608 2516
-104696303 434425600 3252
377139391 282139260 3742
737212183 776091283 2165
-500584909 364584638 2068
-695666482 837152881 1169
-359246183 219924681 2309
-991136964 687908020 3782
-621885805 823482608 1118
85516207 333597732 2333
95120977 420244435 2801
521990731 971341250 2746
809794170 251988316 1277
724749643 956503590 2008
441411397 867658476 654
-384659603 907881701 3762
954454118 820943650 3132
723451486 210018251 448
-90643928 631199976 639
727245191 937848383 1510
-183122590 376976161 3100
-142061677 227732056 2305
948226813 195018801 1035
-238834666 947047697 947
839339996 980481357 1896
425193864 82083825 3339
643417088 578825978 579
201860014 982616827 3783
669530152 966822129 3770
670540702 46047877 2249
-817158791 636298468 2626
-739802283 845735767 3987
517168438 390755535 3515
441537685 724785211 2212
-729674049 820065577 3647
-72433018 564354058 1627
-446904608 346306853 2396
-306603941 196069192 1446
162525159 189090557 3718
-995152478 622665646 2150
48727526 479519210 854
295513708 894782832 3540
-932279191 176610676 2094
-799579592 223509914 1387
759295770 605191579 3355
330185992 169830981 2437
663865262 321828236 20
-818814741 846068890 1663
598775323 272231520 398
955474163 524990094 1046
-466971945 253663040 2744
-426637201 989870660 3599
349091350 516062595 465
676021934 363154371 3340
382484603 125367487 2986
321773847 418660070 1074
484979930 842338576 3199
363809852 220830658 3996
397811275 134609415 1107
496535201 989922016 2957
110999140 963757629 2680
-773230000 98256805 2553
384838475 761477023 3598
719260281 756274198 3916
-667147039 131177906 402
803719941 772117239 1641
-411408358 930048622 813
370407916 172102863 3685
812128340 288122823 246
-816205638 308687638 520
-997965069 653511007 2353
766447199 196213047 2154
185910934 834981437 1478
-371691775 111956745 294
613829525 123276219 3219
-192212755 714277552 2843
-772389518 666623842 3475
334110937 36746147 3905
-400882281 562651645 151
-450865116 605475609 2225
-629012791 943395501 463
-769608389 556717919 416
-544326021 427239884 3018
-797311871 806402072 930
-152839873 267372971 807
-410249517 967470881 2981
626729281 34660067 3433
667265031 511594660 1419
-563184919 444077505 1186
-449858200 451166711 3624
-829626502 847273476 2918
547116583 516672180 3718
-315852194 539085894 3992
-769081307 220465565 4000
631670233 332893180 1031
-863245396 367890118 3560
-701091614 442531987 3556
487808595 769918677 35
70570767 211164309 2581
-995780521 931799167 2265
-638229528 851908773 2460
-796629244 504687702 692
876983644 632673373 238
381644899 977551314 817
-773344392 554234480 1618
-832008051 730866357 3084
27756779 776028183 2853
139245200 455314336 2182
636867453 374264736 628
-571762719 648215526 3673
-508116146 232751973 1178
54514788 925919303 3457
-355557897 957267285 510
683903359 315501031 233
232826124 353805570 3871
276616508 883114881 3464
-573967211 79605862 855
993246393 674200574 3330
-39960019 942375562 1290
758658826 786260229 1919
-40696045 611837143 3786
434698038 691058859 972
720951267 399708924 3351
638789839 378971121 3793
63494240 637152050 3648
-146177746 356661698 2450
-139984252 689114300 310
594709011 182251960 47
681701985 186315519 895
352333035 12962371 1306
-49422397 133756785 3174
753458909 649409317 855
-639189121 75651099 2606
980368147 297272990 3835
969297848 266099357 1451
904158769 683339277 2255
532521602 843778280 2485
-768932078 975153443 3057
127085453 880035378 600
-822231765 609141305 2591
615217093 509441745 3225
-883795688 918925095 2028
-405573078 630021640 3188
165161130 915640534 3969
906101184 264184256 1321
845314302 818350485 778
-251764350 953979515 1291
414595465 736315796 479
379916771 95492708 57
608194347 601744947 1624
-627040115 523666717 1656
-178722875 249126850 512
26614224 235414416 1146
-740644752 856101574 2125
631697366 575338782 336
273691470 139752243 1067
968262208 381039703 3119
593291644 152832007 2081
808441903 369217741 2700
-928921330 996173134 2776
484347236 356212460 2946
555392784 498504409 1877
321621087 919113636 1995
-36512468 957146817 3092
-805987300 403372222 154
709794500 863236013 3523
254381503 540010895 2538
-212720419 716383004 438
887254872 907094346 3542
-889069945 209571891 3278
48474979 913383720 622
-847318375 583287321 1135
727376923 512208169 1626
-708982637 134320852 2216
-88852536 958553835 1097
-898463115 833401369 2674
-680857939 505979096 2676
861490810 108114570 1362
943176682 908114821 306
-453520354 599409835 1442
716813412 231993857 2276
612357017 587028547 2537
-918519862 494534262 718
499509338 279884056 3132
987312137 664755492 1541
-191681575 760602145 835
-866334534 471066024 2747
-161812950 520108102 2612
383651342 105888869 2019
776303144 390852972 746
-545345716 378020040 2864
622792918 940876792 1838
-781794458 412927117 2377
-481623562 146125380 3504
-526545059 783448096 1838
-356009856 535552970 649
265058376 363710182 3198
-421962701 930074226 2074
49127336 822583821 701
35245976 195336806 2465
-44291044 479600378 2349
-693217247 96684938 3401
267915427 109550213 257
-962874881 228838096 2667
-478543217 361951401 3076
866939266 814293353 2126
-84907474 360798251 3213
-983811607 795627975 716
143026327 209230828 1031
955179288 921061704 2331
34245343 783721115 2827
-457419307 518412209 1148
507401738 292115125 149
782647496 222492613 3277
578690999 712179325 2819
-628056343 558771290 3252
-47019862 574117841 915
905614184 863167739 1255
-918261942 394655120 2941
643085179 549095143 3982
-498088357 794452335 191
-98755021 948512869 3600
-858475111 750366807 2078
61028782 988496263 577
-772535612 666047679 2271
-922714749 371247332 2814
-135027179 501796706 3073
438642747 920681380 264
522830610 889508037 805
-645164900 805041395 3960
-985376214 154013382 93
-106854204 902170354 1241
-504489625 272862122 3609
140428574 985416208 1359
-688199488 911066968 2438
790800160 403972208 2432
157250723 730368428 2665
-853110429 989456404 1723
-941538288 363971428 1923
-234407457 932696165 2636
-374698189 877256305 632
-820817042 144737718 3415
-11238146 191691307 1404
664582737 798119417 478
158130833 747352086 1476
-717290746 614930726 999
239580159 244210840 3540
-673352941 539879453 2253
-110814106 969989241 817
632637046 467937871 3465
-250333715 676763944 3506
-609510957 977861328 3688
455859141 988937434 1600
-451770717 573035394 3280
902212367 163510710 922
833963133 699254306 3467
-22852535 512569310 300
704325726 857896182 2382
884055463 832484480 2310
25855124 242844829 2118
-752249421 271906547 1933
855194746 192645370 3409
316726551 87354622 138
-417819813 385459653 3036
-507214962 147090961 1386
300010676 255346070 1905
-264929790 169124173 1806
605735125 606970872 2104
386507231 215897467 2823
973080651 459685002 421
-704054179 809380566 2650
567990580 247473238 2209
-784011404 275552246 510
-962668022 374904866 971
704681995 163386360 1719
866347827 865717580 518
-697301780 445660708 2603
391587523 907407913 1065
-579921186 733955623 1744
583613811 976384257 2553
-132668267 952376689 2711
-86926099 410613301 295
452886125 852924008 1712
798627272 158977040 1054
357410473 404125599 3455
-741032358 873092139 2285
748134474 898834704 2303
465590411 936467654 631
95858750 902255162 2513
-194681836 138201009 1952
114254969 473341655 2608
-517623009 680376227 36
-465975887 333028864 3363
-566005462 107110995 408
910791035 530921920 3548
576240432 561556429 3800
-479673899 130160747 2802
-780779313 829230752 102
799553572 290727412 712
33520502 67127081 1746
588341344 845499667 1408
-881159874 307716871 3821
411709283 725289265 1556
276257006 247397799 2198
-647763151 873037322 982
-942352495 472264344 1622
614550883 413531577 882
459841154 113270608 3664
-347629577 704625859 1836
950625935 855068498 2384
-452380750 275800299 309
-455915445 520307896 3504
136418848 155760384 2132
46746613 414671884 2320
-898644798 69997681 1524
-778777107 671166126 3904
-794710920 825326875 97
314398337 306804347 3907
556482439 780158016 1318
-767531666 328619066 2397
870705730 972663377 3151
869278249 630066938 406
637095792 341716095 3158
-436142228 895500302 3003
-1806875 715579720 3265
161700134 723486768 3046
-608005657 40450370 3520
409057478 201094833 3420
95107853 476401206 1480
-596406333 787915363 3887
-671232840 637763844 2688
953523056 15981364 2455
455852530 620844302 2002
480373753 203443803 1293
-6582015 149556074 2483
-20506778 452897223 3394
-851406930 764829823 2080
897911248 989297565 1118
-505296389 991627932 3379
271188759 880163076 2795
467685941 887944948 1934
704145801 500898582 869
-925636695 107424336 3351
-748492620 945611443 2857
94723003 784945957 3969
-662286578 743689783 64
215854063 571252726 1345
832453883 94494724 398
684387139 52911934 3187
454053243 59955805 1417
892283462 199024666 1338
632333198 483082164 2303
-570982657 537535975 745
-96372813 677695797 3017
-115927090 913707778 3061
-121266861 112693158 585
106620245 609221382 217
460989938 691364660 2467
-721852959 826438815 659
526224083 731724899 2316
356260969 11655577 2129
306057184 703630509 607
-586346890 381037372 603
-367593450 219534223 3277
78624534 735636916 1582
-685359587 521601651 960
-938351229 554126929 1948
-928873052 483804032 720
288016692 167267537 3998
664923859 261477654 2903
-490458371 970775929 2457
-451772560 445318018 1034
-331562019 750420136 1753
844685341 760060021 3579
-446966776 286867624 2090
-88114578 667700653 376
-436505477 51130720 1752
-634889785 83030020 3755
692448714 991920078 1323
-721445945 955551674 789
963671410 676827610 2141
718290089 272803502 3600
-337790514 423023397 81
-60112403 644448166 3257
-160348186 402711729 2243
827623869 274974493 2992
-464184950 213002489 1567
-818433209 631506912 2156
-681752076 252870716 1187
967459074 330160603 3132
345551597 965276641 3916
-235522286 474286435 3794
-810725599 700273117 3884
-780558117 498434081 3890
987455732 592341990 3791
761937051 272450706 2543
-611566824 142180403 3931
-590551735 15388529 2284
569263722 917994500 912
757930704 301898496 420
-171836476 734082525 72
-879765548 251502800 815
239629916 952217941 38
700669133 726102865 1594
-819303198 179205351 3166
-702566245 172213923 1800
63831930 181447383 2062
-40976577 675893793 687
733941500 792113654 33
-427909129 685867765 1754
-342493083 887905730 19
873308438 850700872 1420
-59350453 252625559 1504
-69041422 377878733 506
-5571715 875513870 3267
-936160272 511570752 2331
-682578675 438231234 527
516981241 105412432 139
-53365811 301260613 3113
404153647 951997822 840
468447643 748560371 1289
-337413544 369940350 3144
-68968501 389608018 543
515808465 516421470 2795
821327259 211707875 1929
-196841775 694955304 3155
38359807 539960871 3962
-248612733 316257189 3508
870567017 22062268 523
-276041749 37670143 1260
972519517 638473752 271
-334497728 380044828 3719
75145655 818015233 711
-296923469 528689120 2591
-461602534 847999926 3505
248140885 114047610 840
-157063481 574197610 1250
542521850 256427204 3836
986465036 243789632 2484
-602347353 87326229 613
-747021928 465424153 3565
-231284306 459378619 2573
-560852782 981694514 2378
523890817 568742994 2810
-103953063 17113280 1234
-354904487 712030249 844
658839250 529756675 2184
860513946 990216594 2703
920314477 28587607 852
442947724 841834751 3984
317690580 628752624 769
237873333 632979738 1524
-853089475 127509719 696
508775671 28540935 1889
-856742000 431182311 1232
-998431869 990688354 3374
-304579815 907727419 2088
42306822 108781739 3077
535463071 586117984 2160
-713757057 364103986 3003
675289496 217098022 3421
-982660323 811591431 498
64924590 541474974 2805
-477854463 563852251 3993
419186117 450232949 1145
709683064 489604419 1029
-72813621 318593674 2516
481879715 456804627 1291
-897759622 617695313 2847
9340020 989384148 1695
98709962 3693828 3297
-260133206 550630837 90
159666446 45340020 1593
567531606 521948602 767
324367175 182402166 420
816332608 274514403 3657
-397854754 612733676 926
435704838 696770266 1757
779758325 709804060 888
350742089 702986899 1586
-358087626 217797322 3831
507123597 956386578 3715
756703318 251973406 3922
-300506396 545388068 2967
-58134118 584985451 3284
-451019146 14682771 1090
584918476 378070573 3357
-226290500 487762032 497
-919908454 117455046 3299
307486329 922601788 2290
-696345845 881321290 2274
-308436982 255293270 1820
-290075166 83765855 2687
-342604067 455775723 3666
-751745335 309245198 1073
-938287065 473677459 2963
688833126 993533121 723
292249785 224093088 2407
628866527 469400940 249
197850784 836093419 1453
355830849 230507986 677
-439359507 572621370 129
-894608865 528058704 2598
-602780621 401611680 491
-515673601 584743294 1577
-57871383 135472799 2596
745841208 667560028 3115
-10363477 761251840 3712
-717969716 141175239 1481
697782802 917686662 1185
-807884093 408486526 2195
158127440 278573366 1505
763660256 881433129 2173
-718662848 893609801 3869
-820131335 456463179 629
-18669100 679012837 3511
199960394 767336883 3593
-170219923 698014950 84
392558392 3360053 477
674366366 170689388 3771
-975959890 591859008 729
-304220817 103365932 3795
185373611 71295432 1664
593327301 408028332 980
-822206729 353205255 958
-659077752 634213593 3531
880067890 510019032 1926
364244326 219986928 2497
959317427 117137412 3986
-871883766 633759273 3806
510806094 331223840 1347
-973052870 981922669 1000
-539112416 153989203 1244
553525501 695620943 457
-829207553 8374485 3392
-15063531 453535804 2362
-333776875 279270125 999
-976252468 999383606 1243
-54360905 989676267 2863
79569305 501953053 2120
411213181 447178532 2491
980735238 312774215 725
150122126 638581143 3206
-710850691 819997995 2738
780168372 932504367 3389
476426493 103641187 2289
-753817497 419777533 1685
-243729937 591090305 3816
578460279 78413969 952
299032111 924791257 3912
941888689 726066610 1297
-656163742 194265863 2068
-310311481 855180972 900
-263633676 835897133 3560
-11902251 516691140 2276
913452801 388390303 1858
12191666 994775087 739
975696747 986541994 600
69990855 343773715 3716
-420957452 477310262 3805
164382901 964190646 2623
-463993796 84974595 1780
843778935 920382060 1009
-412418738 597904969 2029
661129952 526387403 1569
853787420 20752775 1727
-9450966 865670647 2812
156032549 715111930 3843
-540951997 704927080 1594
-487049462 993496458 3620
-349946190 207919189 1076
865329588 759406339 2490
-55794827 20274011 3635
144394200 887198314 912
900226190 419139430 2077
-192667454 182649373 2560
279708605 830771850 2474
-144529353 913054101 3146
802653875 968394043 2549
-808640471 254369044 2271
410022494 986444127 1531
860034293 168992107 537
944019928 676098816 2702
-107461473 251581031 1339
-141870707 604877465 1680
-795781336 420905162 3328
-276254175 303870254 2017
671458002 212730215 263
-718484018 217129732 1721
993284054 548578877 1376
-463328651 391152600 3036
889826064 238751632 2375
-707558344 470774604 1195
-805982364 896882232 3988
-986325203 157178361 634
620821234 346902603 2416
370388472 107483138 3794
-76283942 844430349 959
523540856 672472242 135
-739650824 34716404 1745
159891071 296379138 661
795839053 128569970 277
886511512 41259046 174
927587434 599719086 3210
-661341410 431821279 1269
-848385604 498647537 296
946543744 642970595 2105
114665400 894800103 532
403984978 504640037 1048
-507302127 901996559 174
897829565 753098385 2483
777079553 564980781 2689
74115355 524263782 1561
-47441230 146086413 1629
-551079497 632063648 2233
-183251300 157928739 112
-830027620 868653800 643
601066682 522122669 3686
704696699 77089682 2863
-802073560 388134492 1356
-301229280 386365997 2338
-400578166 511679297 1192
682139933 346418145 3056
84802314 366311382 2336
939052338 564899851 2324
-148140373 205855068 247
-152936999 137597128 1127
235433611 992221027 674
626832305 152303877 3308
-789447035 600406803 873
-58533952 639903786 426
552288740 897899884 1294
175701676 282309569 202
-956273330 838746933 2364
524759811 96526524 2434
956721813 873498031 347
147936448 565355128 1331
-509321566 692456594 33
58798361 163876426 2125
952327925 546956233 2216
-318146044 724025160 3713
-832058741 768620022 515
613659009 18426932 2484
-76155723 749830118 3694
784956975 510563681 2291
-834969866 187138169 444
377450560 326067687 561
-560629658 315710562 689
925757615 343938428 187
-281949615 132797540 3055
-151303138 995106428 1749
833545164 66063911 3104
388918630 633503542 1825
465775807 906700549 39
272070266 680621508 740
150159309 520966049 484
310932394 729523135 1614
210140453 979669903 3929
24704655 663739849 2182
-555612964 789662971 1403
269922770 545731804 1453
316694887 430943250 1977
-221573692 626552824 15
331012999 525734511 3527
-174815566 791237560 3945
544201602 839278502 267
-63350588 139327607 3701
-563562407 283500924 2289
-751392189 224362162 2541
-686455165 410414115 1264
-628469061 208510390 1690
-514895235 804428713 951
-934812960 400300406 1387
-312502578 932691230 2158
-303502407 721342814 3801
-827189284 217287656 972
-858607101 345554058 1541
-14591063 702629913 870
800598308 969985792 3044
387128456 450507018 2953
664821146 983653426 1489
-761873794 21352316 3655
154188452 811087703 2616
-760119881 754862081 71
498434534 764058479 1204
-260723450 477721626 2236
882815583 801891581 2581
-437247161 377207006 1776
-999353207 823193151 3274
443189458 196411303 3371
455157542 572502927 1977
597609359 446570704 83
-534947663 762845420 491
548485124 763702244 1338
572061431 969356321 2582
884934826 279959333 3235
-976243952 866679782 1830
-46982745 18211800 719
-520495998 466856156 2911
654220458 45583653 2625
554922032 273180863 109
-433378726 230287711 129
900412661 547579631 877
923919434 766528609 3327
392986878 360247849 3660
-490948137 662573182 333
-565082291 886718838 410
-269039144 643077708 2762
511411380 865656888 2614
493519474 769996301 957
621536040 380476432 3173
583820294 953696943 188
-749082894 840348080 2003
964754006 219818719 606
464201863 285764498 3808
11313376 845039115 3578
-353015698 237887320 1258
-494864345 805395961 3836
502748286 501855522 3243
-213376819 255995556 1598
88504567 493821482 2414
699824085 739290075 2821
-718384295 660373117 1872
78016993 406842549 1085
-213555677 555365347 1658
-582430608 108991447 1129
-460959387 615618909 2518
151416202 894769633 2775
-545321388 190192126 2008
37203855 846991212 3877
-401340652 589664925 3293
-574900028 293710924 2521
-889202271 492004137 3921
-183078607 782525578 1399
-969966721 515059525 1351
-962319620 784963547 3326
213296616 288917713 2014
-141433085 324505800 3615
-260100225 227706305 652
-319881665 684101508 2462
458607891 860947933 815
-468424386 546083605 2009
-441111064 959202054 552
-915589542 273118833 2799
-734669611 78142118 921
135850423 386276947 2106
71259827 101343099 1
-382151859 386723577 1645
-300830961 634023930 2141
-644727447 578633156 993
-759543799 660397600 3620
714534620 645235830 987
320640239 877573347 615
272392914 298208505 2769
655601460 820788186 711
-669835426 829758564 3757
52870348 620290697 3631
-485490460 232065222 122
361179614 662737610 3345
-845901408 197228345 1350
94997486 637479262 233
744232316 125837635 2055
-287797946 21182763 2678
246044149 602606619 866
989915216 200670750 3963
-7639488 939332360 2543
590400459 447523656 2038
-803137888 806800214 1440
-668914647 154685193 1822
-26541991 973701410 3830
865382850 118060545 1646
-312717360 428317810 1383
482519943 780091620 1379
732373216 89151016 1453
-887423615 801822745 2148
-837326594 181158589 530
816640661 489447699 1168
-30708149 276332335 787
215857294 351943710 3433
19142570 802922686 3375
880927801 28971571 42
-870039950 686492601 2519
-596908117 944582434 1224
277475160 457840934 3711
-492643011 408955887 973
-971024372 842635585 2017
-132164400 109778524 1015
-842827955 564194069 1748
761449929 941755427 3184
-866833977 63611561 1055
-508379208 437555804 1643
755555539 306657605 3323
252769057 142996970 1750
-419531915 109133111 2545
438446110 103050429 3929
-885986220 225049031 1408
-835265167 482017808 2769
310349251 618680739 2358
-840870542 302218128 1950
-508368255 148217623 1196
189175770 996802500 1284
-398202772 948426202 3590
-199111415 28214265 1967
-366967240 962223448 3966
-234397614 106201880 3676
-772005804 637540303 3765
717000311 893502590 3272
701563241 896344999 2550
758375811 36970514 3869
-817541787 129584686 152
-305205265 855842910 3549
-543843356 315391019 585
815874682 250417995 3619
-790363354 487108622 1712
-312001828 309971430 3887
605415101 974847971 2008
-566718439 941753585 2761
346484467 295473266 1111
-928022577 121780847 2389
29435960 231749057 667
919105159 253713034 1926
-997858168 236886725 2947
-766521684 7967536 1725
-652680066 124384124 1307
-127231702 411468547 1977
-100491647 939325959 867
-676864914 826462122 1250
-476937923 112673398 1884
93652474 62565 1558
-679998817 331803829 1154
284638626 274513691 2561
-689465502 213122788 1884
-908403279 621623529 327
526861143 955915409 1435
944507289 985819405 3623
-249723837 882420985 1778
187261639 651458567 2632
85669581 168407223 2019
-20216476 515905756 2095
379056885 104637800 1074
23865962 781076500 1849
171483456 326974656 1971
-372949031 690530121 331
-531877386 80464080 2816
-729839292 764639543 757
944465721 754188023 1874
-923789693 994822438 1331
-80828725 797720358 256
470486969 217160523 3034
-511227962 12534231 1065
-81565618 46937393 3885
-770568193 81332328 426
-689012774 973568439 10
-840424120 831053765 3938
481900358 300587127 1366
277904307 642194081 3417
-724753989 455669322 3010
-419785937 633594441 1789
842331641 2590871 1533
10780302 452972812 1321
707643593 417500646 3496
-475281037 339019148 2480
-832219126 3047287 2056
-520035774 335070994 2076
-120889615 208631022 2667
-577233549 888006031 737
-834863079 519953594 1882
925664053 923906203 2015
-556252363 585566074 2715
479615707 5119008 2033
941184045 953416018 1232
623509624 241267952 1559
220599269 780117664 1234
-62967116 504838997 1970
246435715 10191341 3799
-767079686 154209966 3581
828815317 860687380 2160
723023278 501499982 1918
603916207 922985224 3069
695096514 681873306 1031
231854183 962159643 2915
-221016720 650984832 3730
170916476 668261225 1515
211643645 495645494 2381
665108659 472370438 1045
-741557663 377136146 1409
844367791 22893705 3065
934972113 200660217 3348
16878845 349900463 2761
392560853 705790801 2073
-696648746 368830299 3912
-271769751 82011260 2086
308672826 678413953 2699
530732641 653879243 250
463467128 380223061 2219
-500382511 296359811 1822
-10024135 107202566 3127
-706469758 854706080 1464
-959537656 719360922 21
-314940776 272556084 3158
-533097732 213772908 3155
-166120861 876440091 95
903471926 819922101 343
172976643 902240406 3294
-78024482 728334681 1934
-404885463 529801506 653
552529715 877040619 66
509418321 268806504 1191
314519892 298122486 34
597593404 719355261 2720
657489801 119008600 2044
717864788 200335581 60
179940896 779670459 2844
-524451177 195253627 1772
163519845 146708883 1817
-194335021 387404806 2597
-490717824 794822141 1215
340420167 441336298 1471
-905485828 627201342 523
998239602 762868759 1426
314265192 425246926 68
-312905540 979054372 2834
-74748511 65364205 1399
-694097447 666144816 2222
-60888003 147281537 1813
510503050 155146706 3354
-470672977 826136429 1809
-769068537 462719834 1097
823166221 291708875 563
-451273354 884123131 1466
-624097017 735633220 880
-139702408 98834477 3418
965934990 132935444 3233
929899482 504201516 686
208131930 999928293 3930
304064032 821981617 2798
-821856877 613530229 2215
-327595013 282320198 2657
460968675 101509353 3464
336636610 401520314 2934
178186034 10623092 368
64569552 131783908 877
111392684 197537889 384
692314688 901912065 216
-550144430 528544575 2935
-46022462 706180272 3651
-83334656 175721801 849
-102688981 913633283 627
660402028 224618686 1945
-622476459 898412715 3865
-518024472 2552152 2830
542237137 19578727 354
285339736 861024471 537
-706668927 622721997 3399
-100308177 334980231 949
-913588564 279592427 2127
901316311 751182247 3341
-611555765 40415967 2507
650593044 585027333 1631
955330265 203918436 738
-473841458 58578756 7
-544110210 955620560 3389
-421252845 412554554 3869
900563002 680495670 2123
9404610 903819873 2230
-739891351 37371906 796
61767399 966480168 2531
423195969 384897379 2002
425669121 941079317 3995
-80337820 453895768 3772
-558261712 254701347 110
335566294 447223545 894
-882320124 148321771 3276
600548457 755609497 3472
411168077 656732960 3693
903135771 475089631 3837
485053575 400495254 187
676913617 432280191 533
-51744228 110382003 3838
-76890871 662977133 2408
628266073 133466580 1911
-935716183 289310487 1765
-832773447 84734273 3166
969752376 157683972 172
390845107 847364659 3911
620985920 485993298 940
-233029427 146923993 662
-509725201 619995032 3191
849545641 785320173 612
-263572866 760215978 69
753524120 961583476 2394
263225679 972218408 3397
-773063848 635716689 3955
-29957141 31496201 2792
-121295783 246928169 3418
-50685955 715082563 1057
345654623 314002808 2361
-702972625 476587790 832
-693380027 215836635 1801
-625083304 479871024 275
850992112 82864548 135
795349513 330944276 498
263477282 752969074 1694
-259566714 193248722 1552
-529797427 210867383 1908
593661567 766525730 1490
875559292 127998207 20
-881233028 321561808 2894
-777590554 767075508 711
929712151 777082476 892
-332405847 109886376 1098
695313144 98141791 2944
-471953705 999126633 3013
-933416399 960599078 67
52109876 457526552 1212
7435544 20018837 1410
919905150 1899366 3708
435667342 731489225 2974
-696020419 932434375 1158
947063519 486214207 657
349539687 415601713 1657
252460303 409908578 2490
587996261 257971672 2902
779602990 169179685 417
822345007 329101552 294
196890226 475682739 1435
-110450408 32016746 1347
-753121454 766364122 1586
-80752569 45724418 267
-98442013 833610270 99
173626253 316587026 965
381909189 180502848 3751
-557802927 416175555 1951
996244118 24546170 286
-9822831 746652778 649
779438346 646615946 698
87216592 500389409 3448
476191184 367201610 1930
664752819 284783552 307
-83060025 936107208 387
-825354544 41867247 128
-272674275 682827900 1645
66032908 6422086 2860
322355339 68891032 3675
-453321261 758468440 2181
296977415 967135674 2132
-665594282 573282150 1219
254794051 331088167 558
-5959870 126505956 959
-966684147 896072392 1558
776915843 800451182 2168
-894320898 602776694 441
-761800120 140193678 1164
566850714 119833931 3434
-629019474 635810283 3826
-223909536 864252861 3844
380121008 657394977 1616
630687784 229700951 3169
-590012629 509277742 1929
921984628 524971763 892
647266637 935685019 939
122150195 891932636 444
102143127 113626470 1827
967520766 717606225 31
202964233 223810012 478
223325910 100366949 1234
949902699 557305990 1026
-529963540 620539369 2405
79291235 939411016 2096
-317008942 167478629 1023
427509421 132793644 1957
759100875 921432833 1207
588347619 125746320 910
-528953071 652833967 2677
-297367668 801364237 592
-755065746 991788094 38
158919096 869209727 3869
958156397 147553657 2859
994625294 271020294 648
-298279430 526627996 3978
919073584 211356232 2749
-266148393 628023804 2946
106504353 770713143 2921
-829184188 381933244 601
537617484 911691152 3164
518123123 567957898 3067
589394941 665756099 1676
229537147 513114066 2296
-564428919 680387181 2505
-249520065 648478780 2202
359342546 566279901 2034
-791335459 20079961 2939
971413379 35156917 85
469140506 870473279 3439
-44477594 395926731 3931
223690575 693615521 2679
-958909086 707730472 1546
-588952283 981544275 2052
409080737 758087875 2227
-491377972 442439172 217
-172861983 719895295 2185
851425270 764922127 1937
981417540 453887968 1912
-539020087 903705508 2976
653565085 837270811 1725
735091886 110113693 53
674277120 420067432 197
418069045 906998489 2634
654025282 517858016 3308
-834347324 506313782 3330
875441099 472189156 262
-738124143 462713892 1782
-951734986 81883446 47
265592276 909247376 880
961046210 110514039 3964
367418688 208015754 2758
927499338 808386370 3265
-74338735 637566077 1201
213873504 245314542 3746
-213114984 278667335 2441
795640704 483133217 1014
625549023 924619757 1355
703215977 922676222 781
739540689 288166973 2582
-617838280 606403564 1224
280299555 976762444 950
-205732406 232050487 2554
-105557713 357940713 1789
-371759823 867191394 242
-721560945 259339307 225
-821257707 987375805 348
-186466271 790663422 1424
151120152 415140401 3950
990448334 204130448 2220
-124002448 956735255 1545
246534576 792624141 2979
-897598385 214940662 1551
891060087 376323514 3464
96504646 617430776 1559
149186839 477648312 3924
411109087 362409098 3574
594302381 551455689 1189
-747628325 166937507 3289
-525695104 18636324 80
279053715 939652373 585
457320653 572791128 3949
-357205107 450544947 380
-532509756 564242074 3439
-763804390 240033609 1631
-475443916 397891075 1292
831866882 246740431 3463
818177887 379531921 2067
682304414 315789239 983
475295120 643567575 3750
-630381425 870003389 3492
-831078320 542460721 2008
-361927568 5124747 3581
810139188 93285611 3505
385973333 277696505 3046
725072004 154330251 3389
-376756784 386008479 3339
-79333240 203295904 2729
-504113026 75094091 596
737332393 588094673 536
855002308 157849216 1261
-76030171 350176059 969
717260185 559641103 3892
521023213 445710018 3088
671843224 884624779 3734
-366188690 949026922 1711
955352543 217085568 3536
-361784834 754189904 2392
34789831 792617777 3543
542982787 734363594 2635
455541326 39073641 375
-166489287 521201224 3039
-307343855 774050138 3782
374666289 903577402 2579
-909739441 760367064 2510
40870651 924348051 2362
-541319741 269876519 2318
-812296366 315659220 255
-884030577 865756978 87
-248974445 162320894 885
85604622 876633545 1913
-416972771 134237271 3311
-786361017 123200008 3617
-356145666 264275586 507
-529106386 224850880 3798
394293576 460663890 3778
-174897954 517892642 2320
-75023365 197572505 1043
-369500999 828744391 343
-400379537 869002011 434
927417842 558445552 1483
-263631701 24899886 3908
-44219416 975433646 1961
416921587 456974651 2901
2179475 216311544 2071
782852020 235154899 169
565020085 382233977 3524
403216326 410201609 171
-89100199 897239139 948
-84082019 889579690 3886
179047450 802912163 1979
431363128 338767874 1097
579059327 462183523 3247
-424679661 742631113 1578
-600212551 72271373 1573
250667266 958472664 2323
-762833346 731881870 1084
-774511940 468130356 1672
-756621814 700790316 3379
957693663 208405197 977
980013910 777714921 3564
-187079449 918446980 2451
-766462446 298952755 693
-299505927 653843421 3436
801215505 618641188 3809
-879084825 418302419 1258
387248690 758116679 1001
-20863165 135197384 3017
421353174 672944210 2957
755502682 844657362 101
-333977834 444406613 3087
-802968701 480719328 1463
-969716825 112601813 595
960542594 956405647 111
-827062737 374022984 389
-439553144 32804242 3481
90669093 973003105 508
898060488 86854068 3795
-863210811 959776642 222
232065355 458966826 454
-22227530 305750266 1948
-47900466 384657730 462
829104887 808623187 3658
-756293407 40135290 2454
-747718786 427987604 773
-834458863 997258352 2274
450378188 208224919 926
-983175032 275700152 425
-581764612 296441845 3107
-820373326 723727468 973
242628950 954939099 3357
435860352 498447799 997
295184553 1063745 1149
565334989 923740028 693
-136499252 31565146 3775
-324924223 373026068 1327
-857936605 970739549 1655
969758168 91079951 2643
156278204 855873932 1707
-820689923 934463790 584
182648425 769743014 3572
375824292 384994079 359
-424172400 62793449 1899
-539781140 984915360 237
298026186 893493790 944
-737159264 717739969 2722
-70384422 85265998 3269
112351642 596578909 2392
275346827 339314694 809
-912221200 984689 2909
89882234 565603604 259
-189058841 381790478 3806
767520010 816896389 1610
869116104 280303597 1422
26777235 259065818 2838
809288112 999896130 1326
-309917286 113550253 2701
-729703167 657385673 1016
961663477 899267390 1835
-578268184 716241664 291
283398730 391017831 3596
801193178 168074936 1704
190448519 822292636 3138
-279875590 341366549 2589
327001809 79977374 3501
-192057746 685579983 1005
50291086 316721872 1059
99138726 193477541 2958
985487675 824020930 2498
-442483988 250834038 688
-99871597 604408533 1288
-980347315 429609396 3687
941134988 414862410 1325
-789502506 814745777 1832
810504391 87059897 1051
-119168256 600483305 2645
-562528973 587300849 1925
449595300 590047616 519
84603375 394195618 235
549733162 440069361 2915
-736062485 584488730 434
913917352 950455870 1249
343577785 946560585 1600
-697160456 38701072 2398
-205953581 143766707 3016
-937797706 956129407 2975
213193313 932107871 1743
916463324 111934545 1266
164090670 199876367 3786
288339060 308333455 2646
585278286 931719465 1937
239450566 5266919 1102
-637645509 438594265 2951
-58592431 986184081 2291
342264911 249411141 239
-258163839 996551974 1262
-45493481 62216378 2716
-98945405 611652304 2872
722136521 559786166 114
-846525154 556440865 1581
-878747163 888525918 382
886822277 310774113 2562
216001525 699758353 1394
650024356 460717565 3031
-826115682 761621996 1182
126583235 892395270 2039
-891206999 221943326 1313
150966498 680915421 1169
-794879748 679719126 3303
407959602 518282120 1527
-724988622 444744912 3984
-491169488 853903426 210
-355728107 246902711 2262
-679764868 944727740 1303
545615462 522954484 474
-827021440 99425754 273
-604507723 957176049 1450
-273433241 219168423 3662
346262292 902524443 194
345518931 516368021 2106
-612350508 319584341 1780
-244592528 453591633 3953
207439872 416839285 2824
990333569 430391783 1491
-306750345 790541610 3634
110178791 119397048 2132
946060754 184459005 3788
255463991 243741852 2421
-132659669 69464034 1417
-678559806 251985882 2523
813294411 449963033 2082
954999152 725539551 343
444383778 788720733 176
-482090656 204071574 1998
-637498346 851786245 298
60498062 409568148 3235
-271260642 570885888 2151
-163548234 872032626 875
160085025 279151900 425
7642363 474053716 1519
-401143064 178077011 244
-180240834 676587099 1881
-660877561 449633194 2606
-716522996 345939248 1044
387467945 29095359 2851
46642321 412872825 1193
585556685 26139792 2151
826197388 600069525 177
-180796004 767820670 412
977394050 679192762 3293
-699617434 31692608 142
517759501 735122402 3280
113040434 696446060 3401
-283663988 214060471 3641
344814450 475626729 2849
251879140 941721058 2764
601669505 515029124 2451
-430754678 235778478 3977
363549953 775903998 2628
-638767785 665175861 443
-111663246 670527454 1462
-156728208 373893067 3968
274617393 453289231 2673
-364963836 977768044 3498
-309046497 149944307 3193
-56615047 453069923 1166
-317915096 437851071 268
-749547249 160178647 3702
691054540 243114753 3639
-583562069 952736407 1702
-397774392 821804345 497
-359178605 344425920 2468
-290364740 772046577 2338
492173330 742905965 3426
453685998 509251865 795
-946881526 227916020 2021
-81185513 835190908 2481
962531955 142336060 1996
-398290322 503493015 3280
150787968 871538854 1034
875481484 820298968 712
-39170956 862661294 3941
-824994755 871934012 3176
-587850388 759155936 158
-777533299 290853954 1965
430766223 223460461 2888
44482388 159503657 2531
-529577645 61106115 1248
673614683 371420016 3730
-144152568 239062401 9
165019767 449779998 1274
-248657321 637884138 3788
243484030 580924777 1996
909436183 456795350 348
-546378180 373876662 3237
154370310 341522144 1530
612923321 361109028 1226
-429125098 202466247 1196
-184123523 615909917 3194
-80953214 423303114 2293
179106477 126407136 2253
-181866475 894678651 1461
46031553 221776940 375
696361517 61748029 1924
878489284 685112074 3439
-152098546 9577272 1355
345001848 507873210 3085
339081439 229616554 1707
415105021 368457214 1378
-761810477 505702032 2918
-717704406 278227564 474
-920270456 236866615 412
517108086 997685800 29
533898812 872307407 3598
109389844 442580847 2710
-532259560 370673429 1144
-446331556 447937494 41
452026248 618688134 3957
-613851433 662847126 353
456638950 906517692 1717
-509281660 431580310 1233
375060526 257636821 1170
-61244208 411038193 1820
467867019 295954235 636
-671296734 117470179 2396
118515759 860817280 2434
275069423 688392524 3248
-765717159 80917761 3995
-883541452 619121192 1298
-474041730 686785258 458
-570846142 665453772 1059
-472866664 643482028 2433
-227092489 969712289 770
-140370737 69220124 343
-427013967 233948186 283
949496661 434917546 2741
384175712 887956715 2257
65990480 872856964 34
-516424599 67643176 1481
758928678 207530981 2677
790308936 849244631 2952
252911265 239314852 46
-81871624 16501674 2964
259999919 369344592 2699
349507778 310707631 3708
-682671766 880383486 141
-693814962 488466196 2660
-319600407 94513524 3875
-309796554 593265379 1510
512090677 361955648 576
-544384585 37954031 44
-972383009 666054814 894
-465984690 131881 183
113272406 650139546 1398
286848003 63966327 2493
-149805346 324799765 3354
895049005 381118155 3340
6845394 681919838 2609
353056202 184757307 3937
641996317 901656800 1222
237549874 562434770 3594
-23914369 802660701 514
-93057980 830186893 2195
524503061 143732302 683
-188135771 575023063 2748
-779824039 271921385 3307
324800215 710399542 3857
453888595 647845179 2729
-305945239 892432436 874
-62180736 216128173 696
-182695374 174617814 2222
574458065 931656138 201
-438400515 962158512 1047
50347021 771314567 1357
-317407195 552195530 2904
553677902 401296083 519
305963842 462313642 2729
-612558642 413348827 1984
328602551 513177079 710
-613222485 463247121 2694
-295648339 599295474 1709
287953122 731076129 1515
922240703 356444416 802
-904054287 867162964 762
-169449398 159851909 438
794517143 359721658 811
-392692817 394350254 150
-232291025 862633107 597
-568847699 133055289 2797
-864133368 847758297 1012
-741438528 991345099 2846
-177708602 399906123 2093
-625668174 510021460 2133
-546581391 305309994 1155
-479002062 879141460 415
445203004 351794022 3897
189975380 774823037 2028
-324645010 262167610 2046
526986205 570244264 3818
22251763 720603893 572
-226989171 879920042 3352
-271680157 229821038 3142
633384215 872874822 866
-226212810 234843225 3637
482302202 738039648 1808
-561899382 225226251 1877
-927156548 251820270 738
-872546683 402152591 1717
914319708 293829874 1432
920265799 583970891 2325
72789603 671838333 588
478115952 757773829 2450
-993641832 642020640 1204
66106912 466403747 443
510565422 938576155 1453
569299255 761212165 565
878936448 704620409 2277
865801997 172382790 1725
321574417 179089567 2044
706384090 663767527 1036
-364119013 323792814 1062
-158279840 636870698 1677
-710849370 627298264 1900
253109471 234568355 861
-860781370 595159872 641
175972160 929233251 119
-852309903 516660161 1844
-443113137 857372019 3639
654835918 589154253 585
-339274327 730418904 999
647051924 609871615 847
-427250190 514742901 2472
-78801264 354309578 2551
820314576 146308905 264
520550437 224462658 438
486902827 665099230 3978
-487178727 593196719 542
-831453361 714472559 2995
-133505172 181308030 606
455171237 423666569 784
536350586 460898337 3152
-148733490 483750423 3045
-723987847 692620462 2715
506584976 493670399 1551
-827339464 146003281 366
420278790 276391224 870
-708563995 617990867 3213
514303856 738335644 3340
-492404434 300011685 2932
741182135 316713547 2311
-532714163 635427894 672
-716517761 757308452 1979
231899055 297992004 8
-500005239 295630556 3560
897943977 562854582 2302
-33930589 414809919 2884
664873807 444197578 3106
963606577 80828253 1964
-133943314 688348037 3505
988711489 419889227 1254
508746415 182540853 3890
-831824613 740304091 2343
-849716777 392360766 2530
-755395263 688202165 1411
-124688814 920109684 2541
846823211 862834452 2894
-121978234 89789262 3392
632080800 234450692 1945
271197094 141897917 99
619409754 314173782 1989
681562616 567851223 60
114012861 351835483 818
-179024952 755339936 3317
862956120 551845610 3926
-341465236 299849721 1625
660385375 711579725 3141
276875684 70212770 565
-469759683 40196044 2152
-864055479 556064864 1402
-641398725 309372564 1287
549003556 609653793 2588
819741935 852564360 2131
782299677 706087651 2841
608277905 289708845 2842
-396125463 623974685 3392
572970439 651716734 1384
32131067 348780441 2747
655021160 59010113 2534
36912204 970840084 1614
-330807121 10119536 1663
-135146794 904847636 1622
622707310 411894640 198
-465333790 25509608 1863
935343793 814137700 3495
-403664485 635593842 3335
311744511 371884936 2122
-602528786 660267377 844
-492737426 223642852 471
-149055474 55672184 1255
101343069 221195959 1866
158616106 56423174 1109
669217843 680518940 533
-304413447 385686783 685
516030874 577972376 3276
-615965927 179973612 2658
851740342 756305875 1293
-246972809 468126713 778
18223379 562938253 3097
-837984781 851968686 1951
185913132 320660470 1539
131536401 902544871 3875
-876116262 839071298 994
-374916776 650513470 1380
-306348734 835011879 2656
-980301316 122517736 2389
-811408898 410796758 2661
532672822 901362234 2565
833373123 920220856 858
-559481927 386676477 2923
-164261207 755846336 17
-126714664 477859422 3705
608117222 908067567 1718
718398317 618177918 3065
57559689 691868349 419
-557400487 333905003 2348
488347367 98184367 3404
307280129 442834362 3970
501975506 124474908 2045
806275088 242475789 1825
112521959 379591172 990
879831210 746031016 3058
490215742 34945284 2205
-362568624 973386927 1132
437821018 551125489 154
530543933 290653543 840
216945124 151470531 2972
-819347836 370800559 2109
-815005853 623634074 3894
301690235 748135061 1262
284746265 258466216 1433
958466488 7410382 2024
-563433405 819763725 1742
650841202 743631932 2061
944173879 641721210 1883
232134644 344670242 2226
-867237277 475042637 3162
932910604 349118928 3924
-422346045 871886985 3056
282921795 460275096 2868
-794612554 569085443 166
582184702 158786976 17
437539621 46046857 282
231769665 339928533 2562
-890859648 535924785 1373
997927578 490070274 2746
410459365 281680039 173
-662883663 718810924 321
45455366 587835250 1734
-910847674 760826415 3189
466349162 130227842 3243
186671011 706098910 3041
-534646502 296314473 1049
-952932687 165621077 1592
17432785 988377517 32
512064470 392115483 1412
-966739879 521730078 26
-980855557 47039495 3287
-457672820 679987299 3040
-525955899 678267827 1556
-92733373 697588402 3665
-429528123 4082343 36
-586554598 672170098 822
586345909 46265061 2517
902574921 774079570 984
-726332113 410854472 239
-248896328 414802934 784
-169285765 493927620 1186
372216929 658182695 1211
221552705 691372540 3414
-701489920 809608685 2761
-310567839 224619957 312
763328223 24337601 1127
633434716 216714455 3371
856386985 614240888 3439
-641300497 367314955 2583
-148849901 660597435 3560
181782553 701918794 3643
-364521399 679000220 140
244722646 592755482 1628
63781790 813299545 3647
-974768139 304350235 4
818300216 464186707 869
289198095 271402199 601
-461798102 392824574 3921
-345995182 726818388 1746
450159651 427121203 1527
310163519 167346356 429
104672355 361376037 2162
618402968 520649333 259
-445979088 750211078 1463
-437018686 257375508 1521
810259725 838772465 537
480874832 760183240 2471
808881483 679702013 2180
-780357776 331587107 3677
329168856 567290500 1683
-396659447 596057221 3285
-309506500 380456823 778
638238648 657175385 1045
-896369995 840823426 1327
-724071458 856330314 1045
891383215 724202315 1552
-143830489 444544611 235
-327279458 65020937 1528
-908019681 905731683 934
441740690 984364921 1115
18413509 24207285 2483
-652262337 146308880 742
-217910535 663719787 3895
-441615985 371468600 3355
-550227724 490902519 2391
-470010898 723006322 72
-615098487 595003121 3096
299459426 83052165 3262
250270669 307270518 505
512787999 169317016 2234
586922487 499345846 3061
-53729552 646218187 1771
769636854 575958184 2042
-344353399 307587891 988
-121617854 953633905 3088
-951195308 224563550 1492
-745557569 430302450 1160
417230095 641099650 138
903235164 728784386 797
439890385 699880995 912
-719589575 251006946 1099
-289367770 631125278 887
968033337 983081055 2962
-981543064 190165703 3565
-781398894 931458118 2133
365507611 792766432 2082
-31029493 99122916 1409
565378520 451726114 287
-718478435 606266829 2982
636880818 1755453 3896
-789758192 852327917 856
611560046 988969344 2472
732609409 571744008 1114
565156381 272802200 1805
183522422 921183055 1107
-497733079 591780812 3644
738538229 62454532 2950
104396441 192319676 1347
-798418399 782368151 2019
-143703898 441966701 1785
-113536234 988893181 3862
-964685053 371832848 3201
166476014 200211195 3464
-820638754 822390190 2011
987923166 933781122 3165
9736614 4509101 861
1202955 513087494 3180
898061338 487332162 2612
-375482308 734494927 1261
489709134 665399385 3596
456936816 741856437 1917
-352346668 728531576 2277
-694651758 159788702 958
-553470548 620295386 2349
186799503 10536511 318
-245310639 696179662 1662
-73514389 509594470 3107
983092299 856380919 1272
746141898 43358054 2010
549480606 21261395 307
-251273708 56215934 3169
-224279384 296597490 1293
-549670383 899830304 2822
648696655 610366564 3365
244137025 874357790 752
36368832 258257712 2516
657421492 409140839 912
-148480091 278316477 3147
-106893063 375793439 428
-205634471 938991251 1261
48529566 31901978 1424
841196935 609640002 496
-641699007 427760605 3447
317830874 563610880 739
286064305 107901281 191
-588484903 243616352 3386
-387710024 466774843 1962
534304398 977016702 1769
-708428764 815096578 3448
-930931956 85932610 2630
-829868037 462676972 2147
968173990 876421133 3553
-519503258 606000889 3817
172402515 515206702 2315
-360397945 665028860 2039
-495583863 704390888 2347
779737469 102082521 2715
831727812 93275533 2569
401731163 34093994 880
433586870 486775584 1243
663017794 787232865 1757
-774768911 892005205 2389
207390803 766760613 3837
56567992 172979957 180
380650097 167011554 2224
681437275 575196357 441
248910957 483500355 3519
-408839982 11447910 288
-762274109 635479870 352
-644032617 203374456 1943
75257946 681717477 2521
-576874830 870938778 2840
181683154 908392092 308
191609231 822644074 2569
-590292560 714968305 3463
949145949 123978667 395
-586266705 645948270 471
99772284 213694778 298
10390179 265282416 1903
-797118466 729748444 1206
-466434192 570355956 3589
-209441656 57196213 3639
428507894 908437998 590
72076051 690902905 1948
832452868 567817017 1282
-943015036 686129868 2496
-177011961 556739220 1510
127572032 22529561 1134
752129411 170133346 244
-154081704 529576640 1286
-99239712 951118844 1047
188907459 962527115 2862
862645157 471497832 117
-248874548 131522599 2762
-412025640 858849452 3275
509720316 624890416 3259
175848602 484084069 1076
-744228634 102192156 3621
183558853 424478219 185
948420975 113720131 922
121409724 599371744 2177
-836634404 295207924 1519
371216100 97227177 1161
-435219839 456506449 2604
-565701526 398792124 554
288874889 449600085 1352
688304150 637097574 893
-596353698 777515845 376
489171633 510323402 2284
146238409 485096148 3395
-84040198 778234991 1831
795119374 883628970 1568
-157894884 109650084 2271
475888103 491238664 1930
-525158513 193985838 1973
197416990 343965411 991
706860505 878141412 2516
202569899 19323978 2735
655484585 856593646 3263
456280370 344741064 197
-357155038 316562179 1696
698972262 801550341 2806
40922474 978436489 1502
-524666243 849036020 1502
844712947 424356585 2891
-695986733 625360779 3828
-662411361 399398393 1377
670535784 578445479 2693
-480773428 368934669 623
673945988 364139372 2481
-820783324 225858697 2887
444365553 827924047 3532
137683459 931676532 3170
788628510 643729788 3624
890290578 72540439 2701
849275932 237560445 1712
-595506988 903245402 2876
977559798 117509940 1804
23800908 433238060 1085
-246790767 503260456 2622
-243601899 733669809 3561
-257407974 629999219 2859
-218123830 162384827 3125
-475661897 845899688 1499
-756169987 434481690 3228
129046677 753551777 879
-664146060 996192291 116
-796863167 749501917 3101
136445511 561304495 2555
-689644799 437922461 2328
-736754623 634684209 1833
898379154 766376929 24
187430818 29365931 1916
-957270673 434536476 1344
-456951767 837409398 695
335130322 403659555 3587
-18625336 285524465 1862
-651514050 851238845 1659
952882287 694940262 3211
-10892917 73672359 2161
-303440795 138827532 3497
-745217605 180458130 3933
670703820 992418408 3909
719405915 769893306 1766
-705757752 777761072 1506
737464905 968773052 3501
-634063563 168251023 2532
624760334 422191221 3902
-424406922 653598087 1156
131361367 682862149 746
-945871278 244803872 1572
937962586 993192597 3562
997114345 276513276 35
-118489392 563453485 2949
68408123 124491047 865
236291039 400329414 1620
-906153400 489830614 3539
485722241 299868652 1365
-748499033 235053770 1911
336844404 258352158 671
-919465558 771195282 3899
-156527025 212731256 789
96172922 581549506 1452
-253961157 374780509 25
-797770768 419786090 125
353357335 418893428 423
-4182226 508528606 3832
705622089 60768597 3533
405100217 22586022 1262
-354822496 819782765 859
320316908 358122879 826
494409014 13390607 1920
142239187 846665731 3766
-644308102 157822673 1579
-841079596 325887427 1340
-431167370 524847329 428
356372697 161532440 3836
-11429059 160567461 3133
237353746 606933175 2968
-163965084 245061941 1037
-484962103 142085610 2173
913837664 843977361 3343
-569744432 590730370 2004
115523361 237212228 1209
-908471391 795705258 3946
150162080 104589605 904
-948658743 946880949 1661
-915712841 859614530 3502
772788849 702461765 1907
594125871 180111227 681
843143910 584480402 1299
104562956 24332316 1397
-373619261 945595957 2291
603729546 576243470 3326
-149687639 528719015 170
-749682659 832380377 3972
-986814292 457468297 3116
-826772964 241636860 3885
-613607037 106024444 1161
625133463 448209930 1487
692939417 103490296 3188
-174818540 716175706 1305
-976365191 685896394 70
348777754 628791862 3422
-455209727 147890343 725
921746937 525725649 948
228936549 474781052 3057
21266568 434995419 2115
434107116 623806955 2869
581383566 146174393 2532
-272133084 909286269 3725
-630645214 656550550 3491
-376710422 505527836 31
211676408 768814536 2733
-51905252 189128193 2148
-868603719 386615749 2232
28947388 522212198 3121
465851596 873650189 2601
9499332 216406892 630
-299578493 592665013 1955
-16163492 615388084 2371
-805902329 236168694 1913
901601935 126238292 2061
-693832355 227511934 2638
15580351 296051059 1775
623043819 664473565 2214
-374755882 913178550 2967
-385966286 447102149 3773
279190771 281524433 896
845201468 814732186 1071
57179004 260309796 3287
-44836046 94002714 3822
851997173 554291892 3103
-59373193 247088266 1776
-753767225 27886276 1305
-651408274 396672427 3219
-541692695 242146513 2139
474303870 279063305 2635
962723043 594431886 2617
-203426887 868411382 378
12258859 929692440 837
248953987 220084884 3181
-178223265 203814308 222
-859256209 627804170 1614
-286576521 301896213 626
59320122 291890193 2485
-859831186 803253875 514
-29980880 219597063 1954
-191127987 198087554 3112
432665247 252282785 2229
-390689807 940791068 673
-854602386 973471579 1745
727365971 354760644 3730
29741242 437368529 3110
-768607744 725070762 1698
4337787 132111704 3695
938158464 943767184 3957
803397090 149974563 1637
-943654 630635500 760
230420469 254160677 2678
-146655508 201692346 3461
-735601989 250508778 282
-155237555 9948729 2619
-179655915 208761121 1425
668653162 159289628 2873
-229254113 719726446 4
-833015643 54356684 2121
642159811 502904729 1038
579313443 134902702 2085
-692104214 490369921 2664
-953824152 995536452 3653
-777701415 165789423 96
223962267 919243085 3443
221344391 418408068 1180
783481156 959975936 3723
-771992943 482344745 3218
-12498821 846442358 2466
880498202 711111195 926
403440997 589454702 3778
816230506 193849132 748
-122742219 160159916 2824
-976150423 402469179 624
-243235914 221899537 1194
571052335 643058248 40
876140254 344696983 3653
412303424 587413523 3264
-758636050 493819649 2780
-722459826 414991498 1109
887466363 275733651 2180
-156888801 152485032 1507
576359151 737286921 3943
-648698869 30732035 3631
-783500303 725477848 1091
-787448175 421814186 3542
565069742 857588054 2327
-317376290 772144185 3446
-557196833 849755707 215
860761249 649605677 1467
-403813566 114387494 3644
-644468735 267166535 135
-678012849 109829494 2899
957896032 51881827 3848
246491714 539304649 431
-560536381 899754056 3372
-32324148 343105846 1521
342311126 400415294 1065
-565946241 900760339 2628
-788328660 413307237 605
487203330 680941841 1788
-129046143 746279779 1911
-347902610 577191202 3022
-573047249 539646504 2881
-326924335 730229646 1857
135810430 117284448 3849
448115482 12702179 3175
-280651854 412450463 1101
281879735 102207433 398
778247358 896604228 3365
849390136 442681178 2345
680649070 332674969 1588
-842720 739272050 3285
493033088 729267940 828
835316696 347640723 2915
7056681 821304650 3008
846174899 450476723 2578
-685280063 918958250 460
305040010 165122170 2585
918512481 560938635 1562
-280350828 604549796 805
482869387 30164348 1428
-939989460 114877157 1433
-61063060 227270338 1328
381578211 896412376 2050
-241602343 750195553 3314
581001949 632259068 3081
-2453439 943286424 2706
-248290702 543237876 1975
-82106698 1852883 1271
903241144 737163067 994
-187722790 560244402 1856
708367470 827184343 3252
387939251 677552988 3039
951949856 6272416 1781
748722502 44626872 2949
-878304356 705229369 3776
571122183 63513732 43
934423818 423310163 757
213540847 603706033 2148
383078313 631679692 983
-968468162 353505472 3357
-655673468 714059353 3446
436028003 112303883 1866
-536243755 179555057 3852
105594440 284428085 153
333163312 374231340 2894
-977806993 253903892 195
167609329 519417121 881
-888502935 641491390 3149
863437290 315144587 78
-555300163 527483835 1436
422461758 828878955 3371
293221499 70517286 1671
56009093 326504687 3614
-313992464 860155438 2955
-881667248 979339929 826
-612448165 341450015 2651
-57805248 91512544 3383
519850776 583473149 1152
-245325847 412363254 1151
543901289 652754213 3467
-373905373 998779382 1847
587109718 134342095 2528
-344161765 207445821 38
964184233 315698925 1237
-357919985 58780094 3165
-62859029 414911754 798
-914664960 912486428 2786
-912208322 115849407 1201
-346058873 804814009 3907
-441645296 309752581 646
-670306592 640406170 193
-619204593 38434827 3061
-603954828 365254742 268
668319906 692174336 1717
-977440339 883164533 3377
861842 394200999 2667
665410998 861369626 394
-265174890 464871443 1672
-421237652 546897723 1210
-309149417 527235629 2230
-930717939 847058847 2812
-642271222 896229908 3591
104880000 983611377 3952
872560565 293088841 3080
-731102933 470320864 941
-23531325 323811855 2929
652244913 521835746 2069
-538341012 593888913 3240
-804231985 360682757 1076
465063097 463954973 222
-284672208 289008228 2249
282681153 239778763 3581
333210953 586333553 63
-704958092 220902245 433
-376038082 470647995 586
-850051647 791742753 2491
234762181 532829290 463
538507860 932359535 1998
6255475 16598627 34
-652143947 621066405 2704
-623035644 613783179 3766
407947669 682445028 1371
937139928 216421055 2626
975648124 306680856 1699
-314044493 954095565 3305
652964527 842174357 1405
41514471 716694686 495
351213391 550698354 3464
543559533 842922415 2800
-240671886 389770178 3299
320551714 515326581 2104
510315708 507214523 1639
310825909 326097837 3146
-377819224 125342492 168
704310709 958570398 310
693266968 68935600 730
-284114190 96161162 3
-958619556 470310679 1816
-373396307 435556749 3591
-65126568 967538696 3763
282594434 131909030 468
300725295 491389637 701
657143514 655343103 3461
-689243899 377650253 1060
867238815 753942151 1527
390597802 678823533 1319
706042471 814290835 570
-556460154 697699950 3925
849936528 403942488 1648
697968289 532512706 1974
-377233665 535363089 1941
653941257 601750347 93
519073233 363758932 3874
-120810432 852577407 935
464714622 330329821 1335
-324576174 640020237 263
318661635 383914580 1688
-73782549 126847582 2448
442132008 794815094 3952
-332401053 509398221 2005
-350032266 124276138 2033
-482838555 964184908 2988
-219725391 732812381 293
805212877 590140294 3824
-707699547 153252539 943
-84992889 463506057 1678
255588914 885560430 2773
-930484422 734492248 2864
-20786145 785344752 814
723434552 369551526 981
219900796 169123677 258
-250479367 610410264 392
-295244283 345969479 188
366432573 987978982 3729
-347184837 383426744 2112
800793609 753918764 2271
338392754 368423877 2090
-745647358 402586677 1831
-757303477 343057756 902
799359603 242503541 3055
-462051257 373419171 3062
616646910 486196055 1606
-98178921 422625787 1038
647098650 659789101 1821
-556192836 969817405 1969
227197729 566188064 2104
251672759 935395627 2510
531820907 11649121 3104
-533222356 533352067 754
-935213677 374667440 2838
729503734 105747953 1740
-168797028 656005283 1465
-411418367 206201855 2846
-192792150 652176739 3137
603876184 228537118 87
894734853 291547829 3341
20459026 35389284 2298
981673994 229903917 3381
723746466 334661388 2327
-883785472 515578982 2275
-396283060 128485716 1841
847996373 307420944 287
-521283306 617322966 2593
915927837 690983401 3171
734698815 992233866 3874
-587822149 616713375 1485
481971338 262852007 3889
155134789 251899174 966
-755822377 883587362 2624
403411947 233579502 3843
-34942429 557858402 2318
-889559605 131469105 64
530924739 917830437 1759
316115893 794786354 151
-553417659 713388677 3316
-229191497 523248824 25
-246301634 604407761 3280
568228894 145123109 983
-39866190 435314912 2655
-409785232 781279056 2678
-525842465 651321514 3797
378012283 252497627 1644
-535227321 81881470 2445
-284968284 891711701 1116
-445253870 441481903 3175
-86459534 169355314 722
-785945456 663532700 469
-55024939 732389272 7
201222185 461226743 3545
-5103654 723765175 3408
642049347 613512079 1672
-535517707 818206359 954
938015466 595905597 1976
648455139 718175261 685
-978033432 805762552 2408
848193402 661462575 3289
-697514599 477327363 1543
961309651 963260846 1444
850390550 608140467 2479
842937798 897010053 418
-453985973 248798056 3783
-519011083 397252424 129
436580966 881327123 3225
121306065 923406962 693
999392511 294939024 3500
-857120837 982118096 600
-954270780 56110444 2820
-277732437 258615483 403
-161037142 419213595 3079
64622493 240621947 2134
-752296859 23513240 957
809878486 804193865 924
-344670679 263387910 3694
-148143173 572365742 794
-605964693 690147876 2473
-160426065 157544707 1637
541819912 272074381 118
-508917226 392878071 1055
119909985 579472748 329
112617478 446403416 2376
-883977594 355904636 1233
-24999704 399110748 2046
-947123747 224028977 1806
-951984393 393191769 1747
19401178 147107541 1702
382488655 229637466 3570
701005118 875105954 3700
-543108025 333474288 3243
721110742 260078527 1263
795204859 432152590 3571
-317154457 368992563 1162
-153844954 289162096 1006
-436208057 639945812 362
-55917003 989623808 1435
433487619 69805920 2542
527618520 792730167 1293
232839085 635367167 3052
771946400 138243895 2514
331101089 260860347 3830
252275064 91775891 773
-892699372 14042179 3843
-475067553 987482342 3208
430886136 865656705 2588
-500823653 670492916 2756
-237268688 94948675 446
-846781846 82995901 2395
-808025944 530761893 941
975001355 610477487 3721
-476899608 179684200 2849
-476399251 881550636 199
-633184825 398585144 2674
635039126 113423882 2731
-9610203 269803272 3596
-709540433 685843442 2473
116844685 870652590 3698
-468916647 534481711 2781
983987793 340000337 2450
283276070 257303687 1516
-633652628 921197583 1256
836539453 474502454 513
180451304 366303890 3192
213694571 759974898 2969
-378586535 252363868 3757
-313227111 321800714 2279
-970491511 947744440 1641
-200379505 324021377 3507
-483804161 666547636 2855
-235086918 64011865 3771
576065722 424257295 2326
945858151 443038604 588
-391201513 685979318 27
-97692017 743650282 3888
756494685 776449029 2005
-762900058 969783513 2724
896013981 553714005 327
-375483090 867743762 2259
661282495 374212381 1988
306605065 211391996 291
-617268219 946386659 1306
83503618 297989951 431
511855589 137753029 3446
152867057 509744694 249
643895759 593160565 1625
532995772 338416287 738
637189227 82763799 1402
457448342 775614994 3425
933528152 746091280 3644
-4391029 750736844 2026
-935438890 606632424 797
106181893 489132968 1906
637598619 947587198 1806
424701090 883965875 1004
-689854815 105946034 3135
-390915113 307528474 55
240661086 790922857 1641
-835732711 116530332 3673
-517030656 104252778 1849
333808103 65560186 995
-245437390 762564272 3917
541332791 949729273 2844
651541901 709282741 2322
-125366081 560226165 1092
32861484 486046621 3549
581740798 411727592 1932
773432009 441203746 22
697313127 920146733 1367
-993168793 121050279 2434
651182037 40281998 218
474815480 150136976 1568
398093510 843415966 3198
324941633 147808153 1805
-806185970 418702272 481
-915385863 277917925 2494
-127675160 319510258 2932
-430069847 584782004 1994
737270263 704624240 2657
-363119859 868005776 1655
-330048911 2734160 1336
87612556 615274847 2189
-550359129 624389710 1013
-105646837 619750640 398
959698117 400653238 1956
-378460591 238112136 2565
554610835 575791465 485
600090734 702657455 3018
466290958 349048555 3639
-412961492 344704526 3386
-374595104 812100089 1868
700854671 777430527 1115
922199939 543709090 2926
-170053613 303467189 2550
-817207727 851712042 1027
11076623 675612140 354
562072528 75332784 92
-660920214 499234351 1906
253485386 546353135 1052
321403486 661153374 2883
810910867 793111627 2511
-853927989 588365785 1437
-810685205 10100973 3216
306637519 663204413 2425
-189854185 313025378 770
-147657511 749042832 168
-768826627 76458752 3999
362692944 468584573 2209
-869572210 20341229 3069
-430222331 631879222 2896
-135460102 925291489 148
41018466 819752681 2514
525351295 576268445 1700
664370338 629362349 1314
230075642 376226408 2466
-505173595 981573345 3913
-322545605 305316904 528
-656800277 339004147 3319
951745698 789841999 478
228492466 965194930 3984
-111808223 161298456 2051
352564684 671272335 1450
83095677 364001448 894
-203267360 604697940 1545
-8047331 264656756 2722
-272754796 898732015 1537
-351014438 626751863 102
429693310 180648412 2920
-830665665 610051094 368
708772141 174023726 339
-287863802 318145598 3674
-985504976 761581234 518
-105228764 626494713 2060
729843367 214974049 1611
596316085 44477629 987
-73109473 328618020 1241
-128213533 881077500 1102
-522606408 364866476 782
687413245 936096622 915
658610905 48414130 3754
-690032421 558773341 3098
-132855003 323738270 2006
-799904344 263689466 2125
810398738 607728562 3208
388148623 681820439 644
60926772 671883760 946
-640421604 612859283 3711
816142864 718638419 2272
33435352 604701338 866
664727163 233568148 1061
-19706655 313007188 2363
-129529323 200210356 1856
-310626828 347888646 1586
-545645770 25884684 2002
395242637 551910931 3694
697374243 229245 2666
710851139 107136079 1787
280882709 784974651 3198
-106249861 541969269 1274
273032163 308683322 2990
-977906134 219309227 2250
332020186 178922642 118
-446792439 150508767 2063
401664916 644703918 3324
-197662267 372151018 2591
316063161 974129883 3073
576683269 567440902 1805
-896077160 904306084 1021
-773177377 462482077 3361
-971880162 758284058 3148
-437587139 882909731 1172
-697882390 609622057 3712
594858239 489541488 1836
-513796623 994249190 326
-668735136 882707193 2594
816927441 435602403 39
314886072 784546336 661
566535480 170171890 12
443968054 329630656 3693
944901482 798241411 1446
521469460 294365063 3938
-563825054 507116774 1238
-287379102 755023644 1026
-841131336 796506440 417
232171243 651941178 1197
862478531 699408429 758
509914726 824053371 1128
897622663 970909491 79
-1235077 845772053 2144
730575078 477225156 2501
-371504469 126725259 3508
343638861 109470405 961
117343219 492819706 110
-732933690 81894461 629
-978482009 109566989 335
344593198 509032426 1403
-625752262 654846999 2571
-946302485 814205472 1629
782786119 341904722 619
-464103031 869675946 161
-391259025 481960367 176
613284305 271119579 1861
-150465765 647721342 2596
-887356475 602819309 104
49428806 725499794 3927
-583402844 574457139 570
-215610978 605320730 1054
-508198443 899161463 2831
558867184 854288162 1779
946744457 604956263 3675
-260697209 14394055 757
394488159 256683888 789
601004045 644484810 1970
419181966 77077793 2928
-887519746 395376832 3973
82876428 127369625 1
-135480316 77283967 1086
-380406067 323620537 862
-201892275 857693957 162
42440359 633536210 1205
847601680 89268952 1768
940144162 962862399 86
-660714522 342462768 1791
265238821 210476453 1744
61179086 686149521 249
-139413856 328649820 3667
106289543 28993575 3191
-674881293 956627232 3679
24739520 978856889 1772
945204332 465612868 3115
-140520808 886149288 1811
826836799 706800178 869
96061924 337820594 2266
750165525 488967611 2563
-865689275 527787825 3815
112414883 585738467 2111
369342414 980075470 2140
-470839830 231839443 804
-622904783 320165670 2263
-245640013 853536473 3888
-382850255 270120049 2617
689943725 835459164 3869
-896922228 713922649 705
-132091393 612931118 1248
-106832925 396928644 1120
-644852587 631877464 1036
11541665 299770033 339
315485756 10375607 1538
669377742 399047071 1969
-858268489 635537107 425
822596470 894941519 1456
-575888659 224635571 3979
330238482 30175115 1227
202360073 781713590 2153
-64111286 259017434 1457
-523410464 271462708 720
-723115650 170256540 1798
468570396 930537034 2109
909967912 189365811 2411
942084989 108491801 2126
524805177 34658717 456
655938819 365794490 2901
375067000 154499106 3177
439784814 720419040 1498
-123505620 966183303 428
504175247 357823910 3207
212457991 604719701 2001
377061953 790383070 3819
-493905816 668003402 187
369959488 172613498 3682
205434396 336372100 1031
-643505960 928966569 1500
-204258584 258973131 1575
-13741129 979564733 2614
-684888538 21701703 2935
-204797906 276103601 121
954524534 126287505 612
250855179 955548337 2519
169033367 89769934 14
-687868568 882929748 3924
355248042 399436337 3390
-272724579 786193072 3180
471896561 119928292 2571
103543125 386081000 3452
-563936090 625710590 2951
-176738330 16446443 2151
-326601754 737443354 181
-758333253 996943963 459
996582811 289860979 2151
-128381565 141702324 746
69832000 931447174 549
-564796600 375463568 3765
-59215382 820820989 3417
942284646 894359373 3698
-564804594 465593809 59
367802602 14661943 243
-218720468 466160036 238
-18984171 722091656 37
-103693513 825228267 402
428627566 929156571 3614
591557414 504048905 3992
258476803 854426053 3475
88753963 612896696 1850
990491258 436356395 3610
-377696828 219271754 1918
108365344 952460315 1008
214734855 552212254 2362
74934775 609925022 876
425011160 33482705 1757
641212150 762046635 2050
742992197 509461396 1650
-30970314 568649535 2043
807045902 354361748 3307
-408390389 364135170 1268
-209360869 315421004 2997
19630798 217450594 126
950927466 517759261 2689
981391687 734396000 2458
-341482463 167173442 3520
-149814347 206286107 3206
-540844867 806487149 1122
-717506016 934945984 316
975293746 395675831 2711
816783803 292976128 3497
-252453343 254643921 3970
903059319 189248919 78
-503398745 658194936 743
-731235032 510310503 1306
729402768 817086674 239
768308877 184673763 2315
-178339785 876098101 2380
480232874 490633990 988
119646145 552701633 1522
-378665212 110804154 1795
-873997442 689374241 3402
-789230853 404969810 1647
681625703 278925713 3145
-684746992 124984975 3453
85145864 38796535 410
-245040111 495821861 2697
-948498370 724218897 2099
-189915172 609616736 3494
-593620430 266744434 1487
758396903 683189083 1373
-806476043 499988162 2380
-944086485 426900357 3829
240676438 260689584 1732
-202051539 534766678 377
659061347 834611130 3305
146688413 767137956 3745
-409032968 816288537 987
265016222 150830889 3785
543777621 609765537 3272
539874175 393049134 2181
335426514 9847464 3010
-37571884 406294527 3598
-51419404 321721404 2959
-551208192 10573177 2060
27014243 250829862 1410
-314924433 799553289 220
725943155 108499557 799
69823662 158425498 3880
951498460 271198532 246
421595339 103245799 3748
510600175 828688300 2644
