4000
8063725 751006028 5
991187375 3059461 4
-724462510 557771978 2
500819035 155636764 2
-687665368 149621586 4
-405719687 241289230 2
560172210 78560151 3
550411198 139964082 1
293606071 935749782 2
653005985 456098511 4
-644252788 333838610 3
689448703 989688587 5
647045751 936258927 2
-35397560 524122105 5
-930526143 178287119 5
767757468 673440528 1
365496218 935416069 4
158498903 20169280 5
-564535494 714436405 4
-555577711 63945439 1
-899863058 641638243 3
767486809 760901653 5
-620100884 957970605 4
821624303 867584969 1
85265895 185684672 5
-184385298 657648147 4
14385618 142920690 3
997828687 882882020 1
-709956155 844576128 5
37436843 815207317 2
160718211 287709564 3
-536076115 13747491 4
-540032728 518530849 2
-808814797 378328901 2
133164023 950392181 4
-989591184 630591967 5
-984438899 971772770 1
338493563 843204228 2
677414428 763791097 5
695244789 362570925 3
-553414588 31997390 3
104470612 97022197 3
50369024 840550851 2
-156926549 975940338 1
570903025 617894951 4
373811331 294472362 1
915500660 72466011 2
984239393 550362218 2
-257775449 640792022 2
-834916887 756771543 4
-886422848 596245909 5
630305918 220444634 5
706650156 917441602 1
922557483 658593046 5
-624841771 193193120 5
453459035 149478336 3
-213333041 315302373 5
-487693849 517746118 5
566913774 650091601 5
-698511194 77959612 4
-158149203 340798222 5
-497957232 874920754 2
-189229377 632682533 1
231451208 638217330 2
-878084856 648028099 5
-443512078 286071913 2
486102012 984851498 1
432334459 725514906 1
609438744 435161070 2
-219313089 875731056 3
-955647714 292766682 1
-125687456 224491617 5
-221139421 134197813 2
319357605 694938865 2
636386291 171538904 3
436015440 96988421 5
699752000 318368051 5
803908500 724015453 4
116274885 115328318 1
960172431 77419238 4
741081311 82216683 2
388346526 153283471 5
771659383 756347137 2
-896044215 720521329 3
-740694078 711185160 1
891371104 107883513 4
106058180 534391134 4
22129704 28915221 5
-562944312 668150299 1
631494287 82559835 5
-557406789 116995113 2
56464120 416117762 2
-347944131 706181420 3
-701774118 757337714 5
-756092325 651611390 5
-789423272 755011523 5
-622808423 532595101 3
46330811 853914457 5
-905297795 342624202 5
-143785419 603365830 3
78685783 804933018 3
156452519 105631797 1
880288065 248788153 5
940516152 908350831 2
171406418 394252299 4
400011268 312921080 5
-471024291 550819819 2
913230287 870848948 2
-511986032 834101989 1
-261975676 6294253 2
-63590705 180664474 4
426497191 40025314 1
278807764 836503034 1
-802536610 374045595 1
-968082887 510220047 5
-294202694 204222283 2
876023813 335531116 2
368915962 747619709 5
-283147295 968788175 2
-826937429 579442059 3
-383512996 399163346 5
-674906101 652479528 5
760186158 189958943 1
519821560 507034175 2
574610657 532009821 2
-340389390 529123781 3
-252369686 776187811 4
700488939 902064527 1
273224543 734097947 4
48541373 671094904 3
552706002 59943929 1
663835858 324687259 4
398256898 113028233 3
511743726 547966741 3
465522619 563930769 1
-452262977 955842429 4
-39837488 777755651 4
544231470 779184113 1
-782097889 794533343 3
793649734 333981754 4
351318479 809658089 5
998385220 609091512 5
218495864 823535418 2
471719060 39695108 2
-367497239 425723253 5
816485383 203013963 5
-862685369 586147986 2
-250520246 161729532 2
-396173535 314027055 2
433773010 753720692 1
-924774866 176392250 5
441788192 558702408 2
-532227726 646561963 1
-950627106 360241829 3
692957952 473699729 3
-821556696 971851503 5
-965053786 501949319 2
755378302 42766244 2
607795908 797278685 3
284021031 55967338 2
652591554 548437085 1
-540121471 677873353 2
605008729 68084745 4
-670340332 238831525 4
45652072 901440494 3
-129250290 19894544 3
332038242 701629678 2
-540754977 445286307 1
-388233617 337180584 2
-203859106 754242261 2
883897712 375483153 1
534290769 849801334 3
-205117241 696638577 4
163684996 929939811 3
-932095114 315041186 3
-452030615 83318728 3
170961782 388100855 3
422827702 876370246 5
706600317 402828126 5
827278341 38849646 1
-89181007 644972242 3
812682785 666184562 2
653658379 13200545 2
517002429 334768083 3
-571657592 515840709 4
-351344954 642977573 2
-849593730 660780518 3
973623050 335421084 4
578303872 248231974 4
573318862 934431859 1
913865647 987481272 2
483755888 441520835 3
-101134875 376680555 4
-769910059 633701799 2
644335960 230531148 2
932266730 759297731 5
-200476056 573729300 1
-692161604 87288728 1
758553396 523821913 3
909260086 81648466 2
-486540876 477925025 4
-881872286 195049481 2
407750911 230627870 4
-735239179 454080070 3
-848459505 326859053 5
297218943 856607925 3
-396201757 97818879 2
-405052378 381995959 1
-640566098 459533681 3
-400262659 27219582 5
439815115 142558952 3
778524395 777296426 3
892599294 375718231 1
-856745095 850604271 5
896818670 199818628 2
-543647767 336404455 5
295262030 675694115 3
-408354365 954582353 2
-746794609 208677659 3
-361292956 766379736 3
393529226 94929539 2
-62733713 245087914 3
-925207487 348166144 4
874070273 443217533 3
799292932 326065769 4
333735792 36591677 2
542523049 390728617 1
-792603019 678040328 5
-325783016 472589735 4
340431685 396708456 4
321856649 281628486 5
-678130605 359109541 3
-609957507 642309283 5
882384320 752930157 1
-106410535 367227862 5
-281247064 353561845 2
-360601282 435940765 4
109930755 675569863 3
-358826583 878158141 2
-699336152 402871696 1
-290101425 730420270 1
378814684 42484632 3
207485264 624920719 3
640402658 17526391 4
-663784928 570644819 1
-185209468 93860323 3
195566693 871902707 5
910477955 612205093 1
782635745 589638198 2
-270694977 262796496 1
956179270 821669164 5
443096438 925591861 4
367440833 473618765 5
-168699319 172414786 5
669162250 85421720 2
-316715073 691329949 2
-850955973 598791412 5
938732240 616626659 1
-322566914 808603502 3
102757627 171880150 5
295944819 823771302 1
-251647710 118894307 5
415654930 441664963 3
52534506 426566913 3
29530343 73918853 3
778965535 269393839 2
886649022 755089259 1
710381170 243114326 2
-505157715 177871287 3
-822593014 711421565 4
916700148 955812902 3
-590105359 762438796 4
-966367404 854477051 5
-862646844 652967840 1
351073812 943233564 5
540085477 377258256 2
364466552 486417460 4
977124873 226268832 4
499240933 961875421 2
107602972 968527052 4
-858872542 734363163 1
589683319 798432231 1
352749030 737952058 5
892623140 71862730 1
-170717646 75193882 2
-983847891 526189165 2
413547448 570175094 4
-680136271 404180542 2
-65459352 215662353 4
723567877 855589915 1
-441436965 777392976 5
462623697 170721165 1
-494073376 892316985 5
-605366225 12029727 1
347931672 287228638 4
47822463 634271896 3
-804644623 512334066 4
-883511723 118545660 4
206687773 597916154 5
-445966647 242366855 5
-915148137 41917217 5
-232627560 343490813 3
-974350991 267304830 1
920456877 685819686 1
-319794329 472666863 1
836654108 268985380 2
908587600 975408137 2
644267951 202003737 3
-102972077 179463601 3
-267430430 913715498 3
-109917557 509103737 4
749547706 722453236 3
-341405959 325170284 1
728456331 692016943 4
-857338644 574100489 5
7324682 915338682 3
116022015 448197584 1
154627832 494484966 2
254965587 923918862 5
993848803 787498209 5
-612802407 74935304 5
-745697373 497903953 2
-597143660 724944249 3
-557446300 662662113 3
-620239041 2450046 5
622501787 558482804 2
11601013 888148617 5
-584938383 829870593 4
259479316 149317562 3
-955509291 549796081 4
595484460 57328635 3
-668114269 385587423 3
-351901463 263416313 1
-677199458 101209011 2
895488675 371105786 2
-343978497 636548599 2
-844304670 650107442 1
24865099 645113850 2
-181115699 453843082 1
484200506 802719752 4
140733477 320788765 1
940839190 914982632 5
664821100 800850691 4
-639241790 833233142 2
-592534036 585107305 2
-611587114 476742956 1
758448270 343707874 4
-856109869 638298772 2
-932550981 232687912 5
16159167 709299290 2
433097650 262394245 1
643836877 729259885 1
-348174136 468414313 2
634356303 927512414 1
-544466967 953051673 5
-750974679 377429575 1
-157505818 186108312 1
173275863 309725415 3
-410088418 925137909 3
-62499230 458062977 3
369073779 862784227 3
776398050 165458521 3
-683715030 711097765 1
776047666 317938495 5
379254691 607041177 4
-95069504 880853178 4
106953010 313137720 5
267027398 720159052 5
910615689 136090635 3
220878802 705239286 4
822455216 983268384 1
485422350 991393088 2
-227492146 104999649 5
104259125 972772119 5
204848919 348755337 1
-163049007 166500158 1
-391158877 942605599 4
815133787 327643799 5
913259171 700709459 3
619252901 185775887 5
-464286036 228851331 1
-454708890 712820474 3
-33730330 589592596 5
408215659 260425161 3
-800892600 980677322 2
9287706 568940298 4
-941293170 848640782 5
416509698 671703701 2
-332264951 446100467 5
150437905 921477395 4
-487336093 905527861 3
272155849 311608599 2
356839743 269125105 5
-929760363 259316168 3
-354440819 908983357 2
-933819098 234165528 5
-987988334 278967091 4
317807564 46235286 5
93642510 535711679 1
212310923 908498547 3
341056933 552504162 3
-913105492 909748479 2
-900048655 939977341 1
-622184595 14988910 4
280904329 883258326 4
-150582214 22774809 1
8492988 974752085 1
-512391893 455600901 1
-273123120 615365669 1
993640644 251826539 1
758087918 21720501 1
-106249872 935169606 5
572453335 302431058 1
-757273548 173809296 2
-716062523 322366349 2
-527596171 871067805 2
-129271022 254660113 1
389736255 420061795 5
52944997 552186880 2
344439113 319463308 3
902653759 253717233 3
-189451673 915072983 2
-683991378 967015001 1
989136832 475632612 4
-331234657 651176613 5
264630772 981981938 3
-919923924 425411141 2
946217134 991101609 3
-224362505 450662682 3
235085422 379475365 5
32940094 307409037 1
794905122 954916707 4
-487012440 432623781 2
752746610 943487574 3
169675358 206240287 2
-983566472 689533891 1
544764068 25103195 4
713150481 406233384 5
756498287 297937499 1
-915925280 969284854 3
804612895 473508350 2
173554595 949896543 1
-312174803 271458999 3
-439427409 76944897 1
992118030 893173206 2
14996852 141634761 2
628044412 747541810 1
653893992 834825948 5
774858847 201422437 1
72342370 849728450 5
845439230 815261289 5
-995161739 542419540 5
-581889648 218350168 3
459988032 447326700 4
100692309 560224221 4
746081617 661230314 3
136435548 908083646 1
-815528644 622314344 3
-219066257 492314411 5
-65592975 185375003 5
-905016896 548829304 5
-68685894 254382801 5
-699498846 629542808 1
706607609 571872333 4
250330540 5621757 1
758205071 463719037 2
827493891 950389677 1
886635068 637116477 2
-911039463 16268209 3
63781480 292565292 2
-459183823 358605566 5
-404734470 761408317 1
-40306924 674378975 2
99317181 54653546 4
971026917 685357530 3
-793588499 85552020 4
402926523 794328637 4
101737448 361164758 5
-83668816 924599933 1
526717291 45496968 4
251048028 827363170 3
-7177815 193672785 2
-708195918 475863374 3
779766223 11981835 3
489761591 116468767 4
472636802 701174962 1
-985447757 38144612 2
-303647379 535778313 2
208473303 895221219 2
119851438 555192599 4
229134018 681462343 1
633317029 507819717 1
-339805918 62726578 3
-184634532 949791546 4
-90242910 309702958 2
-432186420 922776650 3
-517789986 965764829 1
-115766073 972930314 3
-229689164 397227965 3
-819283423 102505642 3
-94062651 637372611 3
358250131 139116555 5
925278141 117615448 1
316342081 957604942 3
133838016 286700474 1
94717790 117188757 2
307614138 753724300 2
-134550314 36695285 5
160678383 418667979 2
7587169 973773677 1
-692055394 699924779 4
297966613 696832172 5
602246281 562240259 3
390627850 504640485 2
-302066007 733010199 5
-700939909 479136613 3
-797376141 703337501 4
-450023698 241352196 2
-8160046 424602314 3
-956202388 917381537 1
-53811300 355061293 4
-303563974 412519771 3
-806215664 303949142 2
-461089738 925779814 1
142091510 453355800 3
695301447 43404967 4
-995849747 585709536 2
-587103002 829456989 5
242338385 205035784 4
692848842 47397778 4
-920860432 600558848 5
-438924939 895962089 4
405316900 31021280 4
-233180874 589202576 2
441873253 424740811 2
238577861 757209494 1
-769051920 875007619 3
178341776 963754738 1
229112511 72403564 3
-315681629 374897302 4
-701647994 493372895 2
167353010 61207723 5
993062705 34385051 2
-848706727 264006533 3
-387815501 246319218 3
-763724615 808191097 3
817112706 837151955 3
394172454 596690016 4
-504015780 633256714 1
-701148773 259930863 4
-398205467 82586097 2
845169600 223544239 3
960682180 181440202 2
940969097 40651528 4
-584498915 128117940 5
643216383 502945789 3
-826112176 323238027 1
-933886606 908575619 1
506492229 396751552 2
-413780762 332702457 3
-121862746 905501963 1
-691671126 231015048 1
787600536 522374627 5
-12911445 681806635 4
375170676 278185283 5
239478679 478535201 2
249491715 29487433 4
966826411 75138302 4
-376464906 133184374 4
-846612010 193274556 5
-344289758 61409682 4
-624074503 524922659 1
-96548911 393602703 5
420055637 265857434 5
3053173 165544876 4
-396369281 543150172 4
-229160199 745906245 3
-671486434 495164832 1
673152382 810403737 2
-775323271 821336613 4
-866567527 538554656 4
-285991393 610969019 1
70270086 360995485 1
-766791381 749094887 2
-9213308 216932211 5
331023003 502002253 3
5083163 420568552 5
638652121 209537824 4
387646493 846707441 4
108280497 716151091 1
507339331 804474515 3
-708129681 545420017 1
-77365571 253945958 4
-962682557 928931427 4
-914662049 368326707 4
-816598252 254629516 2
791713382 135186927 5
218257484 209786712 3
-364135211 524434359 5
946377076 434137608 2
-973299622 105663065 4
-628404331 143952231 2
239039179 847483501 4
-904250556 849987008 4
695439247 469253214 4
-308888286 301734766 5
-130026703 689647995 4
760418764 671628077 2
344292950 519713303 2
-321697988 232210297 5
50442384 313376746 1
432211805 738399657 4
447976057 24349268 4
-206288008 357724364 1
411259101 173807434 2
534394711 783020393 3
33242770 195829226 1
654365551 990867445 1
-344050130 892284268 3
981186614 743876809 1
593726534 300129466 2
699615313 304034291 1
-875119819 776204267 1
116875998 833422417 2
476106236 74028894 3
86870430 716514062 1
-948539435 484159815 2
203380110 287629377 2
487286494 850057785 5
-895858529 625243178 2
-240615142 232159955 3
79018079 129000826 4
-803554896 605602361 2
124643665 207541843 2
-558543162 448954477 2
-392029274 740709067 1
575154707 750736989 4
-309491979 51870811 1
734402804 83899719 4
-53669735 903948815 5
-910933270 770252132 3
-55432937 560095432 1
-641091509 861214360 2
-854291561 734951887 5
602170166 701231212 5
272752437 850138868 5
-657613093 151017123 3
397487387 66605854 4
472812379 632136792 4
-502795647 146375111 3
868385299 452877101 1
-818848219 8312799 5
-235670738 49272457 4
-249147213 651045496 4
349010582 150334052 3
-986426559 360754049 3
330032907 973943217 3
-738237408 157734756 4
-373076715 695997645 2
-922283028 878888834 1
-361821006 570889670 3
-569685165 107480228 3
892044578 491091587 1
78510891 843126284 1
644876229 527004528 4
884616461 196346920 3
716254285 6343232 4
-769934052 850735705 1
-889687392 836962631 5
170560419 134049942 3
-500569681 177386305 4
-336222885 638634600 2
-964305925 460844012 2
-48497263 245574733 5
598327548 795822197 4
-434471116 325499274 5
118066117 321032821 2
-953446553 13404485 3
991432538 205521190 5
-254621232 600502351 1
-188775683 574792032 5
-292143507 953838144 3
446199915 510537219 5
-50561134 600703561 2
-33836435 33971588 5
774020603 63486574 3
-892456513 704021988 3
-52470908 101784340 5
-324118970 25198730 4
-9307149 971470154 2
-817447708 192099413 4
204613937 123621542 2
-24098983 11055640 2
854766361 24070425 4
-475886210 875872944 5
301560874 178014242 1
903394081 758184269 2
-24611546 686195890 2
456573168 36187258 1
67549187 820365614 1
47010943 996237330 5
396732473 843917460 2
-615173408 417407609 4
213225341 734151977 5
97024240 3964372 1
66461584 990690663 1
520376775 955851080 3
91684688 690683462 2
-969409297 925539064 5
-875185936 282107684 3
284743054 69456328 4
-250208850 621466442 2
463415739 979515711 2
-714930811 520116149 4
-788489516 815336611 3
7855892 679064644 4
436241530 604091261 2
-205990231 979259443 3
711672376 786384160 3
-847958274 769617592 2
-916792903 799925706 3
-450941471 873143456 3
-511589684 939199797 5
965370340 858839228 3
641576653 197015151 1
996644004 988413577 1
900887609 742322837 1
475601598 221567274 5
-968022651 838199497 1
-412006792 479851848 3
-880547229 485075726 5
587538932 392350345 1
791610308 49881518 4
-215464573 905852936 4
727552081 772549319 5
-726539190 696547734 1
279955450 786897474 4
364952985 671784298 3
-571634755 304212433 1
-548731531 509059196 4
362144785 828760270 1
-356345521 569501243 5
611680633 81847673 1
-688658609 854508981 5
-949447210 222273921 5
-551464754 321243265 4
-396180173 565941238 3
15228515 496604288 1
-632217001 809877704 5
442477397 294728409 1
-849221753 982752535 5
192665385 848339660 4
29709460 146911960 4
-632263664 308539155 3
554080136 663361097 2
584068213 256120905 4
812982791 459159814 3
507222214 897635516 1
-620948901 359745740 3
735450714 667614005 2
-621168932 955482955 1
-16525812 747991452 4
-589736680 252706220 3
-542775538 679563396 4
824874037 849849381 4
-311669060 737896022 3
-592063450 552940846 1
-896204821 743823179 3
-705084735 940061789 5
500341005 660782802 4
-148325167 722234555 5
-416822087 381252911 5
-961590186 808964008 3
-388707516 514906900 3
192075319 805681707 3
414819616 310918313 5
636430296 70412919 3
-142839831 380222391 1
-235890690 360417755 5
826060109 1559817 4
-149442410 773014385 3
68829118 740856771 3
-911436380 429801326 5
-43343380 416915346 4
-917548573 213641952 2
-89696655 572246997 4
780425690 940867961 2
357067743 644196571 4
-900916645 675675922 2
-953135537 695653304 1
-30709865 280022442 3
-335442115 360904392 2
451385064 564898379 1
-614436833 816823842 3
-44660149 22296269 1
-325947590 301191324 4
26260531 570790211 2
719313149 751213914 2
160600421 249434667 3
-648902827 200937340 2
812276256 573033839 4
933686084 594239620 1
-374392109 361392282 2
-127763284 554517361 4
-326403165 288172490 1
-405115557 495813744 3
-767813519 750223958 3
48120716 664610017 2
-900843624 748955757 5
111023784 819358256 3
-29916579 859027353 5
916820267 500311288 1
62825150 294907534 1
146979723 917113766 2
-558460521 91135400 1
245544156 518537295 2
723426548 715389773 3
859980696 443363707 4
856735662 605722013 3
-819718680 109113420 3
-713040739 239539385 4
-756607636 664178972 2
443807630 696656769 1
520238849 306100621 5
-706847334 620627042 1
-927249407 559200746 1
104718856 477007249 5
176987337 322043050 1
-581062505 492994004 4
50000728 896681737 4
-562387981 820319894 2
921719520 114138540 3
806133818 925704541 5
496152009 299736810 4
-625690582 192394273 1
569735867 565340944 2
-253744491 781681146 5
-777741318 373068234 5
-656067528 63188461 4
593944689 277840909 5
-150606016 89602632 5
289536839 292496300 4
579932599 87164507 3
-790381897 396761052 2
-267591840 950698680 2
-426949220 312440956 3
-454788973 838430471 3
733747668 120371444 5
266651826 554521958 2
-692528343 105677740 3
-746246035 414810784 4
802802048 878684329 5
543336867 591350216 4
-885506448 703728941 3
739562101 652730855 5
-886966989 864772007 1
438986048 652384631 1
-905008340 251795703 4
187019902 273900114 3
235618473 258349695 3
875937149 605583024 4
559925443 850905394 5
330684612 298283892 1
22753298 118205876 2
-273805141 218017632 3
-939546751 557309125 4
615619127 699998257 2
791058049 394035781 5
-176587212 802675344 2
505998218 3133794 3
75723731 135006796 5
54667188 922797100 5
-994944575 932673360 2
-600568330 773195161 3
524175975 44402111 1
162409093 893440637 2
804194121 93139618 5
944905382 348924896 1
729793927 996471423 1
-633077119 760731986 4
190018059 704355572 3
-395759607 743622860 1
-857446341 80447035 4
-599235182 999011526 3
710332108 967610815 1
-753555206 148482014 5
-362157700 781427678 4
679875843 663071145 5
-873102340 455993728 5
995945379 474441481 2
-648627643 167440289 2
446205457 454195269 2
695701154 317004300 2
758729534 775175537 1
-488436967 853623003 1
653154747 673267647 3
105549754 202063181 1
-278429583 690025186 3
-159115506 199307815 5
-856891339 665327863 3
-17823837 662866181 1
303791778 687623186 5
606382040 613045637 2
-233695456 737671664 1
652280314 374634912 2
-105304742 260718524 3
-7665680 635637270 2
548539692 929682534 2
357230241 757238880 2
642080875 772904211 4
587608194 688705749 5
513160256 460477258 3
399537489 895583405 3
791879102 112999016 5
498223 444840453 1
373802655 688092278 4
-14643770 587991667 5
33235270 462758392 1
-345156707 569427015 4
425832257 347396601 1
-471151228 795436051 1
-525656114 639808314 5
-633999249 791872567 4
146388256 248855681 4
581961609 50049832 1
-827124291 743985549 2
949370746 58678468 2
-936133563 803306200 3
864752990 88481057 2
99873757 871394957 4
365269259 272285612 3
532946656 686939836 3
-831001255 583099734 3
-595771949 257698357 5
184223430 470269512 5
-64698105 251032448 4
296250229 635619043 4
-134482884 511932624 2
977212246 494904426 3
-653534171 443419633 2
845018311 663756659 5
702583716 225066782 3
-749805042 40902271 3
876242657 827777202 1
890100555 208215921 2
939865030 708091639 4
766420265 210502686 5
384572052 142461024 2
-281108121 660253648 5
-888349408 699642872 4
868365954 78545872 3
80551506 463751332 3
440137172 679067299 2
-290817616 343971770 2
-818964788 993647963 2
772249760 497076713 3
-550774106 474827664 4
-520041661 664621611 3
-41906873 762209519 4
-946034859 702030655 2
287985772 880146110 2
-627648653 508073226 3
-321324059 445681977 1
985780858 870541470 3
308011628 394032250 5
-871463494 410776080 5
622938689 958138268 4
656551977 395710579 4
-634807938 576229109 1
807910541 499769107 4
79148220 396091448 5
622956091 457202652 4
465784506 344683842 4
448113929 415592546 2
125000189 981006111 4
719725388 742405449 2
-365550963 158489739 5
328689295 706802840 2
-676854260 485511387 1
656052696 393910901 2
820412788 354295930 5
957094387 176581415 1
-736699092 343649510 1
-187665974 518154378 2
448073883 681754933 5
-14482013 111300702 4
-594797421 42326182 2
-231851440 607702781 3
-733360246 177653976 2
-275584460 609306077 3
-715039926 145861258 1
-561702493 612594069 2
-316289960 599309562 3
-823626274 654785503 1
179177267 984360177 2
-294128988 94759065 2
557399875 855462832 4
-801351569 915473659 5
712625436 813983225 4
421640188 333842417 3
837238120 619088395 4
687015104 379265053 5
-645045366 578593780 4
757490133 499052889 2
-276233688 359378580 3
451108836 22844762 5
106473882 312002116 4
572571395 768177276 5
490370598 681496274 5
-892927872 347446574 1
-822470383 274553541 5
-561537017 200906160 1
770328347 343367402 3
-585662189 842911128 1
164269601 752457737 3
717186141 160472152 5
-36249079 360365452 1
676709974 994562704 4
83312729 390583606 5
-508887590 929523403 3
-622375426 193985543 5
463600704 934358196 1
769896995 429033706 4
329603397 54515290 2
733622848 622666846 1
694994225 218734666 5
639059993 647319769 1
-264058420 932707291 4
968032064 80610451 3
-18851449 297573861 2
-149448768 909476717 1
-855240516 264260872 1
-788638715 461202957 5
826228961 869907186 4
-160752693 243035698 1
-676971946 1413755 3
-5697587 62740450 2
747417154 523328436 3
-533039036 664654934 5
636999867 967001096 3
329731316 717020212 5
378559232 191216370 5
-505987576 281697023 1
-685731194 354110054 2
114906784 598713276 3
-730417965 209853859 2
817250950 13329844 3
-981688260 681450924 2
178918558 387178307 4
-342168191 905472829 4
543664524 327521063 1
-472810145 912203702 2
821285654 726146018 4
153467893 523347367 4
-142179724 955896537 4
-211513568 993811483 5
-536705165 198530896 5
-311981049 936673805 2
69565100 465342611 1
-993597215 416942992 5
-490385751 270154788 5
-479909083 379768370 1
-97027609 583343975 3
814591368 352011856 2
-913442767 453016113 5
250714089 614401500 1
-767611536 119882081 3
-949178705 434400173 4
-459474241 252751323 1
-817646842 478229907 3
999697085 636036334 3
-787243211 718175622 2
-37947555 914671193 5
858069751 741007999 3
547952012 590916505 5
-757468848 843395436 5
-720757053 623209755 5
-448657882 430613687 5
-380837413 355378934 2
680925521 933071445 5
-65375126 437167602 5
-173790693 423201599 1
-205817054 872344323 1
-867057934 944353068 4
-783389096 72729631 5
-340739141 566823722 1
903138707 510735797 4
-956026275 298220802 3
981848703 458953261 3
880621700 31802556 1
551325309 942644248 1
343935884 61728959 5
-784279617 821056391 5
-831245626 439220948 4
365435010 288652096 4
-875247350 826534440 2
-603977927 351026516 2
859831464 107085649 5
552034791 114129050 3
996222147 848745788 5
45512000 443587796 5
-65909300 319771022 3
274507390 709111382 4
-338063965 96413195 3
-769291069 59557141 4
-650450311 490247130 1
47388182 281900131 2
-186738414 656887797 4
-589665321 882212187 3
149183499 748727658 3
676022230 390102320 2
465658095 890836732 5
-235529116 84377375 2
881779188 50134698 4
-899725589 925362065 4
183346252 944218103 3
911492500 471149895 2
-370657558 438180733 3
-553774278 266242069 5
764332132 295434718 5
-916920228 391501790 3
246849131 682393492 3
482965153 919162941 5
294583974 52769628 5
554414295 272620450 5
-586884211 963231925 2
-186199998 372501333 2
-856647080 278138270 4
700482750 695736174 2
-307240048 926432718 1
-840259904 241861277 1
-744879972 333455515 2
-3552187 648273002 3
981656080 434616798 3
851263508 161545931 1
-314659553 15652387 4
-947562092 742619236 1
117749070 113812738 3
-500741480 731886514 5
-512589950 365311467 4
-856387345 220675165 1
968108726 362951703 2
-435834567 38218113 3
-708090992 424540655 3
-296493387 887818903 1
321377033 114893410 5
556961275 259496375 1
-35028423 962501727 1
223818636 388238857 1
499379256 790010494 3
129166384 125552039 5
368156600 486197584 5
-823515822 977373682 2
422208695 546637837 2
-200365051 379653663 4
-837762561 567447615 3
-914225548 470972743 2
879082374 685503203 3
-733045784 827738275 3
199290017 790770465 3
198642630 101490607 2
-971794092 652814096 4
-756790043 179074209 1
-241589231 740791066 2
-634497347 782360909 5
645880511 242962681 4
-452315468 668932633 3
780218980 388640624 5
122215779 590748383 2
457115730 527700572 5
895403390 167737491 4
123490190 769028591 3
-14418196 41600406 5
264978667 998759617 5
45844314 873504598 3
-829770796 140442730 2
-748430005 637569039 1
-73213656 473688096 4
-781365504 996190454 2
-388692748 381095967 1
998243990 327156196 5
856032837 221768269 3
27017087 831134730 2
357622350 909077701 2
-420204683 307404313 1
781054334 642561678 1
32356795 57315741 4
-695698522 543178123 5
-654697596 632623449 5
803675504 637438598 4
85191280 843429442 5
-908128787 971043800 3
508297743 89592171 4
-954667428 717075896 2
-784709135 994368308 3
-394260481 791029992 2
-510489406 382840277 1
-45412065 56979368 1
-27364051 751235865 3
161489183 497460198 4
683072704 150935012 1
443546027 685553747 1
623462023 154012566 5
-568988627 184015650 5
-480773105 530469531 4
191879589 970886277 3
-344121079 778268885 1
202646675 977995035 2
-34873648 879783098 1
-235799854 826471806 1
-827226060 42585278 2
-167928137 889365075 4
703870010 860249763 5
286506246 795909188 5
860688111 284700375 4
-813698432 374447799 5
726048902 319146930 5
817875793 216330416 3
789122956 706164415 5
-748799683 642611899 1
725021858 363981362 3
-439243775 670998554 1
995655422 853558897 1
-222753090 461675014 1
-751407887 327757562 3
-994432797 103672264 5
-467250301 236393394 5
405820915 844170926 4
-212827083 450859347 3
427876576 93668170 5
-178021771 61439465 1
-209769988 754222154 3
-187647908 871960654 1
419022630 361854576 1
66106994 807172815 3
-411410416 316898841 5
433808611 226738306 1
-487296873 759804518 3
634866735 82074978 1
619091728 142987434 4
-940964803 971200544 3
279868622 501690153 2
-552211764 561888176 4
-994446554 720695374 2
-753348948 609787216 3
-830261550 51846447 4
-274121148 964649422 4
19562160 981941835 4
326395687 54068402 4
-894338602 259103689 2
-709265737 182799403 3
211112354 498324653 2
-231378540 47080958 5
694379559 64919910 1
-71362164 300058741 5
105189533 2942692 2
-302908509 580666919 5
-792528447 552285629 2
-672757393 837494855 2
216188794 226706773 2
914009065 186142673 2
-420329069 697804546 2
-647158334 49977269 3
-522678484 270187649 1
292037933 723610355 1
406165439 612846259 2
-808876951 907759483 5
560843773 761652450 4
849094614 785594341 1
-718501881 807081510 1
979625340 246246276 1
744711061 868529775 5
-465712886 224650509 3
533175991 350416108 4
645669293 24647886 3
31657058 595361653 2
-468303715 912173675 4
-726392981 741223626 4
551901188 160420293 5
636966094 818943503 3
192183058 640401990 5
215858263 372297273 2
460482585 87599322 4
-450010512 469527543 4
-911875256 872049526 3
-827816454 850720623 3
-133151896 190493927 1
861063859 322765215 2
198158251 56952955 2
836055643 47757152 5
-115496687 327211117 5
342030001 916370805 5
478324365 871606902 3
-427417903 978982473 5
219922482 527117603 4
695917202 954333137 1
-327753195 275167819 4
-620620697 903463535 5
885924590 78629079 5
237289385 346897721 2
752269777 65778835 1
-548816113 275433296 2
-504276736 716416843 1
925103946 119087912 2
27100481 834614667 4
-832031904 920132089 3
823606710 430274557 1
910637459 723268133 3
1828951 51148220 2
-577956445 887173117 1
66648746 792984369 4
-610121076 818220702 4
-242083649 210947938 4
188702105 4284587 2
448565635 51345175 3
-125237991 16709642 5
-472679208 538061829 4
-985623964 126915990 4
-86822329 160511668 2
45286915 757993498 3
130349879 81696992 4
-242659302 871359674 1
-605668680 529847704 5
653163890 446101411 1
-962775074 211961651 2
910984004 468977931 1
-354424171 983823805 1
237403213 488085576 4
-361233354 592574753 3
900648680 615719595 3
-994542304 261790005 2
145133509 208478943 5
12487095 209370231 4
-540093877 713946758 1
-233032108 221367352 3
780163127 693261538 5
-465768792 828588846 3
-279557580 200654068 2
-360157754 298804860 3
126286769 150022550 4
755994603 888515068 2
-557281370 877774118 1
926613642 397665665 3
-980098210 489170137 1
906088426 294799207 4
823369346 473904489 4
827468386 906071187 5
111598933 384557102 4
-126328584 238808587 1
-171259233 205161647 1
-366842570 185230025 1
802908863 238850410 4
-481247203 90568070 2
-787154882 951562102 2
-165799119 41927233 3
948159945 1981153 2
606830359 324361743 2
624742609 261135913 1
698999500 665173439 3
-272831202 503193906 4
54665721 159432481 4
397529151 253941710 4
-603101651 552200363 2
-42573941 454254958 3
-667590607 198794485 5
48754100 337155763 1
350565032 173620805 5
102146464 65053973 1
262968677 924477098 2
860958925 933236072 5
-949694088 888344533 5
-540155727 810585701 3
-332500715 914575846 1
-434769200 831382317 3
357816231 326623179 2
250456384 105100021 2
781985132 459119453 4
-855668001 175821537 1
-953146842 216959135 4
-422773785 526308242 5
957660177 30377453 4
-785779497 321572815 3
-811217754 984586952 5
-186221709 700906569 5
595656525 816072989 3
710364441 70310138 1
470250411 169735294 2
323351605 234671493 2
19280894 540995289 1
158634515 436857931 1
899267529 650109272 1
507050765 24175765 3
-605973002 19306039 5
-310354013 993611752 5
-727585546 469093302 2
-78384599 303836370 1
-312616916 562094162 4
7767530 210348660 3
-473053543 965386983 4
158794692 178091162 2
552636194 988614077 4
20045657 262336871 2
476485008 129543017 4
391194175 230043750 4
-854585079 91749104 3
240542153 764222000 4
462086654 73577751 3
-694712520 682142850 3
425005723 768198887 4
462519377 593221415 4
603997349 608375961 4
92642858 657984634 3
-673623846 807432882 5
-713512389 210264809 4
758766826 911081335 2
-550487436 886152898 5
98427248 947794227 5
974309457 9128756 5
23533235 299377303 2
-973582044 274216281 3
107937125 80626615 2
619816673 642169771 1
-676078666 278543053 5
-397860331 456618199 2
-587490312 611055625 4
-790269780 174333695 4
863341386 197925526 4
507920243 670827920 4
-377153002 67721301 4
661972903 932313291 4
409363247 976530281 4
942348288 244538888 1
657656663 630520251 2
259246020 789506445 1
857484948 400210888 3
-533355267 497663196 4
728295442 622490535 3
36095215 523357143 3
814990374 445628093 4
-959538553 2329601 3
-432759825 214523219 2
976354418 628551795 2
444284195 453145259 2
-295625622 884970452 4
314967490 104893017 3
-890403194 791182091 2
-509942882 750449554 1
45807838 389374338 2
146293267 187035681 3
551616438 89138535 3
-188822713 412173268 1
500977023 180743759 5
-410233371 249579953 3
-704305874 986000708 5
158553310 304233645 5
-575680557 575512356 5
-196989465 621837451 3
221350200 477908793 2
224406527 787076214 4
184686480 970591602 1
37231875 130262650 2
-259703239 49664746 2
116367384 279417271 4
779151452 131988368 5
-911960344 957765388 3
294764383 368543943 2
-197901742 370863370 5
-435914534 502163835 4
719170687 79796336 4
512493353 985960762 5
-960779485 637978739 3
47252600 910880716 5
-288653763 517153562 5
-334791039 492345656 2
698893227 599714469 2
-888098953 365992762 5
-612871135 820508053 2
618112571 672226960 2
719165933 399332436 5
865680594 548396656 1
177802426 455307601 4
289151598 951232250 1
611337760 55602996 3
700381729 267968100 2
255953451 922920192 3
-796105280 931483614 1
413869319 39782083 2
57197812 695243035 2
548613484 531450338 1
382954411 283653161 3
433644342 380280481 4
-109904250 165865084 2
-505939004 913134744 2
953055354 579083028 4
674383745 142180098 5
543435341 950240174 5
-70265319 729069605 3
36302337 870454004 2
452347034 23128014 5
-499610155 903969439 1
-164179811 152620934 3
910399907 370706237 1
-66525662 606546940 1
-167903237 426652299 1
-515029408 562704435 3
129811631 781693109 3
447377295 645174321 4
582731059 389259146 5
-742359584 821224555 3
392612248 708710722 2
591828593 202820778 5
-68230220 932659170 2
-331726057 629888271 5
-611971278 607768656 1
753552414 332120460 3
-852130510 392260336 4
-14634433 562362434 1
516516793 507119428 5
308061041 791159040 4
-699049297 70549026 2
539000510 365075391 4
244499060 160749070 4
7814950 265043612 5
-663662184 557387358 2
566408802 402464303 4
-297888693 347219243 4
201403280 445740714 3
-226670487 384994173 3
-968636822 471479321 5
-213369063 919521546 5
-232733103 309855436 1
25732824 109143213 2
18255211 78089830 3
-277591592 429712634 2
370292153 254117195 3
-329272424 37518011 2
97281794 617676477 5
-744186249 543906490 2
-617758264 588969300 1
485667416 662035853 2
-575318055 576255759 2
788755871 175380461 1
-292266988 147648193 1
967952553 320022679 2
-156123750 228452162 1
-946016081 367748923 3
-333556470 671932904 1
25603076 97801285 1
-386134056 220896601 3
-245248780 854555392 5
-827059763 426693545 5
-216361679 794013808 5
-936087073 315045375 3
55881388 55660772 2
-735800509 217759055 4
-609889215 397220501 4
754560597 588729843 5
412466775 290034258 2
-299281459 342129474 1
-125595863 100570886 2
-814460164 591914410 4
-467472855 775266167 1
606285193 895978399 3
404117377 366679108 3
-278204414 385060049 3
854774154 498174620 1
-21524395 200058514 5
-271015343 772736253 4
790378846 654100645 3
890516841 465652292 3
-338501104 359853140 5
-324404624 801826175 1
-847741967 239288818 4
692339654 447139503 5
-517818390 544739130 1
527212832 788801594 4
220712350 666581184 4
750586815 46084865 1
77164767 156911578 2
9123021 270644243 4
-683541891 675635029 1
-849082526 17696798 1
999560554 585316771 4
-748956675 259109195 2
-417370775 34851224 1
-166948746 325612233 1
-428785737 145777402 1
592715509 884178180 5
-520558487 824983533 2
-286666302 110807366 2
-62878303 188746780 5
-374400808 854741809 1
-170033644 935590061 3
140060946 764995653 1
-474046969 330157251 3
-878881826 163420205 1
532228812 253004023 5
210987333 711780153 2
746413531 597132336 2
606831984 315575251 5
-8585174 206310199 3
573572712 278641307 3
375360558 357913281 1
122159825 331858111 5
-317584327 262011315 1
-379854251 858122636 5
705134792 929419474 1
-133677734 409932257 3
789584690 989018049 5
666307039 374000961 4
30984850 521908450 4
170072772 624571010 1
290762646 336406216 1
844240409 519266690 5
-819882449 569541854 4
-452269946 716702603 2
911579537 224940538 1
-147669899 86530328 1
88548928 931348225 2
-392715636 803913921 3
874886891 976473343 4
791619177 352838189 5
881938142 667625030 5
-690376034 48336096 1
-590052400 156397649 4
835496828 298939881 5
-133441209 455468707 4
369778208 342656720 4
-133115054 468052896 1
-878239583 475544950 3
-982585492 140750447 4
-885630973 372257929 3
-532737934 127000684 2
532439642 998700563 2
548391765 851610481 4
-332770180 264844457 4
415813207 325034155 3
-446576028 528973166 4
-550076429 743236023 1
-313570731 973886824 4
-933069071 895587046 2
-916326033 978908865 5
917658962 544444073 5
-319328167 604948893 4
480542038 802051408 1
-569715556 350769056 4
664889111 450155229 1
924884207 495242292 2
-355759849 129183101 3
446043296 720241385 3
-322497494 715029745 5
963651149 798855147 2
-74461476 54518352 2
-260331073 685850064 5
669900948 971745102 1
591691368 827460988 3
144002622 838512517 4
-813423167 67081575 1
382728955 592081338 4
-224523986 253913569 5
-914645115 469829547 3
807574154 760272101 5
-613258802 620088867 2
797414297 250202589 3
790589348 915083073 5
-162132113 425445456 4
535050466 592811205 1
736327586 245775318 1
-773893328 413878143 3
-425276179 166382467 1
243803744 188386015 1
178569977 550542188 3
-78619482 181068142 4
816106024 494198305 1
-601820783 739683442 1
-508117368 918941963 1
458933673 730627525 4
549356845 126944127 4
394592619 829607628 3
-30001027 55260718 4
71912676 245013997 1
46984729 720458900 4
-434826431 123106361 2
-491339581 504072802 1
-182179922 411458248 1
-38484513 253122365 3
441926986 833779273 1
929875095 469433181 1
573283049 24077365 3
-890687388 498060734 5
-63385096 162825137 3
-459062670 8302039 2
-416900694 257121253 1
90359530 538093729 1
-196505484 516682179 3
-131576018 303246766 2
440634819 594656808 4
-791749972 901395563 4
-975975137 638774127 1
-301735148 878398752 5
-133238693 982592533 4
62601845 83397954 1
644581413 782755960 5
-433826378 920270281 2
540643501 668300198 4
-602184113 230228308 2
-305435552 707513050 5
774041013 320086147 3
576438738 312150986 5
795024273 305284660 1
-399123099 385046692 2
699563724 687446495 5
-289172572 40021122 3
290844596 890004032 4
444581707 761508015 5
659655677 901831860 2
-160877448 641442305 2
230979281 929914964 3
25163996 682881647 3
392952097 941105405 5
-728734689 416536326 2
10315046 781717587 3
-395935271 529384800 5
694895665 608752336 1
407665235 108408314 1
-412711260 135613403 2
137890000 619550223 1
-736207836 361585408 1
-921008194 619797693 2
-425231248 879459286 3
-376397480 963301571 4
-715615104 478352254 4
510391317 536044790 1
613987825 114550904 1
-174085300 991736395 3
-399653069 15299901 4
311169153 522673171 3
248720521 196350662 1
-289325807 98513632 3
358175247 799971683 2
173056419 281189544 2
234324125 288718954 3
-161841747 809290347 4
492769600 941295798 5
635304313 808597626 1
596312893 648913258 1
-234658901 3221754 4
-397761129 762168258 3
505051001 62649480 5
-904664927 464835888 3
-698220221 786125959 4
203209057 816458132 3
-713013112 263427185 1
-727387330 69290504 1
283516940 470499636 5
-970238307 17326900 5
493909012 97927175 2
-45774700 544416394 2
-401414768 838969708 2
638908890 874950269 1
-161695503 746428527 3
-854890034 754298025 2
788452737 851438010 4
-57216017 15254213 2
75773789 6076969 1
246772102 587452611 2
126985338 206879187 4
89249069 940395923 4
-850728306 285007497 2
800931318 198070621 5
-982973291 25936613 3
-584129620 835116773 1
178219317 237504147 1
-75621836 187329610 2
-312116156 389606797 5
-403340884 354771421 2
34135756 629797117 4
160134294 8601287 5
-446838309 136269941 3
343476183 714622928 1
-933182738 260993684 5
520756576 8952205 5
126936404 345238535 5
-363557818 784636103 4
-728515722 921879692 1
-578606750 48787537 5
-793589703 920718796 4
-210237205 351368675 2
-906145919 197088387 4
615493752 546151607 4
-681789894 358917953 5
-994322014 4979650 5
8819065 304158272 3
-703241312 471874224 1
-872782130 455847839 2
-116317981 404077427 4
-139822677 733844435 5
-346828900 700270880 1
-968346407 920130510 3
392094773 88419025 4
-16868271 821687605 1
240706300 547303959 3
-106521595 632973613 4
453521043 981536773 1
816131109 174740093 3
-178967485 418285562 4
-241296094 628556803 3
-654495666 556497307 4
741850739 658580160 3
-244495690 425160351 4
517353804 391851681 5
-55198668 244803717 3
-650469680 304708403 3
-925876484 394030263 4
-265102887 262976246 5
-41092567 542713198 2
-670621498 134056347 3
-34413869 221069179 4
951235989 857154542 2
750409309 249370563 4
-635228814 542950853 1
800606701 675244083 3
331843122 595042139 1
-136088907 458359256 2
991492955 922160316 2
-254197048 956130171 3
658143516 338403163 5
220150674 697197409 2
-596252117 84938973 5
-894758954 265942465 5
884912883 88244889 2
-677642174 246872885 5
296245874 93310846 5
-738684449 428558572 1
460379492 833797442 3
731891233 116270463 5
383746568 734889744 4
511709829 152375629 5
964553703 928783094 5
9402668 271265648 4
-722171160 20502309 3
-484032062 338054478 5
488384219 913222261 1
-296468880 549058313 5
-984262141 781814678 4
-490817968 351951509 1
-924963750 475820886 5
424150029 242538365 4
111397122 741800150 3
654787186 596332266 2
316710047 430512031 4
174878037 993993298 1
830285811 893184483 4
-294979620 296915448 3
-880148795 811099613 1
647567809 659849377 4
866440993 519503651 4
-952405266 463654017 4
304090595 326442294 2
-429880181 49895350 4
-378856161 365274429 3
-521569035 730958538 2
748307862 218028188 5
-34053679 901010757 2
-884229096 503242274 5
-926442827 550847030 1
707680301 140078548 5
-962219368 474408601 1
291630452 305010090 5
348775402 147054095 3
-719787096 648277379 3
313250180 206384155 5
49727753 940908874 3
-698093342 4005386 2
934323251 558622185 3
191650914 813809280 5
716748628 321933346 5
594005967 695240254 5
-205851149 640790563 4
-984852845 242224184 5
611466101 75490791 4
360487833 406785905 4
169050719 265499132 4
-374706761 100798705 1
694436255 483862661 5
180792663 965370836 4
737555142 661629761 4
351791234 310153466 1
185942051 234304612 1
10221735 272668868 3
-296932709 36927875 4
-590154864 259992013 3
-897279786 776451857 4
463837825 530341715 4
516902345 123917561 4
-27513157 327800346 3
182710638 229016331 5
-749982576 678460709 4
117109547 70798926 3
122468371 780423300 1
377296846 105273055 5
-466321961 61922501 4
-982324436 458982164 2
-208149648 974174524 1
442239465 122840161 5
354830430 296647476 3
859735948 723089212 5
467080298 714209717 3
-120126259 660013373 5
473839078 585191980 2
869930874 539109210 2
584560023 375219024 2
960061759 18026229 5
145697217 54073794 1
742856398 36555357 5
-123251392 445470710 5
-900625932 108798255 4
-173118050 218260428 1
826851108 734866597 1
594752322 672319223 1
-141597326 788220783 4
619768224 666544561 5
232833322 990771759 5
-579149019 536460651 3
369053665 679786070 1
467978995 875978193 5
-290515037 326910150 5
-221328026 999448572 5
766587465 72047137 4
-244520319 885595545 4
208127685 754039128 3
5456893 34569037 3
116887472 274432348 2
485362786 376575836 3
330590456 438416236 1
-146969981 871622235 2
667180590 819078850 2
-865883425 913739292 2
135406285 612772097 3
-361867957 50903319 2
-795390882 194550056 3
-836704805 756027849 5
20862783 450615224 5
-888883368 706619070 3
29878010 219519320 3
84434722 336519381 4
213670890 25818911 3
-627783345 928196978 4
-716704048 323016139 3
535859487 674308405 4
-17856042 76885711 2
403849786 516716687 2
-924213675 115804968 3
148019529 221782548 1
-887536393 520782870 2
-832239221 837823614 3
-904603139 530766836 5
141458336 639120776 2
-991873231 299130409 5
309180885 664030758 5
-125556646 881090189 1
820075399 509177725 5
300195579 964850503 1
620925711 555962704 3
499871897 957938612 1
508902991 97589273 4
-292017505 25652374 3
-438933900 906540042 2
542816745 246642581 3
981617604 284513548 1
141533814 925505680 3
418450415 974982898 4
-494686147 902200935 4
246776119 559604160 3
-890028250 203352941 5
-1104669 142533840 3
-298612260 252505536 4
-720160025 150973894 1
-122273438 669440551 5
22326244 757942273 1
-4192708 733219296 3
774048228 907889820 4
549166133 634617243 1
-42784560 162654958 2
513848622 407839183 1
-337404539 731585525 3
-579290659 374361329 3
260582503 95266900 4
135913251 556741075 4
660226434 246372848 2
810566864 194571790 1
-916598594 795174327 1
-209723758 710917718 2
835315986 362484976 1
220945692 710109378 1
837779917 624413768 5
988892474 994695917 1
549972614 583613904 3
-318433748 650370394 1
946293620 205506947 2
76078494 88615610 1
845808851 427340174 1
-209335326 766327761 5
323709263 646069602 5
580240208 789617794 5
-693828546 829323231 1
-286998703 659419350 1
499302696 597016239 3
-778843316 435737988 3
21108663 191736575 4
-910305892 633704655 2
925965207 504864627 4
321950175 939368105 1
-627224266 722293790 1
-187326878 137770364 4
-50802101 816837266 5
-766096574 925943786 5
-869008272 743364188 4
325226887 100593367 1
-959914574 847004125 3
-290211750 328617566 1
982411338 562890141 1
-426350998 872896220 2
-260661844 69135027 4
-935119585 697922454 2
-631723438 282732794 4
-442226303 551869879 4
101648078 792467215 1
203048038 384592240 3
-412552229 439291031 3
9730322 172585783 1
-118206908 792203553 3
-408546168 295863930 5
-580639041 770276131 1
-206838357 208490507 5
-466454056 386171533 3
-75518731 192812385 3
841715790 865812183 1
623750534 207779605 1
-561568585 739973144 3
766083806 175481378 4
349979935 649085316 3
234867883 329567049 4
674090282 354897983 3
668159290 777072062 2
906471429 652740913 4
307520451 877082939 1
-318454343 211271351 4
-327163088 822873279 4
-106173847 578200476 4
191957982 413808913 5
-419407649 22397029 4
-484374371 151338259 2
97330712 297596095 3
-215658586 444957305 3
146728297 543976251 5
578722053 834566418 1
-999613165 506552076 1
846496003 438701068 3
434694320 115147621 5
421288838 130541984 3
129937633 905413601 3
-900655830 428567382 5
-857920798 199961636 4
891492416 298121863 5
887757921 820740221 5
99524643 254397650 1
237230621 274185352 4
-899387226 185089876 5
537272833 434467052 5
-60883940 172803274 2
210429102 763446746 3
-309663742 592152816 3
536011590 982463360 4
-732790008 535672782 4
334235109 667667299 2
653471038 40958055 4
372420933 292996086 3
818211725 3885894 2
-378035653 211816139 2
827878062 579618314 2
785219535 946977317 1
-583859843 203203889 5
-419847105 139399984 4
35084332 959968008 5
-987468139 403533193 5
-710057968 938273587 1
-982295563 312228379 1
601928230 541420783 5
-300580969 250644434 2
10782955 444375299 1
-365212523 510145480 5
-454427436 425109073 4
622298301 445047357 3
-752407963 949655079 1
895752109 53213322 1
-820147519 419294991 3
-741226308 576375567 4
64097538 510591925 3
-298417807 798482577 2
-789167943 356647596 5
264000517 349606621 3
-221314922 842767379 3
876623163 885874360 1
362983638 420664577 3
-193240824 687597062 1
-724907406 527766881 1
-315967819 204418182 5
-63766582 379036406 5
-349375343 31420303 3
592311072 569046177 1
-976868367 174404283 4
-407098209 252599397 4
-604843143 822039319 3
974056150 927406141 2
674193730 492737839 3
-682266135 477689548 4
-377478738 354881958 3
-627973555 20272480 4
-848977770 801632807 3
-700277331 821799788 3
532019073 812112124 1
951560140 258371641 5
554250010 943357198 5
333424088 741014956 4
-318037482 504903613 1
542560494 993863880 5
-469477411 54101559 3
157671712 344441534 3
-222788293 447723964 3
-585723343 816575227 2
562952563 106902975 4
-90197030 393123002 1
-463821933 966366811 5
-527164865 133317701 3
684301726 253250007 3
646043347 354958104 3
-199863370 404543906 2
425120732 850511424 1
-414656591 733635910 3
583430705 789005567 2
-471857492 216070107 2
-440861693 639822644 3
150739186 981677138 3
545195780 472714478 2
592291293 365293606 3
-947753049 781080654 2
721540424 40293379 2
-24511661 182558464 4
-16194517 237644095 5
-463136108 400659121 4
100979648 141710657 2
106283549 732033216 4
-475556282 953763978 3
443022939 465996987 5
-424707403 120925603 4
-437695717 266573912 5
940253439 671076474 3
-201025422 587424125 3
-293674714 36449334 5
-227671051 475557459 5
-483879783 471726802 3
-284898901 720792257 2
240570394 431100505 4
-252884866 218316334 2
-196611321 853474087 5
-172163521 62547699 2
-973051005 218499090 5
736264595 834880585 4
95727749 965943096 1
-772300794 476065088 3
-635533268 507951575 1
-171898386 498632782 1
365160494 588230977 2
431027161 304750870 4
-141969090 549431296 4
-807461238 651279179 1
-546690897 586205120 5
-55459843 147782836 4
401445912 720285039 1
500923911 596496750 2
-99011427 950073379 4
273532968 970129607 4
-868190847 377862169 5
819036439 491361738 3
108442106 526782703 1
-722430411 344016826 4
441352325 736274148 4
-662422528 653005536 1
627147872 477734803 5
467041662 443711885 1
-754783237 480867627 1
713340237 460777138 1
615242350 96820030 4
10495720 327327814 3
911746930 17390976 2
444727315 506601496 4
-469012815 380258514 2
794074140 434914439 1
704011077 663972658 1
40291060 131599449 3
881974232 224916697 5
52510944 494312985 4
-79843396 570963982 2
-104237221 272686851 5
-443682424 27442293 3
430185975 456896144 2
-88554147 386746067 5
959147912 720642739 5
-896928870 479065490 5
355256846 790942209 4
782470861 182422914 1
-154976982 416508339 4
7258153 280531346 4
-441079309 364532576 2
-33094349 743327996 2
-645314447 709056503 1
834035278 729197299 4
-436183963 173959407 2
-917101421 595154672 2
-256056457 700314209 3
-95110999 70484172 5
356432088 854596764 3
746661569 216831409 3
-205990762 176986482 2
15534231 456572909 4
-493427499 440355445 4
-6793344 843546807 1
812701868 914121133 4
498400654 826304448 4
-903384934 55889043 5
-452051034 334429511 2
183319845 165126762 3
-179029169 253908634 2
-274988437 924897695 1
529141434 802592144 4
154165599 869896644 3
261544069 778539986 3
-852518992 690079154 3
-365528241 151154213 3
522685124 66265154 2
802473787 796757510 4
362165876 273845236 4
523213234 193416820 3
776167321 652697521 3
929387541 466685676 4
747868283 776957069 3
894428634 986561381 4
-444684459 431998885 5
-265088755 519261797 1
548232087 399049557 2
-662971664 743332652 4
424844223 784019147 5
-123399640 45903914 3
514283415 421497928 2
116539283 896471916 4
482248619 866046625 2
112791290 134854677 1
-222034561 510434927 3
536226849 962624720 5
-84690513 36346316 1
635874296 86920662 3
765566229 931162741 3
180421391 164223514 1
-916442794 38473097 4
-956401511 698727193 4
925635945 914635951 2
508022693 616363906 2
-414042253 448296570 1
245241938 896384789 5
-91085421 939084108 4
-870975366 32817616 4
752878874 199960580 2
-508971365 596071130 3
-284119040 395210040 2
306928069 15243528 3
767963550 363427743 4
282644489 891702022 3
967093734 612360898 4
-713113235 574952986 4
981225527 455157729 5
718186539 974218247 5
987366914 897007381 4
597691667 852406207 3
-248504715 369687900 4
229553101 99603374 3
841961522 472223016 1
937264993 536981384 4
692903473 199638624 2
-510552364 112874670 4
517672948 556494721 3
721531686 666013182 2
-555363422 623487668 3
-552165437 531424974 5
-377839899 19949632 2
283032071 70209763 5
-857330900 690255062 5
-996921601 123202130 1
157774131 602730085 4
-902106893 651326658 1
-388282987 774054462 5
163194685 903628275 2
-74867032 354072867 2
637401298 402168982 1
968525251 228301854 1
-461205849 612139140 4
-921166315 960013887 4
-127902011 647457215 2
-85788678 324389191 3
-275352572 692584000 5
-4051671 307963936 4
-933331719 862366040 5
684914013 71366149 3
503142689 534764253 1
-769836488 712525586 3
-839188804 417005008 5
-26327638 297474692 3
-747528627 927966901 4
776208058 112043140 4
687793317 535984898 5
114018202 752120495 4
153208696 581214706 4
-921034717 566917113 2
657259936 26122074 4
-779889501 20789952 5
-812628837 207710895 1
-874254135 483755410 3
21088827 543442255 4
48481825 366955519 1
-275264321 332151763 5
-292343834 945892096 2
-597191980 567899656 4
902750341 944111585 2
973721007 598541416 4
66409645 871001099 2
-730978406 167723791 4
902987949 894494872 1
-847593762 683643841 2
-485478430 717432117 3
792278032 488761505 3
-424837535 91577143 3
-420061074 856102024 1
-390069294 647916634 5
582202694 47315724 3
126128685 613040255 3
-785520176 931297619 4
510886452 607145570 1
-130703338 397784241 2
-711177883 513839544 1
-944277856 209962666 5
-969340221 539738650 4
469102426 852657023 4
401322128 404938947 4
522885385 629468990 3
632869885 313254417 5
595130643 606385240 3
960832643 699222961 2
98827184 516458802 3
-604308699 919004976 4
767533226 159349212 3
681292899 768223908 5
-348332945 455334964 2
-171539664 437824102 3
-637172468 210438303 5
422278268 208227763 5
60650629 656976595 1
590158252 937394739 1
632163856 216997913 5
908254042 820619181 1
656390937 869851682 5
-631275700 20254674 5
-803631294 438997147 5
-146654024 47351773 5
-410472928 906095687 3
460919059 660086137 2
333626508 926003182 1
603711227 916782014 5
802214430 336240775 2
-172292251 218376438 1
75141983 105373093 4
-480824867 256373269 3
-904748168 631138781 1
629425142 795910519 2
137185583 178656444 3
-877182931 99006762 3
231400449 150927502 3
-829756441 950439005 4
-76471406 532866291 5
603563610 241444304 5
330815814 846983221 1
633115839 664965161 3
776625764 899999468 3
255676336 694569055 5
-859784263 614085220 2
360673531 214986793 5
-732470502 220970400 3
963350535 564469470 5
751273166 540840053 4
890132115 119879755 5
-50784687 770337433 3
-760740900 590622410 1
856493860 423791772 4
-251742751 304202860 1
-108009127 425102478 3
-153658841 187646909 5
-416396110 361236912 3
-607664494 940507185 2
-537580314 955094291 4
-480272065 674454266 4
316278362 556554425 3
856217796 272286220 4
-338809274 133106167 1
-514452932 276427549 3
147543 3190320 2
-388751463 306754933 2
201544266 30328766 2
-446541730 169782928 3
-523547819 483506263 1
242631681 407748034 3
76096883 72963889 5
580972157 900120978 4
-998109504 851886541 2
-601704933 786542471 2
-161814683 544957031 5
-807833050 984836276 1
869350041 50026144 2
-971575657 485909520 4
461687726 24498833 4
-761068423 482925688 4
240975271 193924820 1
321238664 552741537 5
73303271 751519115 1
-871979563 590319596 5
534718648 841975891 3
-700497804 104726458 1
584511076 993071707 4
801350141 207147505 1
-934108133 151084279 2
-643191982 542411754 1
49319993 66732316 5
83333261 532424414 1
401191518 73527494 1
-345447514 953311814 4
-931390949 569606659 1
132702884 780208701 2
-659896614 843426686 5
-22797973 210516095 4
452011700 525534473 1
-437730213 867234499 2
-218191342 899911985 1
-838868334 477386855 2
-194933029 150763917 2
-987858056 423810200 1
-924940873 869382853 3
239288697 595740506 1
-840330791 719598385 5
678211868 379275392 4
-258963445 171797939 4
-547422077 332857707 5
955467430 103597907 1
441472637 61653867 4
-798919558 679115757 1
-476000499 14416123 1
-208488449 18054140 3
-512100007 757060616 4
-761994794 897207290 3
-571696807 631302407 1
285330655 263853525 4
614070767 272869717 5
469309868 537432945 4
-497453829 351152078 4
866714876 409060205 1
398959555 210623453 5
759336004 862519365 1
857334328 350749022 2
990054140 341186469 4
-677622648 796596996 2
859143881 336048307 5
981588385 837908840 2
-750012177 618585753 4
-375719515 911211244 4
-554182164 292545745 3
312859874 389535382 3
120741178 21643001 3
-405186591 542357082 1
605079260 290515726 2
801444811 338984905 2
891310189 319725422 5
-869789623 147616767 3
-27737640 155117268 1
-467387193 843540785 5
-60887663 253402535 4
445975255 797114520 5
-744868838 413737966 3
-890954754 937783871 1
-702915915 855409322 2
210297808 645583452 2
-450618750 834525361 1
685971308 400279165 1
169380260 885563807 3
-632343956 358169939 5
-748338108 169504437 1
-316077795 667896697 5
348349690 261973548 2
469825645 41677476 1
-323209671 252920739 1
863522856 553303156 2
766926803 43850896 1
308055863 335295777 1
-572746706 896799042 3
448997633 129861847 1
608589694 95061201 3
-172051740 243172471 3
-313102811 438379149 3
-604187798 433320685 3
233073525 121486604 3
-16044983 735033019 2
490180350 956975216 1
-258365471 751026388 4
-196417831 386042080 2
89497758 858387495 2
-454255409 57024631 4
-561328431 735334135 4
-407407168 556032143 4
510768071 905975016 5
702970147 438771680 1
-519396044 574885447 1
168583349 807262877 5
-187260545 628961490 1
-817942213 729933869 5
-789121143 207861324 2
-557661563 851311420 4
-819433575 394887744 4
11913248 987424846 1
288566175 2100240 1
-390005804 120033598 4
-810461742 756120796 4
255740805 862140471 3
-494886109 230127002 1
652703483 13118349 5
648791934 178138181 2
296926384 888222335 2
-212777811 228613696 2
-690497298 850320470 1
-612919745 721817085 1
-274719310 746361296 2
-537043214 952171510 2
-635722185 213412003 4
-950676552 742049399 2
-102924643 255387402 5
742157987 922188522 4
-71188908 167620701 4
415572444 416792847 5
-555899238 350407893 5
-741974371 463679902 1
-203869582 957739135 4
620141396 41904935 5
-975367306 721954343 4
230303833 382377756 3
-856771192 65729229 1
-765817753 144407701 1
769037047 981122199 2
-892366755 507605172 3
977935582 142471860 5
-904779127 633995688 3
283319534 160206765 5
739919675 982399624 3
-530727352 71174540 2
-91439324 115659251 4
-898822263 137858168 5
-148726208 18810283 3
270503458 917662536 1
489334129 892060509 4
-528298900 231933999 2
-972532282 420214950 1
921434899 140157562 3
321372901 390875747 1
-388630237 204059698 3
-845173696 855872858 4
167844713 795943034 5
-346517341 247646753 4
798900329 191582010 2
-448256977 634610843 5
398472867 254611003 3
-760614274 474111473 5
557338631 676281266 5
-388394708 343266196 5
-626839528 520650128 1
643260787 73962282 4
763064450 691765340 5
732596141 60150828 1
-501336803 736606728 1
-157150481 953819331 4
214671869 947949445 1
-362696150 829619461 1
966996398 293948520 3
-724500680 755306082 2
392248601 655914875 5
-657250042 171903845 4
-163647115 119661763 4
-54040910 817251071 5
402380893 295283949 2
-749166884 413998025 4
-132226327 753271834 4
412291232 655378192 5
-344330897 332570929 1
-609215269 487514362 4
782231707 697265981 5
201174946 504107672 3
38597004 749034601 5
-214864017 622910976 5
-157796685 735236442 5
762318165 463818300 1
696337620 912791781 5
14041995 831362706 5
125443065 963817760 3
-766119376 139565324 4
-149868015 867916958 5
-289902241 989783385 5
-198056841 609627493 3
565700390 973483993 5
41615104 449731378 2
616693157 283079637 5
414075680 542918801 5
621449585 786406798 2
-791935259 517431884 1
-835003080 285775711 2
892146000 131235873 3
35839172 146530586 2
-1175306 705619502 4
-352264014 415346975 2
-290176611 258522066 3
-141624679 800861508 4
-450368698 202688553 3
384480206 166667219 5
222756158 264136723 1
508542192 345756252 4
554835309 135295818 3
186366256 557891313 1
-133453266 14316491 5
-593133791 351755365 1
-553633595 4581761 2
950059239 209535910 1
353564255 984695626 3
896948300 43669731 3
194469551 859810781 5
675520778 155696397 3
722409966 233395732 3
-486700054 447115529 5
-340311300 319387972 3
-926592462 457000392 3
67388104 115175205 1
807139065 338661466 5
-914589691 519121128 2
425602601 347797591 3
-739833231 735548903 3
550940687 824819199 4
-179473558 427746704 4
-315240886 208989655 3
70520260 434008900 1
426080135 459320719 5
-450746385 612725174 2
919216076 755433992 4
749400872 325104622 5
-325202693 685409490 3
-708272730 220886054 4
977189540 567732291 3
298660971 804811906 2
80762623 573078687 2
-554629734 781773560 2
785158089 747118365 3
-190319690 663486107 2
518679364 474274452 2
-682742915 415724639 1
-607636045 464467440 4
715853786 373966562 4
589875641 248401947 4
430719640 35551622 4
-341503563 860624546 4
-607073575 923291552 4
500649749 510349769 3
157859782 118044025 1
-321351812 290846445 5
340753372 157421939 5
-173299428 423378356 5
-187794490 873834899 1
482187817 149978118 2
871403960 170121447 2
693656151 177461269 1
-356829029 343700602 5
897319867 732141172 2
102852481 913755818 1
-669930911 489639432 3
-28611252 491350220 3
-396273801 925843192 3
-722782450 634060377 3
-409262093 766564424 3
-765007450 332653290 1
82490170 499262924 2
-1793632 744838805 1
793177321 634260039 5
-406792802 66991239 3
-430561504 517010116 1
103375397 385437660 1
-12221345 180958500 4
-780226817 330205034 2
495092764 409354479 5
274057265 551102315 3
504375599 760855990 3
-198691044 211619958 2
-117917314 756691957 5
308599394 327901404 5
812259788 795798368 3
547097239 192148229 1
-650437737 761551865 3
-581895349 928467577 3
-314546839 854951930 1
-267564709 218513876 4
199747325 218008297 2
-525626034 610114639 4
-946802805 271659349 3
175842002 373943702 4
647088588 581964123 4
-860617980 994525864 2
563083226 595157648 1
457332425 996013409 3
-308899058 582529867 2
355618360 893707644 4
210925201 434718887 4
-434882133 726817386 1
28156678 472404538 5
643418687 760233148 3
121141173 967790519 2
21084054 223796406 1
-662608201 541593413 5
956394628 384686171 1
-403373225 564326116 5
-566287420 951297831 2
-699428506 228950767 1
611951165 612845604 5
-213949301 960784387 3
-493061826 105656208 4
-357274912 41514183 1
205770295 863492633 3
-915954102 252794697 1
-594374456 453099098 5
-247164136 237296569 4
260792180 820218528 5
150992433 274642221 1
-96513605 983039973 1
361369667 480431845 1
27970757 112923974 3
398246675 91563475 4
482861350 877907382 5
-904631701 946483361 3
124962167 855823688 1
-939842901 168054130 2
922424227 538945413 3
612291771 561119896 5
550468359 964288622 2
-629955530 174002683 5
3214856 510592205 4
-96833824 355416678 3
-532093895 350457275 4
706049029 966304231 1
-810102271 167353039 1
-709525961 730044129 4
708839642 353023202 1
-65183507 525403511 4
-750971618 59844856 3
950074313 236461916 1
-186607147 706405669 5
43412551 492859619 3
-804317399 950895008 4
-260053176 565065196 2
670090854 297619548 2
-554655107 246650972 4
558860509 696823595 4
-695612311 103379936 5
-761681203 41000740 1
558377352 599138742 1
-348465979 989886402 3
978882530 392278782 1
-769122763 139257679 5
-809005037 85621126 4
655077528 605746785 1
-356373523 920222647 1
-205799586 956273665 2
-685846478 702171712 5
536520466 255153666 2
112797044 318200766 2
-14186203 763882513 2
-723477869 807855861 1
735048070 826654922 4
-326833030 718873397 3
685530820 520690967 3
-723760156 912214699 2
945645061 62806662 5
-362348271 378851903 5
-809973560 719148855 3
700333621 169873260 4
496085548 642961404 2
-743905304 251501221 5
-896032649 240887763 1
706026653 121697802 1
-827391394 860816572 5
-263739247 806693387 5
-593030795 611964988 1
484454142 40323905 5
-672465984 447817338 1
865114750 626357274 5
512378937 660593851 4
-363151857 340615996 2
920413573 723312269 1
-808514279 406571432 2
360442831 606072753 5
518030902 233648952 1
-643884642 138550480 3
-817494542 168301491 5
738637884 224530382 1
956085426 517966576 2
92120890 92367815 1
-486198382 842016801 5
476871459 830898476 3
-643213535 367465303 3
-363551712 132486105 2
-934875361 420337669 4
291950540 850499588 3
410387323 398652745 3
-900085960 213759525 1
-288647090 589341709 2
911316362 822542818 3
859683598 444344204 4
316799372 520640154 2
843621952 922190341 3
-520202410 797574410 2
781769791 840387227 3
546655090 694615785 4
-568917524 267422643 3
20002817 447936040 1
-286484228 66709566 3
-363754892 181203016 5
-641187414 993775846 5
-455262887 26977827 1
455239628 23668626 1
291520676 464620970 1
728704965 908854625 5
650030943 182957084 2
-820381711 776235863 1
569327504 684570165 3
967339531 425285245 4
-883902628 256371440 3
-81640358 87149546 5
-647634762 200898931 2
680805330 597658008 1
764972968 918083458 4
925961374 682335644 2
-303751766 5572461 1
-286507207 668844611 1
-918749327 266767389 1
-3912807 684501814 4
329473443 109142767 3
-833354714 326268989 5
-691326718 824231135 1
547933857 232812228 5
515008441 969166359 4
-959751034 549840283 3
-688777131 53331132 2
-142260376 757161804 4
372877007 86206817 5
-459226996 279103917 5
404299192 700066959 5
177847698 970187357 2
-965839721 640309888 1
-461808265 523566356 4
590110463 174620144 3
152627306 588658740 5
-638890978 324412758 5
-492156954 309061555 4
969724714 524321610 1
584598176 629075157 3
437627661 794797486 2
157297352 905270769 1
-746528270 422214428 1
969124835 4746603 5
-450680387 425142556 3
-411274747 596083040 2
756625986 496552431 2
-557699813 607369696 1
-551365317 488597858 5
-412284053 601602324 4
56087496 799967946 4
-904849712 279623054 4
-888509714 648116082 4
-512760114 30395840 1
-704284398 79359930 2
563638069 494610264 4
-616530474 754981687 1
557546418 692566665 5
988754725 411640234 5
-972246447 764460790 1
-617702659 977176177 1
-144144679 958703889 3
-737073988 913367789 3
595546875 841935562 4
97337166 600822219 3
-739255653 815465191 5
-129670650 928460985 5
-960050283 424705779 5
-782216682 191464324 5
552523490 862709408 1
-685908014 610850984 5
89607385 121600886 1
227333077 56156816 5
803381786 77814099 5
-695622820 903937401 2
-483566059 547179388 1
-769103842 49417691 1
187572806 397139791 2
-211348407 963338727 4
135739435 505293984 4
585616489 242283178 2
671014337 410775859 2
-53526986 984100821 5
-789629559 377739486 2
-369731545 633930019 3
-630478910 613308882 3
908748909 619821300 2
-383060282 227629954 3
786749313 285373054 1
-223251830 741965808 4
393598295 520874887 3
884833521 371863813 4
-518631549 90716520 4
850432483 258424225 5
199752661 923082073 4
-870745788 541784644 1
-518822709 307244562 3
142452948 502860293 4
-900363974 711795631 5
-503682056 129135829 2
-962113265 903003977 1
141849144 417910739 3
558695918 782712371 5
230667072 583295362 2
-625533068 238690956 2
37044397 758615029 2
1020720 532859346 3
-334410127 367115200 1
895272166 309780012 5
902125284 282563219 4
-229440792 127546886 2
-197442657 416450674 3
-68320598 826902957 4
-419260532 672735376 3
-910344360 519552120 2
426353672 960224814 2
-115581032 306074272 4
-295837978 835960724 4
489491459 542813603 2
799162658 855067402 1
-483160094 714103482 3
883703172 800610631 1
-273531782 176744433 3
597861228 260075976 4
-706947087 889796864 3
913802356 477690650 2
-318983750 1850663 4
-17704016 234347686 4
-434138254 857666915 1
-369303099 986316031 4
669660613 299071727 5
87808060 623586 5
191862140 21063236 2
-450139684 242309227 1
707837287 433401399 2
-157988500 674266211 2
-108086704 818924125 1
350617503 748179330 2
618476871 679432111 5
873475937 977764803 3
-123884788 53400848 4
-207623222 70679784 4
841106006 335918054 2
759462731 817246641 2
925328721 423341303 1
458521511 349942813 1
938491656 138938841 4
617749357 989552925 4
574640705 741270099 4
458931040 274907998 2
758437561 539371731 3
871659539 813655031 1
-277554835 812643252 3
-872661519 248246168 5
836457772 952765317 2
-602352632 490310518 5
-346239387 290551033 5
-797075095 114921932 4
791491675 586289707 1
533333327 824439879 3
-40435915 964197713 2
-9039785 360244438 1
-969470079 370221271 1
-40002519 472254844 1
-118758424 331281787 1
-204641878 421846503 5
561928704 930418758 4
577671800 795607444 3
171137165 418310300 2
377383138 421521276 1
-206536587 670081465 1
-661679857 990289186 2
764154570 737792059 5
878011511 170159217 5
-690620108 573889279 5
-986475486 466282359 5
-320451336 89598362 3
106426187 85120115 4
-77782187 791893462 4
-570142838 398765984 3
473578636 414646431 4
-567603553 542997710 5
-861644563 443527540 1
553547286 116382069 1
-742980470 502321556 4
-56664050 403661449 5
-777554832 535122644 5
-617413948 424966292 1
-390837101 31336765 4
22989830 946975000 5
-442878760 711971380 1
71339246 682150281 2
421804213 539226121 3
7198988 38118497 4
-229963465 506290097 5
-967966623 182118854 5
265036956 453548360 2
-739640098 622582835 4
370517724 334757104 1
-396093429 786170468 5
-480837193 77491493 4
-610569471 566131948 1
483902834 790140758 1
-672268995 423699204 2
-817153925 397768092 4
751428880 638328626 2
-825717169 376642052 4
769864010 759481519 1
-387459194 339365478 5
-869203992 460679465 5
-15829057 505039902 1
-970115192 591582262 2
-354356494 593601545 5
-135095750 357590108 5
332536371 509992277 1
-553617050 281430013 4
-921262334 351275160 2
-926351285 441671292 5
881174375 938496371 3
277799127 718047617 5
-164218125 494759778 5
30312450 605921938 4
487116840 275989577 5
-5460912 637559900 2
-103692198 890933695 5
225461745 104434131 3
-90212600 46287540 2
-614287865 737730494 5
743977177 813430229 1
900284031 45127188 5
-281312960 75870476 4
926133936 519597069 1
830165807 5928483 4
806003991 449560143 1
687568140 280133337 2
82268587 570825567 2
-481975186 546969575 5
-981102689 937339304 5
517795029 173068772 5
-96563666 347700020 3
633155939 364636748 1
840852077 55402661 4
-327058910 308156186 3
-943318658 776875887 5
233429349 706649467 1
746586812 465423516 3
-783973302 464361451 5
732521213 953556889 2
367513356 27835365 1
-194170068 857415980 4
529265359 774523341 5
-360953461 343048739 4
-932671687 706178786 4
587711151 416415836 4
-446166246 847709047 3
68384837 930270510 5
-519782746 299767172 2
-293747393 127884937 1
-421814790 309221422 1
-40993299 573246404 5
79483354 79174740 3
265960129 818311009 4
-927457115 895962684 1
-752279618 966425016 2
433129126 717012394 1
804362528 279626012 4
-969654561 53040528 3
-318445087 766211448 3
453345172 76207113 4
-640214674 146932823 2
-464366452 250251276 3
-243911716 857885818 1
972134794 814256666 5
457678767 958269035 4
-889963294 487109736 1
356453336 130545261 4
536103771 500686970 2
766482257 176659593 3
773202529 305831389 4
297234737 576046273 1
-205280037 363490129 2
824288683 153839317 2
-148200403 719039601 2
313877284 599440799 2
-19525459 805011851 3
673405129 518049871 3
-475061908 724051598 4
-575857827 545856182 1
-429907026 468552021 5
-363387150 460025901 4
399596809 146789299 1
-570814148 265361490 3
185012457 4309341 5
607439990 680765044 2
-167854366 778924024 4
862783299 295514948 4
110915674 633604253 4
204927879 521011674 3
548323510 92794391 5
946726403 314230271 4
416164129 139558431 4
-140033127 290118852 5
-150844918 422977457 3
925503524 514311602 3
441807979 428720057 2
-472949422 106672583 4
-869433758 365658117 1
-399138629 453005369 4
-917687864 313934247 5
-18680721 68612056 3
-833922431 915608525 2
498971122 808208900 2
461819313 205921475 4
279462492 730588230 1
-271738878 402612507 1
973582260 442760111 3
414504981 148169870 1
909018714 889978421 3
933294379 996689217 4
-941478356 354715667 4
-771322310 578011919 1
-116153373 474390162 2
621923455 831935844 1
589141522 744029469 4
712423410 430433042 4
-167481799 551345026 2
354082132 254621404 5
-74615404 641532041 4
265502954 267221114 4
-115865520 291335707 1
214841336 394251289 3
-813139194 817184526 3
-702193835 486378889 4
-996087005 970347894 4
-88569403 325991386 2
993531631 723807729 3
625623677 906292365 3
-629642391 786137862 3
813324089 203769779 1
610580573 200035635 2
-204127935 348030403 5
-617485918 668535162 5
-351854330 354362978 5
750383500 557477165 1
-136239317 301308457 1
-495488380 467025737 1
497091276 889299661 3
-124936071 343969981 2
111438681 7204750 5
688457553 653754619 4
-369659494 681748889 1
555317351 508092775 2
997106375 880639764 1
-537373841 934156284 4
-14831085 594202777 1
451209848 683810829 5
-613837928 323776778 5
-927605284 791769590 5
853068665 496962819 4
347142996 861049484 3
-509691868 828474273 2
177758103 458444755 4
372891152 479665849 2
-119480309 84334065 5
967287117 658504310 4
-498502730 504106282 5
177115409 465016550 1
623300386 210004021 1
-521455595 61882444 1
36353973 95756585 3
-700762912 295440098 5
912099865 932016060 3
-911923883 768961056 5
416063160 873017954 4
975639558 924758480 4
126209025 881231768 3
36049336 857581520 2
-13252318 558099419 3
220348788 473654164 5
-238956410 565062775 2
735133753 157636155 4
864558924 792636353 2
-898385937 560471356 1
-892750667 212005895 3
181741863 321255617 5
-980359637 811699878 5
514666213 665436452 4
471116221 107594373 4
-447010297 522461967 2
589022526 847693275 3
-83209027 497234694 4
-205007433 426994663 2
17471372 74501004 2
-711975940 344552555 4
-850240321 495669527 4
-859811969 339195928 4
932587706 480445490 2
-812522942 392856094 1
-875505648 61618427 1
-146878325 537116513 2
-717811203 796283111 4
65350734 958540428 1
-746423147 949519850 3
-503523587 975968440 3
-17618077 194395815 3
144786295 295167486 3
-860404683 198991642 5
970387384 499883710 4
-838302831 222053394 3
202278561 469315054 5
-785616452 649716865 1
-679558538 390169412 5
-314035408 519803883 5
-619187247 299391548 2
203034708 184979306 2
974469882 59183601 1
-226141386 75915311 3
-43939600 101864160 1
-226546707 362931718 1
-271328703 596181839 2
207228277 584212326 1
317945873 401911015 1
883928145 553769222 4
555450219 436279050 1
-738154767 99101035 1
-565296019 569886563 5
145508098 89478545 2
-422067456 403020480 5
190069378 93655265 1
558820690 199488170 4
954518309 799808401 1
878695515 814996766 1
-576143178 505959983 4
-140411594 929140488 2
538182844 60747070 3
-274250709 12972984 5
-146743374 118425423 5
-40840155 876994050 2
-608377222 426241572 3
466675911 62672968 2
438279313 979796340 3
768079745 684999698 1
-10591817 97306276 5
-611807600 186478412 4
-443471401 642795090 3
-292188660 459458870 1
232236554 14416486 3
963023232 478122994 2
-551458405 321094545 5
-860536952 788515491 4
-446085842 100807007 1
529868311 394544783 5
-756410130 574698288 5
-449895591 696629577 2
-790661249 804127960 2
-461667086 463928008 2
417053255 485101568 1
767112485 767946739 1
-762132804 861392947 5
259459954 130478064 2
-642521838 852913984 2
-358492997 676771039 2
-12561462 409960860 1
932812531 939264649 5
53576123 345267125 1
-231013627 405834993 2
833578639 393474643 5
-252287721 750868132 5
-916410134 886082511 3
975354023 603102127 5
-748217699 691916207 5
-393102722 388702660 5
324877268 524550133 5
560924413 446685515 5
454581769 650506683 5
-884981732 674643049 5
632866714 186278841 1
-570136305 51285674 5
-127520547 46768867 2
621797066 525203374 4
894221712 57762814 1
-131548441 154154900 1
-990978053 952619167 3
-216604339 922269713 2
101766886 664249252 2
278347276 606348379 1
757458696 66345735 5
-666084953 121989358 3
990183525 827312656 2
-803516723 837465552 3
-612623099 573242369 1
935443372 766580195 5
-523639118 965976533 2
171051703 172752357 5
-171206567 410939760 4
-291820732 768473857 5
494783217 52985164 1
258930476 250710119 5
14788421 861856795 2
-923111371 819235787 2
37175762 485792575 5
420836325 840135617 3
438588242 253198252 5
-567889327 933520551 1
-485810446 33222893 2
-714667520 719143130 2
814037114 215868210 2
-362906142 199393855 3
-738593579 125950713 4
-712446421 476240918 1
106885061 130012052 5
383709441 897178306 3
849517336 243589947 4
6784090 12320259 5
118404956 916880018 4
-270065551 342240862 1
872839440 19661089 1
-669661778 747298089 1
-716042700 539558230 1
262599987 483455141 4
886214912 287073693 1
-628572742 648244270 3
430288668 928224669 1
-360256742 198819217 4
922465700 802714719 5
-548396684 36663783 1
-972791054 964916592 5
-870510477 256098615 5
269779169 339161799 3
708194035 697091554 5
997074851 805647682 3
-48544202 391135333 5
444775311 87154125 4
699955230 183892198 4
-330453674 195958756 1
821243201 597737409 5
423602739 224526192 2
92385717 537546456 2
-284011210 57799258 4
-653058666 443423698 5
-845041731 714452752 1
-426310357 690728052 3
977255778 145293278 3
49439837 660657649 3
685724351 830800946 3
-946431738 221172223 5
-559956381 757596008 3
-320774707 452706208 1
-18622434 764241108 5
277065168 70713585 2
367387457 435005711 5
626280055 870954514 3
78452758 62364788 5
-241027768 136332431 3
342108504 652464594 3
-335403670 54983639 4
-200309788 927114311 4
-24134897 365093304 4
-458613539 243875437 4
-101005629 522304677 4
-97610002 99004647 3
63305245 547714978 1
153872778 589707977 2
-424133420 251663698 5
397538886 453356395 1
220438682 248855918 3
-198182731 410961940 2
-171475747 264071080 2
982907007 173115747 5
-81518359 349500355 1
-495027822 134644428 1
-797050851 567991401 1
-112929659 188716151 5
-128486828 236882889 2
367679089 364841443 1
-214374860 38550421 4
-46778882 293047805 4
54923173 961393343 5
816950463 610622788 3
-937322450 556195322 1
-633034246 131976551 5
822755090 340405104 3
-543107428 597294765 5
-822951951 256155334 5
68259363 69927556 5
-60430163 516388678 4
507314235 342846022 1
479237212 877265448 1
-930551783 349168563 5
561708233 970144572 4
44041191 381998760 1
-946347003 205674801 2
889961710 340377937 2
-106918542 647611367 2
385792310 536889066 4
807482251 277895537 1
129520134 320128219 1
19969660 667129857 3
936553434 26990756 2
-718451999 352611284 2
-619276972 25242299 5
585315852 307591297 1
716419237 999949998 3
20460550 80368546 1
718890963 679614982 4
-359063427 278357124 2
-425493748 514599306 5
569601831 413662904 1
-138586761 83281179 4
555188156 462327104 3
-76813921 869665171 5
-97130742 50170124 5
207165634 589591940 1
-736325894 362101452 4
673365787 795596876 4
-359856060 982131333 1
567756105 732626648 1
-110937455 2681226 5
344595978 894692111 4
-261980955 259199262 2
862808134 977200974 2
-513674067 648685139 1
-146072616 794669609 1
178077261 320770227 3
-563691195 97432791 1
408451604 144822657 5
-263978743 295123903 2
801230390 86858801 3
-189194145 360944243 4
710362886 188045746 5
-853267442 833111716 2
147596326 206674709 1
-630751047 450818302 4
-858647829 960329200 4
731326088 473214726 5
855582438 588097038 5
-729003450 588005097 2
-984672464 976150250 5
-26833742 693018417 4
-639437463 495386458 5
-42415537 764496301 1
722065364 767153425 5
812069810 243555614 5
174674748 655861091 4
573237344 647690859 4
284546862 528956287 1
453418170 985474688 4
100479787 806586577 3
-74971915 870728663 2
320586676 914497532 3
411196786 513104103 2
404543726 839539698 3
-924794610 615876520 5
581873782 963848832 3
95900638 911950037 4
-503517963 333466147 2
-321361061 192944193 4
369197550 67853585 2
-735988626 730923484 4
638205909 865200673 4
996201108 236143670 2
-30163660 727231596 1
760340840 638803004 4
-867857478 579254511 5
-389673822 415121884 4
-548277308 611209721 4
786782907 633912664 2
376943009 185041628 3
-430617169 326440169 1
166057067 279779933 3
763583254 34803399 3
707169537 949738703 2
796173675 411892266 5
102594285 261990283 4
698802273 814160658 1
-698741549 160297501 2
506059268 652960808 5
463834487 912079306 1
-733946968 620412421 2
-59176285 21305704 1
-810190053 673364991 1
644020524 102055486 3
834911469 508812976 1
605850021 173613247 2
-494985037 104342399 1
876660724 436754730 1
103353469 557020068 1
170081150 833540959 2
462886252 412903708 5
258842761 649870668 3
-226321503 63648580 1
107728635 420949758 3
-661103045 64391221 4
655401540 197655440 4
-536394633 348226532 5
619288200 911108649 5
-56998501 568689321 1
-359532982 157366120 4
809014392 600302919 1
-997954766 535887483 3
915954341 581038536 2
-402938995 564930874 4
64469467 997603175 3
108313559 58759453 1
-94838090 63190543 3
190529581 670396431 1
277918475 248770826 2
570013878 610741093 1
317500709 858317857 3
850512387 148204593 2
-934923398 64046533 4
191432030 522416580 4
-235751891 121154336 4
391156369 828824815 3
871745092 437806754 4
-520052344 166049636 5
34798077 650239039 5
20659733 775660691 4
-915586673 572319428 4
721179091 860857215 5
-835810667 776281941 5
952677821 811741892 4
-358219498 992647225 4
750349163 785516188 2
184137018 745511920 3
742212726 29288758 1
-463442479 657951779 2
-857462969 622363892 2
798155353 803358559 5
4256533 983935733 2
988809039 772479887 3
-439551714 870694526 2
332088635 481284015 3
-664045903 365588702 3
-900177848 766318280 5
-214351302 171451508 3
670989463 275802264 1
-121507966 403006832 5
-251550561 923117262 5
617395237 180702390 4
-23791782 767597160 1
193253818 206385735 2
424688730 536678474 3
-233282702 719483129 4
927250392 464238389 1
-307208762 822629858 1
-553171102 255325707 2
-858193962 811115888 5
834589901 466784095 5
413726720 696831162 1
-674650633 862509454 2
653092560 409192307 1
373162709 192001375 5
793051301 168755757 5
795891208 115803752 1
-544074456 500443667 5
191935745 529429598 2
-825566209 60241754 5
-644582475 937047727 3
369898363 336513581 3
-279156586 828582100 4
126899373 745016346 1
-779746424 147324757 4
327554592 53572224 3
172391393 751405809 4
173485011 363415629 1
-459372472 37777857 2
687827476 376265417 1
-802459178 738962014 5
-639818381 15782063 1
578073608 83612921 1
-225109675 19487737 1
514151252 514158868 2
-120685797 519871753 4
-248533561 693604616 4
816788582 987704083 2
-400822335 888334261 3
-396042491 407423402 3
547136193 187004064 4
-448109715 781722893 1
817753480 442587639 1
793000700 628544659 1
407299259 377105994 3
131969031 34207430 3
371917905 948091468 1
917899449 759887015 1
-893069800 434446070 1
-281490852 77241493 3
762964909 585535992 1
-595321887 212213343 4
30851605 509235690 4
879698519 893043830 5
-611504921 91690938 5
-5744798 580619757 1
646715160 586951177 1
-785229279 536822206 2
-111720799 204861309 2
-693893685 468543912 5
-283406790 223439368 3
-746590496 167169394 4
-4881987 438924052 5
879702690 984583201 4
360019156 221021552 2
935621863 667509716 5
181429048 542554461 4
-155281200 229729813 1
-324829628 861622917 1
942397261 880535675 3
662028567 735908639 4
-407638100 630043739 3
833999710 975462846 1
-387472320 750009899 2
200244824 470076588 5
-132759548 403907122 5
-805699848 881810969 5
-145767437 848638195 2
897715221 692626605 2
-838888052 701495307 4
-8574590 924918443 1
853598690 564136260 1
53590608 978469188 2
54233657 672221097 3
404770411 461253445 4
-866634671 79565437 1
-986111210 806974730 4
300367980 870965171 1
-139495278 335265831 1
-884653814 721226509 5
-769521900 487415062 3
-162119488 796241300 5
772024187 4927406 3
-646865839 449271977 4
921712447 433767837 3
-253018065 184617902 2
848055915 752054800 3
-772359203 815355521 1
172175467 278193524 2
-886016872 208905654 4
-231582473 645490304 3
101563248 536959720 5
-996922442 83401746 3
-557486655 299321574 2
92360937 309330689 4
341282709 400731368 5
-544521950 23936955 2
-986857623 620066399 1
437645581 662322620 5
510117346 115756179 2
-305186030 625978990 1
-594150990 113528054 2
-982926688 860440586 5
-394860737 555724494 2
603356597 983444121 1
610462644 545986927 4
-442681671 600897732 1
-506066302 425746369 1
100486700 159776768 1
81399287 127084119 3
-196752897 501097204 5
-419836633 661070358 1
359822721 500880179 3
669706018 160599893 2
-951963765 754320852 2
-821449665 437938061 5
756056195 762174283 5
-322443612 146337023 3
-810712026 701261437 5
-269742685 184982598 1
-124908923 45206955 5
746661658 902554188 4
667697913 163721193 3
739207081 471134558 2
357417548 746325154 2
522481795 850845006 4
-380941028 324232895 2
568347477 427715951 5
-692458875 521363813 3
218006772 341170458 2
-577613977 703977613 2
648615078 97486738 4
-401835712 516608063 2
765077811 350151587 5
629820987 141668968 4
818567485 914210728 5
783420971 529036989 2
-712919082 501782427 3
-598916838 640329831 2
302411950 790387139 2
-193698251 319422715 4
-89853623 427154550 4
828857531 392808936 1
413458331 651958284 5
463041318 141259249 5
773538909 429148070 5
932308370 648952347 2
954234428 107445537 5
343543933 183947103 1
-719491747 253143668 1
-441965020 988779594 4
745727961 748114860 5
634904845 327554975 1
-578585270 208437739 2
338493305 221685027 3
-790951327 224931448 5
107412302 732221112 5
94918490 548557494 5
705261835 517780854 3
394547679 707447878 2
-94333630 29113741 4
-989015832 519136943 1
552501974 888134145 5
616850027 908147646 4
-763819656 841144186 3
-307588559 954083347 5
880752972 566941384 1
407655559 248749437 4
911501481 619503808 1
-760410340 896434879 4
-428451870 822379862 5
-698466332 186320366 3
-995567567 332076794 2
525692781 331249792 2
-553221855 94067048 1
-30955216 898063395 5
-272966657 677371163 2
-442906660 429554515 3
64775138 231815946 5
780792657 476195988 4
-914709038 237798993 1
246983846 724742914 4
-891341350 588512903 2
129802938 180222598 5
-537964262 490762700 5
-311818482 47501421 4
517261254 39471671 1
517525864 581511265 4
721165401 878963700 1
53570504 808005027 1
282687779 396527313 2
-178416071 522932423 5
-85883300 690731299 3
335614203 682234968 1
-624309026 67423819 1
176900168 715995109 4
132633779 262777738 4
-831144460 833283170 1
158558269 953414990 4
-788329665 784233833 2
-372851109 786731631 3
568726070 464420410 4
227624825 332820881 5
411614004 915429181 3
-26508960 59073490 3
792310707 508736406 1
-425950810 996817264 2
42184565 920293543 2
345440417 947462478 4
836883758 643339207 4
522076400 344061329 2
752235432 258255480 3
-481366542 326432288 5
-80243629 234127505 2
-890056604 837886625 3
462460241 974278492 2
544638684 746090721 3
985319618 644440015 5
-547077105 950848358 4
85951705 33455462 1
-155217224 258892209 1
-936839678 541880193 1
304622621 765495225 4
637524527 570746391 1
-977094749 63545449 1
-165681587 158077952 1
886303971 876485066 3
758130825 958543576 2
-716654879 47336916 4
-108002111 309807154 2
-265790616 977882241 2
-693108827 808356 4
-833283574 665403093 3
949374079 676189226 1
958729105 156918938 4
-362674672 382006279 3
-290490653 590271385 5
135793394 263792939 4
-104602192 823033411 4
-183644058 482774475 3
-457255416 872691289 4
-123442437 150889082 1
563339073 747279344 2
-858921499 721633208 1
-563111794 30030086 5
-907557593 362363962 3
158122686 461150041 2
-858307937 928588481 3
-958043276 674309936 1
-293884309 4806842 3
584723590 758338022 4
290675642 112665923 5
-776591048 104027918 5
-313162590 724199354 5
-582054625 527769119 5
472153543 507394139 2
-472907793 445793404 5
-699078428 334770842 3
928960048 758512673 5
-230211612 755153629 1
-254481693 861843931 5
408353288 348215894 3
-387703777 93008993 2
-82793037 876473293 4
-755106555 701184955 5
250653928 128556311 1
462400686 497674740 5
-448066845 625788019 4
687599096 341587 4
-525223781 807556296 4
541921376 688686747 4
641764597 366327760 5
131221946 427116856 5
-892617981 233768809 1
-936352939 178307688 1
-155494552 848990169 1
-58351282 43479353 5
-727150807 904330365 3
-477551293 30930904 4
-442007564 664407722 4
-131869298 571960591 3
199404762 29791419 3
-731080686 381126225 5
-938561795 28175563 1
558881265 532566074 4
134015597 485439576 5
-237212548 18083917 2
209250909 187841913 4
-810707767 999124413 5
-726027714 52460163 2
-338162536 138148833 5
132071305 270795355 1
379767914 745350027 1
363015020 179505385 4
-292062754 71805848 3
840202460 180963962 2
337879297 104662019 2
-572638016 205561403 1
280554052 789233711 5
-549707812 460344065 3
-88330359 635624416 3
741529122 741477096 4
-577901456 506113226 1
918097076 597591255 2
-565050551 585660435 1
-455189631 575808861 4
158256782 460204988 3
-309450009 137815550 1
-919532545 192655966 3
-495208910 905778026 4
311423361 944644525 3
-740154657 852349068 5
-237845586 208402915 1
885131413 397852591 5
-980350761 543190827 1
-302686799 379772806 1
-799349139 747576398 5
-195329585 424815276 2
705468515 260906544 1
-71920187 965260370 2
-590878129 335685999 5
169009798 58213720 4
898473814 995400826 1
-658768249 35376547 3
-391983557 421771718 3
-968843360 236514105 5
638469670 818617082 2
765986512 527232839 2
-380774613 25014267 4
482071861 694764637 1
827075313 631306559 5
-549003493 164501261 5
1843351 557014415 3
798632403 763348340 5
102627897 321373455 1
603450232 891851004 5
981367660 526548899 3
535600656 499584322 1
121739549 242341330 4
-130201578 223544976 3
811025083 997110260 2
-321693891 184958741 1
-993464911 994988520 2
636050638 698015387 3
605884005 881041689 4
145174667 728889353 5
-826867035 485258983 2
-851135939 206730846 4
244653955 748666015 5
906897874 273697189 4
227263351 848202473 5
-400790908 139878945 2
-240450234 869291685 3
-871122962 978658351 4
788094191 448012285 2
-908651786 24346237 1
660025606 696850361 2
784561898 721655298 4
-777696117 102624157 3
770243873 611431812 5
384222827 690969380 3
-201537358 291517953 5
-337207812 113379014 1
183775636 536775232 4
-53208623 794140366 2
-850889270 153582094 3
846834160 224795145 4
841102364 613394238 5
584262051 65578850 3
101384981 993418104 5
978306414 325674806 1
655142526 801085245 5
-867264577 698741177 5
809813049 97500216 5
785732484 747595566 2
251195522 822731075 2
758452954 159017394 4
-103904392 484928877 2
-265832270 127328084 2
-786368497 651294602 3
733490009 468474662 1
214832966 401807565 5
156244940 699735661 2
-323579325 54041152 5
276654113 370670849 3
-835778630 214207865 4
830894489 507068155 3
-518072534 80008032 1
105912449 967453105 3
668953583 819763176 5
-824040942 704477826 1
-749127877 753686469 1
328812903 652645879 3
697453795 269356936 3
-543517589 769341304 1
867195841 238014604 5
-436737489 977742121 5
758943506 623424967 4
114289271 475034266 5
-591879897 218564801 3
-876747879 361251554 3
-395814540 638067516 4
103374712 322671608 3
911265413 35994508 5
761696186 626534379 2
607316221 933830604 5
950602565 290164557 3
-879296237 819929126 5
774860998 564386223 3
-141998626 762039596 2
504903623 440406282 1
