4000
3 545161399 35
4 163419123 4
1 855249995 24
-3 463470569 25
-4 527822361 2
-2 666808352 8
-1 573691056 16
3 705285585 7
5 24042857 33
5 264829653 27
1 240347864 17
3 498418468 9
5 692034407 23
1 301657070 39
1 90849040 38
0 406679557 19
-1 984026315 12
3 839316989 40
-3 644322145 6
-2 909463827 15
5 578139449 27
2 488867921 7
0 73695296 16
3 236495853 6
-4 861303448 28
4 121715847 19
1 507732380 5
-2 97874813 37
5 141302795 6
1 585005688 6
-4 617221154 32
2 893963407 19
5 344187101 32
-1 553506118 9
4 730796493 19
-3 602556858 6
3 815031499 16
4 834144598 16
-2 944601102 16
-3 481975885 35
4 840993611 9
1 422486192 1
4 488563058 16
2 449934948 28
-3 562389677 14
4 48443724 30
4 535523749 31
-5 102794668 20
-1 687796655 2
0 800642169 3
1 321558415 36
-1 871315444 27
-2 526295509 14
-5 348924679 39
-1 790658342 10
-4 81431183 40
4 568966989 14
5 601513994 12
-3 911637834 1
-5 517654025 11
4 115913513 35
-1 264928919 33
4 83612994 3
5 33153520 26
-2 458237330 9
-4 147011528 14
0 481012462 27
-3 383426504 31
-1 359221851 15
3 649686574 21
5 447420067 6
-5 971352293 26
2 814303758 29
2 43966628 35
-3 691098592 16
0 816341286 5
-1 516803472 32
-2 840921184 37
2 195822953 12
-3 134813981 33
-5 76303833 39
1 7804829 4
1 11960254 18
-2 443196127 16
0 852887712 19
-1 311987476 7
5 348697772 14
4 410080418 27
4 171287377 21
-1 9537576 25
-5 482192309 34
2 464669275 19
-1 543631443 37
-2 56881700 10
3 320321378 20
5 725293900 17
1 444968868 11
-2 252590294 15
5 921433900 2
-5 448141845 14
4 548890325 7
4 900719602 17
3 474926756 35
2 106914074 25
-4 961991710 33
4 148313863 18
-4 935643778 20
-3 731434489 8
-5 189296665 8
4 407884723 5
-3 617232898 8
-2 693533876 29
-1 977102646 33
3 717946081 25
-5 772832303 3
4 749155964 30
-4 378380119 32
-3 596330720 17
4 819302062 23
-3 532728286 40
2 776151862 36
-2 499371656 18
-2 164065552 9
4 148092114 8
4 702784203 21
1 140799526 13
5 980309670 31
3 95437045 37
5 96426537 32
-3 16701599 10
5 8388991 36
2 372944750 31
-4 103024855 33
-3 617916660 12
-2 530830740 10
5 868089362 11
5 917921749 29
-2 804448897 5
5 421305074 36
-3 394764222 25
5 401789747 15
1 741755605 16
-4 797167281 20
-4 181170291 37
-4 607089030 34
-5 151864520 29
-1 333764228 3
5 994775930 29
-4 202977503 19
3 299692968 27
-1 429919523 36
-5 957817744 31
1 551766413 1
0 216165941 2
4 759605407 12
0 179167421 7
-4 603724203 7
5 20504985 3
-1 748734896 6
-5 335826338 21
-5 106649359 4
1 180335344 10
-4 902441786 19
5 592443240 28
-5 942847683 32
-4 357616069 22
1 632596486 17
1 923972368 2
2 416236972 36
-5 739796988 20
-5 472300578 23
-4 570015097 12
-4 836364330 18
-5 3280761 5
1 365060928 34
5 626282166 9
5 567620179 1
-5 432072027 12
0 446074320 2
1 575585991 23
5 20816249 37
-3 667482006 14
0 855112990 22
-2 146270445 24
3 273505981 2
3 961844863 34
-5 114438081 31
-2 975319942 13
2 504404630 7
-5 41633632 25
-3 258436132 40
-2 253202298 8
-5 722993129 34
0 876408395 20
-4 991724247 16
-2 213255200 19
5 161477336 31
-3 156653614 14
1 11468878 32
-2 56822119 22
-1 789521911 8
-2 250871234 27
-5 306185901 1
3 99185469 15
0 648118297 4
4 876635150 4
2 898043659 38
4 115267536 26
-4 30022532 28
-2 670305755 31
0 413564896 16
4 215123230 38
0 364463600 33
-2 69493517 25
-3 105420116 15
0 746009617 10
-4 853176907 4
2 301304334 39
-2 965395557 27
3 16916873 25
-2 123639401 6
0 658869948 20
-1 580313062 6
-1 773193447 32
-2 705079550 17
-1 653421575 37
5 351210507 22
1 2018527 1
3 761333916 26
5 285694586 11
1 717031297 12
1 860541692 36
-3 28131998 10
1 370488870 17
4 94397165 39
1 628548756 13
-1 527430724 19
4 654143691 27
3 161627768 22
-2 906615733 17
-2 477147824 1
2 426271440 38
-2 743583259 26
-5 159520681 33
3 802489151 34
5 501458642 32
0 693731847 5
-5 806321978 17
-3 599408268 19
5 440744249 25
0 435068241 18
-5 697152447 32
-2 622111110 1
5 676194615 28
-2 978440718 15
-1 521191318 40
-2 154572243 34
2 113095372 24
-2 697126770 15
-4 609843067 18
1 707190364 31
-1 374378959 39
-5 503870332 8
-2 180148933 28
5 664707745 7
3 936020399 21
5 574635952 8
1 240475613 37
4 184295884 25
-4 384802062 9
-5 121614102 33
3 344370510 26
-1 808871971 32
-4 138689100 12
-2 524271594 33
0 73830746 39
-3 124874124 20
1 102088017 25
3 483595825 30
1 914915468 29
4 310134795 21
-4 347793753 6
-3 559837988 30
2 739581941 31
1 56567926 11
-2 581264714 26
0 12168654 11
-1 72085889 6
5 217316434 3
-2 226472028 25
0 849981720 21
-3 140237465 31
3 745502430 8
4 233579341 7
-1 646675375 38
-3 89888308 38
-5 333518580 40
3 521818021 6
-5 599003784 28
-2 990390812 30
4 854959807 17
3 771024367 23
5 162911968 4
5 564756456 40
-2 866362241 7
2 974455619 36
1 251060974 2
-5 133732929 21
2 849167550 14
-4 575697038 18
-4 833256660 1
-1 406737488 5
-5 677738147 4
5 972633218 11
-3 702845562 12
4 173717955 40
-4 477297525 15
-1 16696551 22
-4 185651337 11
-5 913559083 13
-1 91983767 35
-1 60086161 21
-5 807235042 21
0 789783608 13
2 229233682 16
-4 487399306 13
2 714050372 3
-4 649780622 22
3 120633082 14
2 977575566 24
-3 185412140 1
2 660571546 30
-1 721110551 23
2 675612788 28
-1 642627491 4
3 944395482 32
4 595482162 23
5 883424022 33
-4 421276826 28
-3 987171220 7
-5 848455483 6
4 47749528 14
3 329553925 17
1 977593803 3
5 556997974 24
5 54252556 25
-3 398157086 20
5 422443743 1
-5 188049912 8
4 585802927 35
-5 664680011 33
3 443459086 25
-4 999110165 39
-2 202576920 35
-2 864382239 38
-1 993249000 38
-1 646407341 19
-2 101804861 28
-5 927382544 23
-4 821822523 10
3 631213687 32
-3 168747151 4
-4 488678494 36
0 861461325 37
-5 218545936 23
2 669731229 19
-2 889868684 37
2 153411887 33
4 166267617 23
1 250881119 25
1 974788543 38
5 138492195 37
2 796563005 38
-3 306546342 40
3 925363566 28
4 3162403 33
-5 550704394 36
1 300818382 37
4 385066499 2
3 392506732 8
-2 695248852 29
4 225851798 1
-5 648091932 3
1 928667810 11
-5 921740478 9
-3 312911570 24
0 408278014 13
0 774874077 4
0 600577408 30
-2 634864765 6
3 79642656 32
-2 849691667 19
3 265408718 39
0 433322546 18
4 281733060 3
5 344771366 3
5 580256932 38
4 302134345 40
2 671324136 25
-3 539644374 32
-1 72197436 3
4 544247137 9
0 83601277 22
2 790894992 15
1 511011374 13
-2 876870723 14
-4 496939450 8
5 981062343 29
0 849822308 30
-5 328419823 35
-1 164431713 28
1 430129279 3
-4 864902671 15
5 215735369 17
4 19765066 37
-1 684671743 21
5 992677134 29
-3 97486483 16
2 931500576 12
1 344890594 1
3 783706918 30
4 431005220 5
0 586969826 17
0 37745515 2
4 509998278 9
-3 731875850 28
-4 121723807 17
5 62889902 16
2 19805295 31
5 599581579 16
3 393099151 24
2 71272757 38
-2 948922022 20
-5 311464244 26
-2 789141407 39
2 393739433 34
4 378376188 33
1 607527296 14
-4 940507894 6
-5 785475287 36
-5 876108872 13
-1 294922758 16
5 273534560 14
5 476357292 33
-4 177796827 21
-4 261274301 26
5 584791462 4
5 648317642 2
-4 837044572 3
1 993072711 29
4 823113159 7
5 608056572 12
1 776535781 32
0 474502156 25
1 990464066 5
4 9460435 8
-4 343596970 38
-5 859083111 12
0 310162573 12
-5 659761766 31
-2 369152773 5
3 518861257 38
3 509194805 20
5 689327774 5
5 48374010 13
-4 769706591 8
-5 535367486 33
-4 980748923 32
4 955903414 40
0 324908210 16
5 959627102 35
-3 387135990 40
-1 564027366 23
4 181577246 3
-1 234122360 23
-1 484220936 38
-4 219389186 39
-5 813328370 28
-2 713052270 11
-4 129878800 4
4 962459593 34
3 644233968 26
-4 531211302 15
-5 531278993 26
1 69238142 32
0 835325887 5
2 259883733 20
-5 755979006 23
-2 512239792 16
-3 32491661 11
5 893805416 7
-4 756862870 17
-4 613925568 32
-3 585151483 10
1 456755692 18
-4 996235116 15
4 87120456 6
-1 624363960 18
1 467566406 18
-3 366465868 34
-2 774920089 35
4 120318897 11
0 948349927 40
-3 835532760 37
3 32814788 1
3 13303572 6
1 34475753 19
-1 39304983 20
-4 498770331 36
-2 972428258 6
0 492092996 36
0 399926318 40
3 25011253 39
-5 745022733 4
-3 630169390 28
3 64060224 36
-4 603829608 10
1 360557037 11
2 42545171 30
-3 699100466 8
-2 886019347 1
-1 213207561 29
4 295143407 24
-2 709755057 5
2 234457266 9
-2 807997203 7
3 654837720 6
-5 288209360 19
-3 221166387 34
-2 614413562 23
3 90675533 29
1 543833159 33
3 678825792 21
1 699576154 39
4 597007543 5
0 325257764 19
2 444137822 21
2 724766125 34
4 438513992 32
-5 676139099 21
-5 106650268 34
1 660323418 33
1 636840762 30
2 248041030 12
3 982456236 33
1 583348968 24
2 991115308 19
2 905511801 18
4 314184517 10
-5 964675775 10
1 642782665 32
-4 466710816 32
-3 963041910 21
2 942647852 7
5 586354552 28
4 751724950 36
-5 366486685 24
5 301873940 26
-2 20585870 29
2 921540679 32
2 873216371 11
2 503794820 25
-3 219617002 25
1 768977370 30
-1 225421908 16
2 283439632 13
2 588934514 35
-3 558126434 6
-3 921275812 33
-4 135948608 33
0 87466773 35
2 438571112 31
-2 536719387 21
-5 518429873 7
2 149046207 32
-4 284527208 22
0 948234797 24
-4 12404192 10
4 170336367 24
-2 740099307 37
0 893316064 34
-5 87808949 37
1 243085170 2
-3 168068128 36
-1 508015749 40
-5 506337434 8
3 967607527 20
-4 45287174 39
-3 579672976 39
1 961346502 11
0 305483524 3
3 688646965 5
-2 740855738 23
0 275383509 16
-3 333969603 26
5 98715400 20
2 595453308 29
4 839522604 27
-4 997092086 16
-4 573298265 1
-4 648052909 7
1 783749578 33
4 566187822 40
-5 527854385 33
-4 144367911 27
-3 158622041 4
-5 876248636 38
2 32853573 35
-4 537877017 25
5 528562358 22
2 836036034 22
-3 557557581 39
-3 461174275 16
-4 921396229 37
4 154691847 34
3 980174172 40
-2 391026554 28
-3 137820349 20
-5 269771718 38
5 846375391 10
-5 75033022 4
3 740547169 12
5 448834180 11
4 528743356 21
-2 955975744 7
-1 57296065 15
-3 64739441 8
0 485395233 27
-1 899542603 35
-5 516576576 1
4 387237949 25
2 792233870 39
0 979449864 16
-4 885057178 8
0 54594177 32
3 986009608 32
-2 160657907 11
5 120726692 36
-2 237101714 22
1 310199912 15
3 260221544 23
-5 893110785 16
2 354507063 19
1 94061495 23
1 305806554 29
0 778916408 12
0 395503691 37
1 636393019 29
-1 589671958 11
0 49894893 9
1 268767665 22
-4 301058483 24
1 907569299 26
5 264946073 1
-4 201792991 27
3 535241850 4
4 551393778 16
-4 450526405 40
-5 668244860 21
-3 696035385 30
1 932109413 1
-2 649791238 10
-1 47920684 30
-3 727695241 38
-3 757644011 40
2 324741118 5
4 235087629 27
0 839661338 31
5 11695599 40
-5 974582744 20
-5 715429434 33
2 965643261 32
1 654291501 1
3 727366192 10
5 679929780 38
-1 801133740 14
4 520768402 4
3 311522145 1
-3 393734416 40
1 1311982 40
0 612319935 12
-2 600939186 39
0 846945868 32
4 250370681 16
3 422324755 40
-2 254898422 8
-4 303235187 23
-4 596578340 36
0 809396525 20
-1 806658022 2
-4 936187652 1
2 825833565 1
1 648590832 3
3 679028545 25
-4 454440891 7
-4 700127353 28
-3 65621685 22
-5 426596134 19
3 551735833 17
-5 146084352 31
4 15552138 3
0 710047055 13
3 351983155 40
5 857839912 13
0 465633337 29
-5 951158425 37
-1 988782868 32
5 807309496 11
1 290862400 21
-2 24311503 10
-3 706907295 37
2 725741128 27
-2 138756996 5
-3 539532656 31
2 742148881 27
3 462414282 32
2 279877491 24
-2 488735907 12
3 872041244 10
0 538415893 32
-5 112952846 18
0 30800936 3
-3 447540340 24
-5 184208455 1
1 526604434 22
-5 572081113 20
0 778552575 13
-1 833445829 16
-4 905579134 20
1 212660259 31
-3 633045637 18
2 768161499 9
-3 840216333 2
5 560852674 3
1 815938291 29
2 358011059 12
-2 647982549 31
2 23592302 31
-3 80591672 32
1 387815090 23
1 448550465 11
2 988398898 37
-4 270030969 39
-2 335728187 12
-2 650092213 40
-1 989594103 28
0 829300755 10
-2 757477761 13
-3 448783787 4
1 107562431 29
-1 7984936 2
0 1997628 15
3 118262279 17
-3 693166126 13
-5 780934814 16
-1 529008934 18
-3 827867078 2
1 348348371 34
-4 653875296 34
-4 916396060 23
5 461026440 4
-4 322553939 26
3 332327727 39
-2 332552922 35
-3 723786247 10
3 126833607 39
-4 350661088 22
-3 775577807 27
0 854160873 19
-2 362802939 30
-4 566105741 5
-4 784395701 3
-1 321315319 31
-3 91279773 31
-4 786875256 38
1 293639866 3
5 705976338 8
1 342723567 32
1 440391201 9
1 144951016 23
1 861486822 7
0 161315080 30
-4 52600381 5
1 813358743 13
4 375629064 18
-4 963229407 24
-1 977400197 8
-4 384538891 18
-1 237697764 25
1 130547641 6
-5 648128613 29
-1 545896742 3
2 644890419 28
-4 674733955 23
5 446008861 15
-4 855137274 20
-5 629242722 4
1 565098569 6
-4 970845965 27
5 545876742 23
0 682575022 26
-5 881974468 2
3 107603634 13
5 602357008 16
2 131922051 6
4 585896616 13
0 446046523 8
5 902914785 3
-2 303529564 11
0 806526318 24
-3 312140707 19
1 629345900 16
0 926796336 34
-4 657665369 5
-4 473522316 23
-3 652648835 22
-1 982383415 35
-1 979207228 26
-5 614194459 17
0 928084090 18
5 92682000 1
4 996783284 5
1 327265470 12
-2 770032945 28
5 8327394 13
-4 368470842 3
2 899504428 19
4 920277014 38
-4 29866529 23
-2 105409862 39
-4 616766758 38
5 362090675 28
4 310253846 2
5 772340796 23
0 533691562 7
-3 848419182 15
-5 673255333 36
0 877621405 4
-5 29558112 40
1 773393414 38
0 807709209 32
-4 178765510 28
0 903127425 14
-1 53959130 31
0 866483613 28
-3 946282555 32
3 383223948 17
-3 279214777 2
2 711408465 9
-3 397005011 32
-4 730710997 30
-4 773601660 23
5 145883681 40
-2 597018095 15
0 128962881 24
-2 603692236 32
-4 219168468 40
-4 600225773 37
4 359502606 36
5 295829812 9
-1 733540698 36
-3 275525046 2
-2 752949046 18
3 954439796 31
-1 109797463 38
2 716206146 32
1 393901051 1
2 621627859 23
1 851811514 3
4 988047528 5
-3 778337252 17
-2 5809909 29
-4 148182967 29
2 80586477 15
-2 71700009 36
-4 136402265 35
2 737221710 13
0 981525286 26
0 556221766 38
5 359509686 4
4 885251698 28
-5 110797634 6
0 224063909 4
-5 58790575 26
-4 306391864 18
-4 535961891 39
2 877425745 24
3 412443538 17
4 117278221 11
4 38138106 21
-2 280226780 10
5 274975882 4
0 406263906 31
-4 793236998 24
2 801422675 13
-1 582661650 39
1 635504000 25
-5 75785857 3
3 411653176 13
2 24883745 11
0 824145492 22
-2 196243777 5
0 25195775 21
4 484285820 28
5 669909685 9
5 73613558 16
2 977686618 24
3 110424756 31
3 954567974 11
3 781825318 35
-2 722848739 14
5 841908447 25
-3 446318302 37
2 74270231 12
-1 413847918 6
-3 348389836 3
0 832473442 12
-1 283256259 11
2 98952050 27
-4 80267015 14
-2 715539933 24
2 38878026 33
5 965926592 35
-2 856099448 5
-1 311185733 32
2 740041721 15
-3 405427803 28
4 355294206 25
0 968454163 30
5 726154789 14
1 944008920 37
-1 945346816 20
1 687666859 18
2 691076830 24
-4 136612221 20
2 258481905 4
1 729363522 24
-3 854298196 32
4 966142355 34
-5 334638186 27
0 554898729 9
-5 576374612 31
1 85989032 35
-2 717839089 30
3 245772063 4
5 77603651 19
5 519202059 7
5 459029605 9
-4 506048511 17
5 417091934 16
4 786681872 19
0 304496370 17
-2 844902485 22
3 874362367 8
-2 71029480 21
1 227697324 20
0 183762584 39
1 88563883 35
5 711351952 34
5 820908 29
-4 596620078 1
4 313731920 10
-1 378524480 29
0 699813103 27
-1 227409747 14
-2 30473577 10
-2 352202937 19
-4 307839407 15
-2 110421932 9
-4 675543518 19
-4 145085317 15
-3 732166312 19
-4 434430807 3
-5 253553614 11
-4 199120231 33
3 895973133 30
-4 145828655 38
-3 766016468 31
-5 412247617 33
-2 743302712 11
-1 920492070 35
-3 213010836 19
2 215543301 12
-2 264938230 25
2 297787294 18
2 874391771 28
3 97940031 17
1 900627633 36
5 474977986 1
2 741068448 36
0 404153266 10
2 442260135 11
-3 716101164 11
2 950368437 37
2 323124015 36
-3 904923234 26
-1 494003372 24
5 307424660 32
4 847636247 17
-1 570926104 3
0 393264217 8
5 336241 7
-5 474626650 21
-1 364723547 13
1 934601996 26
-2 568953776 10
-1 819238294 5
-1 292764487 12
-4 772678119 17
-4 597554553 23
-1 268636177 18
2 555048958 2
1 755213140 9
5 766769136 31
4 978403352 14
2 451800680 37
0 650471695 19
5 567525988 16
4 70286900 30
-4 403175487 24
4 776024269 15
-3 554326625 3
4 453583130 30
-4 515091879 7
2 963919294 30
4 872666744 29
4 735378973 8
-3 801152426 24
1 486070962 16
5 610125468 29
1 139733024 5
-2 841132205 14
-4 432315243 30
4 851627842 13
5 267343036 6
3 868720712 31
-4 879637783 10
5 19929754 39
-5 293032478 31
4 600753135 17
0 516851358 2
0 405494353 24
3 792365067 33
3 181577082 7
0 560032132 21
2 144247211 5
2 913622375 17
0 876043659 7
-4 209796208 20
-5 881101851 37
3 911940751 19
1 549905848 26
0 173725213 12
3 61011167 1
2 143200808 3
-2 143972211 40
4 797812455 32
1 823947391 39
2 556307998 14
-1 404860483 30
-5 255657651 2
-4 384446911 27
-3 653805954 40
4 592873456 16
4 293456290 16
-1 103025083 11
3 57327002 13
2 854101554 39
5 854599680 18
-2 302607810 7
3 327570326 4
3 26094569 39
5 699159347 25
-4 807838409 30
0 386458502 17
0 614590545 11
-3 923244370 9
-4 501378558 25
0 456347518 29
-3 267385975 25
5 684599438 6
1 365325657 18
5 672911967 35
1 701594988 18
0 998680883 35
-4 995637218 27
3 260242918 39
5 631624890 10
1 649362303 11
-2 466373082 8
-3 325922921 3
2 490656078 31
2 473731104 21
2 304472822 14
-2 876146155 18
3 22783052 14
2 658473552 28
-3 422547390 4
-3 368627699 33
1 935750762 19
-2 996018976 2
-2 208737537 30
5 229442576 26
-2 918695586 4
1 686922181 38
-5 460715736 8
-1 712868078 31
-5 69485890 11
-3 541765469 10
-5 735962427 36
0 341725151 32
5 436586824 15
1 194579832 6
4 310988936 15
-3 406011516 11
1 63482737 1
-3 379503434 38
-5 776394557 2
2 925104762 33
-5 845157022 28
-1 25264927 14
2 291418184 7
4 785659124 39
2 443210938 40
5 542661452 11
-2 398607643 11
5 830856281 38
-3 483429322 33
4 587379994 16
-2 534931111 40
-5 923910823 24
5 682638315 17
2 564685880 4
-1 802663252 33
3 44820923 37
3 12236840 16
-1 937279853 6
-1 493392635 10
0 679970625 17
5 198431475 3
5 568123672 25
5 292684365 37
-3 280224229 34
3 937797056 4
3 961633246 29
-2 34290476 1
-4 135950121 14
1 847483107 40
-2 568416653 10
-2 325911918 26
4 295563864 17
5 392659737 32
3 453639397 7
-4 355258400 27
-5 61438561 39
-2 537974071 18
-3 487850846 31
1 65188386 26
-1 566795017 7
2 965525407 30
0 25355998 14
2 592829604 10
-1 761272172 25
4 147596826 10
3 538334828 9
2 707995616 14
-5 562761112 2
5 211693732 13
3 946196801 14
-3 901217849 7
3 939186379 27
5 237796722 25
-3 106950046 39
-1 122130536 39
1 578629469 3
-3 266929417 5
-2 256875091 26
0 666264821 5
-5 748619555 14
2 203325595 19
1 181739823 18
4 847607466 18
-4 63926760 33
2 284696339 34
4 972887295 17
-5 357169021 35
-5 60859255 40
-1 196858189 6
4 676560059 14
-2 870809761 8
-4 183159891 32
0 483688121 2
2 360222737 7
-5 333102799 7
4 922305037 9
0 812270845 14
1 27996917 19
2 735729761 6
3 767460030 40
3 183044664 16
-5 978663007 22
-3 492286360 34
4 792185845 25
-1 484918397 28
1 641946610 18
3 555946175 39
2 512753961 40
0 196625710 33
0 713503587 31
-4 59061212 34
0 798944673 13
-1 733355898 14
-3 663180748 12
-1 831067018 34
-3 587331934 8
2 777516655 16
2 957916539 7
1 8321316 1
3 116945875 25
0 428350890 27
5 573577144 19
0 19505161 35
-3 240496579 39
1 808970745 5
-4 194135106 16
5 264245786 17
4 776787215 24
2 901118534 19
4 933980413 13
-1 395256901 32
-2 860665359 18
2 668960802 2
-1 539342047 22
0 178050860 26
-4 331243710 37
-4 581346433 24
5 595008597 2
3 742497267 34
-2 430890946 29
4 957156211 26
4 957049826 9
4 681159714 22
0 583687673 39
0 407634575 17
0 228670960 35
-4 654256584 40
5 786986216 5
4 738407402 14
-3 556153150 7
1 431298968 8
4 484135967 26
-5 11555968 34
5 316591785 6
-1 711307373 14
-1 14741258 23
3 67665373 19
3 326489648 32
5 759644984 36
2 613526771 32
-3 857940866 5
-1 44079215 11
2 348941790 6
-5 484288812 29
3 241205607 17
5 702780051 38
4 453053604 33
-1 536008465 7
-1 791987184 19
5 976723993 5
-5 484972292 35
-3 15984892 9
-4 270930901 27
1 45269917 36
0 958727661 32
-5 259108380 32
-3 771942741 37
0 136546361 12
3 811424375 15
5 724184676 25
3 512057078 19
-1 103182373 12
5 393439120 36
1 774616104 32
4 236478111 22
-2 270001419 29
-2 308496307 38
2 193774110 27
3 49205340 27
4 418719685 24
5 993616798 15
-4 943624653 21
-4 619902038 22
0 324208251 15
-5 937227419 3
-4 10949125 13
5 709105224 27
-4 207656433 25
4 307949322 2
-1 971487063 14
4 795089482 14
0 337059255 32
5 972293690 36
5 193455540 32
0 358104281 31
-1 210897248 31
1 626997060 12
4 758958209 39
5 851675197 10
3 974313911 23
0 739448378 29
-4 41155306 16
-2 553857436 14
2 961764862 20
-4 319406397 3
5 233854910 4
-3 491055690 38
0 353496118 35
-5 55025231 6
3 735305678 3
-5 99391741 20
2 450784002 2
-1 649533885 15
1 952819961 6
-2 456106544 39
-1 890387609 38
5 110948280 40
-5 674485889 4
-5 822138579 18
-5 865193766 9
-5 692734913 24
-2 18253343 18
-2 53878078 31
3 73882652 38
-5 743926647 5
-5 319116626 40
-3 298446545 28
2 84778311 13
2 557520734 37
1 837170565 11
-5 243798607 31
5 16312331 23
3 698617437 8
-2 453775676 40
-1 612557179 13
-2 718505215 36
3 592382905 3
-3 571266711 39
-5 270942912 23
-3 254279869 7
-2 967861291 6
-2 486685005 30
3 963962976 35
1 485570926 25
-3 360041096 6
2 119414904 28
-2 323420420 7
-5 446413891 28
4 342604892 29
3 168208804 23
5 964868480 13
-3 783423230 11
5 21549467 32
2 385026086 38
4 92189308 24
-1 255510850 25
-1 399954776 27
5 401796406 1
4 25461618 38
0 618542876 28
1 684763809 6
-4 716828053 3
5 903968890 24
-5 330525180 30
-5 437885088 40
3 748119346 33
-2 414509547 37
-4 88047396 2
0 224719829 32
3 262906848 38
-5 302306683 34
4 454401969 20
2 486070571 16
-4 85379876 11
5 290024098 13
-3 242701136 1
5 660611610 26
3 955734108 30
-5 548313769 13
0 584577433 4
-1 175258306 5
1 569432844 15
-4 145143258 20
4 333447074 39
1 814271045 33
-3 259090277 12
-2 171588273 34
5 172095206 30
4 85175980 34
-3 818193133 29
1 41270499 27
2 517596972 14
4 736279431 2
4 823348917 18
1 25998 40
-4 556721955 23
1 860469036 4
-4 332267270 19
3 675789159 30
4 280593252 18
4 431028342 10
0 671758291 18
-5 281010659 8
2 184733645 3
-4 837785684 22
-3 378140344 37
-1 906512441 3
3 628295913 1
-5 134336991 6
-1 202678242 28
-1 990609963 8
5 993487497 36
2 71163702 29
1 236023015 33
5 905641825 14
-5 233370340 24
-3 654543814 2
-4 763048409 4
-2 492622846 15
4 248321582 27
1 574389226 24
1 290668916 32
2 222900030 5
3 793016862 22
0 811422507 37
-5 680137907 22
-5 230976811 9
-4 308455578 13
-4 214102207 12
-5 471440117 29
-4 922432382 18
1 442739896 29
5 549313162 3
5 186782631 18
-5 113694427 32
3 633992486 29
-2 308910052 19
5 820512495 30
0 490672462 19
-3 701265511 25
-5 263043643 10
-2 253250565 35
3 743784825 10
-2 781612316 21
4 82381625 31
0 333311458 19
3 925299404 12
0 730608649 22
1 44202016 8
4 28980244 8
-5 903580588 5
-3 595219439 32
-5 238643451 33
-3 154475180 15
-5 613249451 17
0 19887518 3
4 495893934 27
-2 321890635 2
-4 325912857 12
5 274208288 17
0 788899455 40
-1 680622326 31
0 814767658 8
1 584734788 37
4 775634355 28
4 920465639 29
-2 29889208 8
2 612103007 37
4 699079686 21
2 179352391 11
-3 735655514 5
-1 66232553 38
1 732570512 15
2 465479626 35
3 978222752 11
4 434129954 15
-1 759525966 39
0 292096259 40
2 956096005 13
-2 134827946 27
2 689461555 1
-1 865707247 4
2 39934323 13
-4 327949759 37
5 196516616 32
-4 648767448 4
-4 27307233 36
-4 327812955 40
0 719430497 26
3 998252174 13
-2 102117079 19
3 796200806 14
2 308586198 16
-5 10032749 12
1 428428063 3
1 506516152 39
-1 467405100 8
-5 820587923 6
2 908718045 5
4 771388057 35
2 355871520 21
-2 405953027 15
3 988852874 20
3 256448938 39
-1 912886826 4
-2 599946648 14
-4 560992054 11
-5 878559655 27
4 787599205 2
-1 20287975 14
4 330186877 19
0 322231636 24
-3 611838207 26
3 266264095 13
-5 91119337 29
4 577741877 37
-1 611069236 5
1 704049460 1
-2 644735180 34
-4 186779940 16
-3 581118202 33
0 261847076 18
2 467254579 23
-2 766957164 36
-3 627676424 23
-1 431966081 26
-1 2182718 7
-4 948796240 15
0 327285757 31
-4 914055743 26
2 238993936 26
-4 276875109 39
-1 977845607 32
-4 121192424 35
-3 266878468 15
0 965305408 36
3 664164954 16
1 272185399 19
-3 179884264 9
-2 767463726 18
-4 271700728 19
-1 870857243 33
3 229054307 24
4 25165227 13
-1 742248262 28
4 585226656 13
-5 432519759 32
3 452315679 26
0 105113060 40
-2 382649865 8
4 503098328 28
4 210779381 34
-3 884948460 35
-1 344406381 34
-3 634832073 3
-4 332888480 26
3 57173548 27
2 350958999 34
-2 140862255 29
2 124269842 10
0 52419758 14
2 809599835 12
4 758014397 23
4 987983540 9
-2 503827435 3
5 496419198 39
4 498979866 11
5 767818710 40
-5 10070696 7
0 113222055 9
-4 207189351 12
2 338854263 10
5 609303259 30
0 308261581 29
0 253642930 34
1 435288261 18
1 175796391 22
-5 465258499 29
-4 526988616 18
-3 898977559 20
-1 169283078 13
-4 408899166 23
4 441746440 21
-2 668832512 10
4 676407823 32
-3 274953696 32
3 480190115 16
-1 600010934 32
4 742954306 14
-5 365037701 35
5 863195860 17
5 233141097 7
1 556904969 7
3 558281876 28
-1 550179928 13
3 69224577 27
4 721012401 13
-5 84763102 31
-1 490517755 40
0 939116509 5
2 701686286 25
4 473374389 23
-5 124344510 8
-4 663674767 15
5 759865995 26
3 873961449 4
1 476749928 14
4 693488120 24
5 534539465 11
4 54826824 1
3 859497598 24
-5 887549302 29
-1 256317775 11
-2 116565513 18
-4 976931798 23
2 239734373 35
0 737234995 33
2 284639721 26
1 610559999 28
0 140739941 3
-1 844570094 34
0 815863189 29
3 163906832 24
2 657912226 18
-4 708524219 29
1 770919721 30
2 129520213 17
1 877085772 38
2 529697999 36
0 395686764 32
1 43175011 32
-2 156411023 30
-3 458494033 14
-1 757999802 3
-5 211649433 37
3 575294841 16
3 124870228 5
2 772017762 1
1 431439482 13
5 189611675 5
5 87265378 31
-4 812238334 15
-4 730233168 22
3 404430652 25
0 20656232 4
2 231816533 21
3 726442850 40
-2 955936431 39
5 901724848 20
4 327951282 1
0 84054451 22
-5 813114006 20
0 116758335 7
1 984863293 21
-4 649049228 2
2 71977061 35
-3 192416056 14
-5 253393651 23
-4 303478819 16
-5 493529366 22
-3 159486738 3
-1 606557091 32
4 784550202 18
1 761859878 9
-1 556323922 25
-3 29687051 28
1 19332917 32
4 669270107 26
-3 390248121 34
-1 594596735 8
3 362087459 2
1 866312147 4
-2 150347933 13
-1 960224714 29
-4 803746208 33
4 7589492 9
2 569246513 21
-1 189895669 39
3 399453933 6
0 411593740 5
5 855640796 35
-2 493531889 19
-4 448167737 20
2 792967023 27
3 105756426 21
-2 22924895 37
-4 222846266 33
5 364535121 1
4 768339391 37
-4 864510092 26
-1 802679404 1
-5 360509181 4
1 245408592 24
1 996827887 9
4 575089293 19
-1 936714894 8
0 276609340 39
-4 833320257 20
-2 441477259 3
4 426440429 26
-1 114612037 21
2 227593229 40
-4 357634870 18
3 195803150 17
3 329751611 32
-4 401204169 2
1 233293412 23
0 238642547 18
-1 920389269 9
2 424501486 29
-2 749093907 1
3 682357773 28
-1 76798111 20
0 821974755 1
1 373839251 31
5 235467878 36
-5 976437192 25
0 142152758 40
5 821221577 14
-5 195150673 4
-5 336207412 15
2 325592600 7
0 243515833 7
3 812860019 40
1 102430922 38
-4 151617795 12
4 346904799 39
2 213333823 18
-2 217004028 39
2 103533570 38
3 513154412 6
-4 409729274 23
-4 460070836 5
-1 628515516 39
1 182233917 12
4 615449113 4
-2 531972352 36
-3 640946277 12
0 409342018 30
3 437881746 22
5 773131646 37
5 716026347 23
1 452098677 7
-1 996182071 36
-2 829159314 20
3 570136233 31
3 18501809 17
4 359434057 17
4 834401271 20
1 643783539 9
5 843385055 10
-2 356323809 24
2 699258197 33
4 727714641 15
-5 138258500 39
1 515973794 28
-2 792563688 5
1 738615103 9
1 404257873 23
-5 753063050 14
0 451042489 23
-3 99199633 16
2 419853661 38
-4 971631931 12
4 962945971 29
3 474596035 19
3 911103011 13
-1 460908985 15
-2 822344943 11
-4 637524186 29
-4 331314362 19
-5 70788805 12
4 549494568 36
1 211512527 34
-2 281769045 28
-2 506980699 38
5 663465245 20
-3 48258581 32
5 485166888 9
3 617858691 30
-2 627421027 29
-2 258059165 33
-3 937026769 17
5 630815389 26
3 485806791 9
-4 741518563 16
-1 524904064 22
0 369704312 7
5 623638622 11
5 114207270 15
4 153956905 40
2 911614071 39
3 219840423 10
5 601053394 8
0 764751186 22
4 496208181 22
-5 210613063 32
2 902328830 23
4 882692083 33
1 399729920 16
-1 961181311 13
1 725034226 34
0 706682682 4
0 123661664 11
-1 568707793 30
4 564117226 10
2 385692814 38
-1 193764601 34
2 63251837 6
3 995691322 37
-3 464358581 19
0 304085471 35
4 19073766 4
3 65431357 13
-2 296987556 20
-2 704238672 8
1 925513853 3
-5 804903751 13
-3 24496829 35
5 678279769 23
-1 434153299 26
0 290601055 11
-3 928181906 37
-3 841641896 8
-3 585327502 1
-1 695115058 22
4 683931992 6
-3 228413712 17
2 44200174 16
-2 435773619 16
-4 25051134 9
-4 142931638 31
-5 373877950 3
-3 341550854 24
3 326739038 27
3 194856000 36
-3 407662335 40
-4 650481530 9
1 179449943 1
-5 634000714 4
-2 752643946 34
3 269597370 33
3 763840817 24
2 43054616 40
-5 632615086 38
3 148666075 3
3 278560900 30
3 597730908 37
-3 539578702 11
-3 148077350 22
5 420873295 3
-1 782211196 11
2 486665547 39
1 569740729 1
-4 609761594 32
0 643530281 4
2 320965973 27
2 342522756 18
-4 836181244 1
-5 379748948 2
3 662845657 24
2 761988558 24
2 899352798 23
3 472092748 31
4 174902919 9
0 695688725 29
-4 47445064 21
2 716166831 34
4 668083121 26
4 249539065 23
3 56044439 18
5 3677213 5
-5 999048815 16
4 565717356 28
0 97164584 11
-1 195894093 34
-2 257572335 30
-2 95587859 11
-5 393222381 14
3 945711169 31
5 545262438 18
5 201936648 20
-4 590938874 26
2 581487106 6
3 162558243 8
4 570015952 21
4 754330877 11
1 853006071 25
4 19374911 9
-2 337150055 39
-1 237470707 6
-3 245783041 1
-5 952382516 21
3 871078790 16
-1 641332847 38
3 339285243 23
-1 414993608 29
5 757373042 3
-3 139448633 32
-3 401417801 37
-1 681018089 8
-4 501706876 7
-4 662321459 39
3 476541370 17
-2 247374332 35
-5 127671218 15
3 771578845 18
-1 422602322 7
-3 468623095 22
3 933826347 23
3 442634014 27
-3 496374145 3
-5 762511059 5
5 580116783 33
3 686525157 10
0 590264604 21
-3 586045624 4
2 949845671 17
-3 962918627 29
-1 727237721 37
-2 739355108 39
1 296258090 32
-1 946280742 15
-5 882101687 25
2 749005658 36
5 755301930 4
0 582862723 3
2 154623027 32
-3 770470661 6
0 575540319 33
5 914623341 26
4 855866432 13
-2 4200465 15
-3 670033426 26
2 284619337 20
-5 967173834 17
-1 149143672 9
5 263836332 5
-2 404425860 27
5 588941789 24
3 862980775 18
-5 529512156 12
5 500576585 39
0 748471514 29
0 567632178 21
-5 406965213 35
4 423588645 31
-5 190038057 17
0 961867973 18
5 372897113 11
-3 436230067 15
0 13087897 3
0 994766112 31
-2 990750806 28
-3 593955733 15
-5 876747519 21
1 756342713 39
4 34300504 28
4 196392753 31
-4 513173209 1
1 418656321 1
-4 53313711 24
1 54249587 28
-3 94525192 11
2 842352939 23
1 702848300 24
-5 308972980 34
-1 239898650 20
5 333129323 16
0 594032399 27
1 760076627 27
1 27029634 17
-3 182407029 1
2 823165509 29
0 871979963 22
-4 70456305 28
2 838736843 1
2 327860633 5
0 275528719 25
-1 547326005 26
-3 173422089 27
3 237619690 26
3 75428577 14
-1 290246840 23
0 669278771 28
5 898842561 15
0 453171752 5
4 964358608 20
1 888711469 11
-5 937839343 16
5 894656505 1
-3 219357059 38
3 145062004 39
-5 216127455 34
5 44621872 21
2 869913708 7
-2 769341805 38
0 975816160 12
1 518517180 5
4 385126776 13
3 352520680 34
-2 834626867 33
-3 656978814 4
3 424899255 3
3 925264435 18
2 232199795 6
-2 777140155 12
0 414567129 25
5 967062913 28
-4 269687106 16
-2 40800859 31
1 282999624 24
2 512467310 20
-1 631839278 37
3 541241555 33
3 245846945 11
2 522957351 37
-4 488226100 39
2 513896850 38
5 487028052 30
-5 459038021 25
-4 530143416 16
0 296358337 19
-1 700289249 17
-5 349158698 21
4 917169988 29
-3 69349318 26
2 113911505 32
0 779635402 13
-3 157259003 19
-5 913073478 20
2 290678444 36
-1 21804793 7
2 432751905 22
5 941719627 17
-1 61178764 17
2 537404091 40
-4 407693259 31
-4 336626691 5
0 669816185 40
2 112995333 23
2 925728844 17
-4 626603768 34
4 629692438 17
-3 318301298 2
-4 756689166 2
-1 984634584 33
-4 517996803 5
-2 158082767 35
0 718201704 37
-5 162933616 27
4 524290571 17
1 639370621 24
-5 93972888 16
1 295542560 3
-4 751437598 26
2 62507380 17
0 425479548 10
-5 526271462 28
2 58761084 2
-4 42358283 8
4 421432138 10
3 308634319 14
0 53459406 33
5 184523714 38
5 409130891 26
1 161277954 4
-1 543400799 35
-2 907721118 9
0 261017033 6
-3 396520089 14
2 252059028 14
5 183285355 5
2 512484028 7
0 569845890 33
-1 649473236 26
-1 600195301 23
0 212397091 27
2 4853413 39
-5 806350925 29
3 727572145 3
-3 217045561 27
-4 205401669 33
4 386689263 12
1 752225919 26
4 406432353 32
1 179303733 38
-5 889591305 6
-1 152301167 17
-1 519873196 13
0 714883613 36
2 372920887 5
-1 896483932 39
3 669809031 28
-2 908225414 21
-3 490466163 37
-3 934958535 5
-2 923336863 21
-3 570079407 17
0 132554981 15
-2 23158981 28
1 28767748 23
4 166237980 33
0 361853899 18
-2 885311621 8
-3 671648356 23
3 762406477 4
-1 128733758 5
-2 658876287 7
0 417103607 36
0 730441572 9
4 218688131 33
3 81300470 19
4 325817771 35
4 71803449 33
-5 790461181 6
0 574159014 15
2 454188913 13
5 456849646 14
5 324326350 2
-3 342492787 16
-3 243982712 36
3 592284081 3
5 883431448 27
4 247298785 10
-1 147720328 2
-5 48092099 2
1 92785423 25
4 986613962 32
1 806990202 36
-3 961815185 38
5 138792586 11
-5 185316858 36
5 625519334 34
-2 483414326 8
-4 921274823 22
4 802645215 38
-3 51236693 13
0 536667091 22
4 390116795 2
3 508406480 36
-1 205624469 25
5 711352243 17
0 169635365 33
-1 227781577 34
4 619840491 40
-3 982982933 29
-2 727298049 17
4 348658234 4
-4 999284769 29
1 588832303 3
-3 174648046 24
5 423456132 1
-5 677506065 17
5 504604009 2
5 242048455 37
2 562905496 32
-5 135188257 5
0 122442708 32
5 92066520 26
3 941493276 26
-2 739152077 24
0 449542684 26
1 320552778 19
4 889854344 24
5 796611090 25
-3 321692373 33
2 20289919 27
3 836954144 16
-2 483135345 17
-3 873475014 34
2 75016162 25
0 530221739 20
5 497417513 24
-1 591521949 39
3 840445839 9
1 517137473 31
-3 63232460 35
-3 463360422 29
3 54989962 18
-5 20694761 19
0 739836452 1
1 853167272 16
-5 260827450 26
-1 930814944 15
-3 655395097 2
2 901685654 33
4 872067895 4
0 180629106 39
2 307934601 20
0 203799035 9
-4 451788098 32
3 652802952 25
-1 285911017 17
5 273656036 37
5 290800776 6
2 355676807 27
5 890561265 11
3 310930768 26
-3 18240512 8
3 733910966 38
4 816184413 4
4 844226920 18
4 964269017 19
-3 323486462 10
2 424085599 31
-1 813358052 2
3 651911567 32
-4 913493845 15
-1 692462856 30
-1 576648069 18
0 595738988 1
4 918653820 24
-1 521574399 22
1 68211160 32
2 759601050 9
2 541990728 2
-1 661564488 11
-4 630955633 3
0 365162463 35
-3 421269924 34
3 296381746 19
-5 684623289 31
5 866177761 22
-4 872980713 1
3 71067144 7
-2 388794824 17
-1 416838181 3
-2 263351441 2
4 356136629 20
-1 803386276 35
2 260765246 10
-5 883390708 40
3 150902395 23
4 665695644 8
1 126071738 36
3 809339457 16
-1 400638745 12
3 945343616 7
2 415095323 23
-3 356456070 31
0 603808575 8
-2 859712680 25
1 293189805 2
-4 256105118 4
-5 689307477 1
-2 798829037 3
-2 356392023 14
1 596365330 6
5 643062806 21
-5 28364671 18
-1 631457579 26
4 980312353 16
-2 797807046 11
5 677403016 30
2 45767646 11
0 97138268 7
-2 178118041 2
3 173868170 25
-2 463218710 28
-4 600504961 8
1 488634924 8
3 468771989 27
5 644057790 36
3 784056321 36
-1 730535321 25
1 562232648 39
-4 319928419 36
3 72402166 37
0 774593 23
5 317378462 15
5 835387097 16
3 968303048 6
-5 629087554 38
-2 2940462 1
5 786657580 1
4 941523468 8
-4 934350789 22
-3 597454453 9
-2 1953439 17
-2 824838806 33
0 221785890 7
-3 908160657 16
-1 261052015 29
-1 949746901 6
-3 62365204 18
-2 931813747 5
2 977264970 23
-3 982075027 5
0 701021398 3
-4 604268639 35
0 350487570 32
1 507189599 2
-1 281285996 33
-5 970130832 33
-5 982936099 29
3 189863829 27
4 711306225 11
2 746421315 20
-3 306496944 24
1 200188383 37
-5 969822062 5
-1 156768213 40
5 51660341 10
-5 759979586 17
3 890462303 11
-2 521206184 25
4 313462538 32
-3 141547419 8
-2 807514030 38
3 173109457 36
-4 768369388 6
5 644673719 18
-3 835936712 21
-2 549109504 38
4 801149106 9
2 805260469 35
3 351978907 15
-5 496221898 19
1 217326921 15
5 601816715 26
0 356529220 8
1 148811417 1
-2 692454529 29
0 518431920 28
-4 156054325 40
-4 941454423 5
0 355985708 21
4 118145015 9
4 506819929 3
3 700034822 15
3 268087027 5
-1 635979351 29
-1 531253432 6
4 214951217 1
-4 466569324 13
3 457627927 32
-2 16386055 30
-3 703052818 40
-5 418682590 21
-1 407907301 19
5 35912406 33
-5 36391332 12
4 739415137 38
-5 30836685 30
4 699114146 12
5 275380931 1
0 755203074 37
4 651264569 7
-4 22867317 15
5 2579143 29
-4 81270777 37
-3 991494055 29
-2 410930405 32
4 855008283 40
3 8714288 23
4 573838223 30
5 717510009 30
2 326811438 8
0 889226166 37
3 676758710 8
5 863515553 1
-1 840042175 20
-2 259876898 1
1 603724845 32
-3 16957305 14
4 251440194 27
-3 206886315 40
-1 559789001 36
-2 819658083 36
-3 186624388 14
4 953575589 16
-2 526409059 33
-2 857440921 1
2 743566022 30
3 62444907 23
-1 224303221 18
-3 80104004 31
-2 444030393 4
5 444102367 19
-3 455230898 19
3 350642774 24
-3 922824537 30
1 280686369 37
1 928190335 16
-1 145823458 35
-1 751780781 28
5 361166333 14
-5 702113325 5
4 723883317 36
4 389820563 23
0 79588432 15
2 627317526 21
1 973013251 37
4 917934305 24
-5 185544219 29
0 609643689 23
4 251515130 2
-3 392826837 34
4 782865969 18
-4 808710983 32
3 656756121 37
0 364334041 36
5 113565080 37
-5 503700638 18
-5 681687781 36
-4 91299764 35
-5 318451236 1
4 400255465 33
3 341046969 1
-1 390959559 37
-3 287384405 16
4 301714044 35
-5 747528657 7
-3 823276903 40
2 127958398 18
1 110966384 22
-1 658399015 20
-3 663437685 11
-1 269980259 13
-1 430876570 23
-3 684018571 19
-5 871371340 19
1 956457299 38
-4 927002460 10
0 898179297 8
-5 948718269 2
5 164529589 18
-1 815553442 24
-5 540653234 19
-3 30765954 3
2 605327941 19
1 555770250 32
-3 749537616 4
1 213131300 32
-1 460629868 16
-4 372179770 31
0 335059796 40
2 153392794 40
4 100936830 36
2 184530177 8
3 914434257 25
-4 718111729 11
-2 931139679 30
4 599633684 4
2 525218425 22
-4 670542021 39
2 294365865 8
0 950062939 12
0 331204598 29
-4 33299317 34
-1 153110633 24
4 718918375 25
2 386283916 33
1 781831586 27
4 273132429 1
-3 626463330 21
4 985842108 1
0 739998931 13
-1 17723483 16
-5 811713682 17
-1 60508160 37
-2 785522346 37
-5 290064381 23
3 519253333 20
-4 56610120 17
-1 341509122 39
-1 859803881 23
-1 462283191 7
-4 182210581 11
-3 175224081 13
-4 478984447 5
-2 981067721 5
3 86522072 15
5 838599324 36
-5 468272188 21
-4 86704030 39
-3 40067575 39
2 526699990 23
2 350670112 9
4 108902697 18
4 437961958 29
4 609951375 38
5 433515905 4
3 746286679 26
-5 740667844 37
-4 885527535 29
2 525049402 14
-4 960676697 34
4 833030286 37
2 590518237 14
-4 57521566 36
1 838894052 5
4 327744000 29
-2 69965718 4
-4 719651734 39
-2 12670655 30
3 257000175 17
5 919385006 1
-4 724637459 19
-4 859114481 21
0 270390658 25
5 98727564 34
-2 612183415 29
3 714950173 19
3 220775133 28
-4 158785975 8
4 424890108 18
2 601689559 6
-3 370903807 1
5 673539450 36
-4 552760756 4
-2 781509175 14
0 416970292 4
-1 94541581 22
4 730351694 36
0 182803526 6
5 636138828 29
2 128019774 9
0 724426631 11
-2 366120669 1
-2 56554078 14
5 496127147 23
3 140951552 39
0 546822187 1
4 735805028 13
1 298878673 23
-3 250514559 9
2 260667544 1
-1 371946876 27
-2 780551736 11
4 562936237 19
5 449053120 24
-1 45260206 28
-5 939537915 19
-2 872340096 28
2 990083190 7
3 983921159 25
-1 419541953 20
4 309429398 18
-4 995370556 8
0 101162320 6
4 526895491 10
-5 576938112 19
-4 117663523 1
2 141787103 33
-2 725114812 20
-3 111992123 27
-5 216655053 39
5 98332747 35
1 887473729 21
-2 194254127 33
-5 264634015 18
5 611099795 24
-5 322503236 9
5 232939188 31
2 600359537 10
-2 769638472 5
-4 14326125 5
-3 982427122 40
-2 792030810 28
-1 793851051 34
0 482013889 32
0 488434335 18
-2 815634225 22
1 625794537 31
-2 102228181 39
-5 959933608 36
2 113658777 2
0 19500797 13
1 856434348 11
-2 114827712 36
-2 209359860 4
-5 766548136 22
-2 916380002 35
1 192277402 37
-2 510204372 29
-2 898989354 35
0 429778069 36
4 2076689 11
2 7171500 1
0 361931851 6
-3 95792817 22
-4 709352763 2
-2 707346890 16
5 25598863 16
1 61195184 12
5 364118651 37
0 272775522 34
-5 772320616 21
0 584694115 22
4 854289337 24
1 747443881 15
-2 653218131 37
-4 944183458 18
2 128831578 26
1 622103805 12
-4 904124575 4
-3 961014513 9
-3 552098237 34
4 381781716 5
5 165241123 39
3 608388470 9
0 355348463 1
5 977434214 1
-1 908229518 3
1 811149215 38
1 356547624 17
-2 419299825 17
0 556098003 15
-5 200604769 28
4 58444491 33
-1 670722227 27
3 329673974 18
4 394201083 14
-2 538023178 15
-4 649381305 35
3 262615305 13
-5 581901737 7
-1 796363674 22
0 980378225 24
-1 886937221 28
-4 364791612 33
-4 62256726 11
1 944122095 36
0 806610900 31
-4 493745664 9
0 535980856 18
-2 767885170 34
0 369256756 20
-1 563179874 3
1 658694708 22
-3 985335408 22
-1 70561979 2
1 916670721 40
-4 722731963 36
4 633327076 35
3 691015616 24
2 21194934 40
0 489691337 35
0 117248453 40
-3 346455171 3
0 233952161 28
0 859990333 38
1 744212473 11
3 250825472 6
2 811019034 27
3 186637832 17
-3 887330672 32
-3 377600269 39
5 743472056 38
-3 133686147 30
2 709805577 7
1 424458439 21
5 886673719 34
-2 120687368 39
-3 68356055 22
3 585309213 7
-3 205841992 39
5 769479926 34
-5 377323054 8
3 88647609 37
3 723024232 4
-4 257185745 21
-4 675394652 5
-4 762777887 40
-3 931587268 28
5 109345988 6
0 388254702 37
-1 977698798 23
4 104211264 27
-1 118025027 5
5 497506830 8
-3 398728494 17
-5 519981720 34
-4 737498875 5
4 436483882 13
0 852658887 11
-5 851085910 28
-5 946497585 37
-3 594179316 13
3 85945842 14
5 133894347 19
5 802742556 37
3 545835068 8
-2 581375198 18
-5 142210983 25
-4 148505689 4
-3 140611853 7
-2 926403408 19
-4 677469596 26
-5 526533313 13
0 789604297 40
-1 389079143 21
3 289987718 11
5 975728822 35
-5 599767381 29
-3 774682293 26
4 934117967 12
-4 319980505 6
3 739278523 25
-2 568106013 26
3 932135087 22
5 631258927 8
5 939828643 25
-3 941912846 15
2 794349295 35
-1 914592764 20
-2 942288135 19
3 732733028 16
2 558068745 19
-1 520560647 18
0 959377535 40
-2 274115321 5
2 523215229 36
3 525110173 20
0 724741841 31
-5 630380144 11
3 624073613 2
1 372395419 33
0 730414935 18
-4 94124836 34
-4 505289678 10
0 649095178 26
-1 583899836 2
-4 678661744 37
5 99583932 28
2 204056900 28
-1 763025326 22
0 398089170 38
1 219050214 36
0 829351359 38
5 353199232 9
1 319992888 15
2 165880104 24
5 793921515 38
3 739077159 31
5 716633457 20
-5 262397413 3
1 649396256 40
1 936935799 23
-1 432315017 22
4 648757783 30
3 273949772 9
-2 214594271 31
-4 70419565 39
1 251347680 24
1 247746878 10
-1 963795055 33
1 583236313 19
-2 828107376 37
1 740898952 36
-4 731727577 12
-4 104680870 12
4 619106608 20
-4 244404456 10
-2 185183235 12
0 178567619 31
0 473143968 38
5 795835738 28
4 214803503 33
-2 579941122 14
-1 335336785 16
-2 175068410 33
4 975328438 7
5 294382411 17
-2 648099335 7
4 59102683 14
3 489614677 22
1 652384128 4
-2 384035897 24
-4 599297956 2
5 645880478 5
-2 502475708 40
2 655831113 15
1 991686933 31
-3 461798170 4
-5 496316013 30
0 765434515 11
4 589970051 5
1 686560802 19
-5 881121779 8
0 593368388 27
-5 840287778 18
4 850624584 5
3 534877265 19
-2 558916162 2
-3 38885967 1
1 399194928 4
3 360106878 25
-2 43166449 33
2 904003953 7
-2 176856407 18
5 373538090 5
1 62353296 31
-5 763766946 12
-4 174525978 6
-3 937952053 22
4 265247754 30
-2 531895890 31
3 116467437 7
0 239742420 10
5 10221650 20
-4 258680861 23
5 569493820 27
-4 859046568 40
-4 863099095 8
3 607333981 14
-4 614563106 28
-1 51028218 4
5 897372996 23
0 832457523 17
-4 268135680 16
4 854339371 38
-3 816070776 15
-1 706615942 7
-4 597979331 36
3 365732319 31
-5 248425777 32
0 934823089 36
3 107931275 2
-1 955395709 27
-5 193704915 36
-4 295395251 39
-2 90383053 21
-1 951475807 23
3 730674153 11
5 696109288 17
4 823301738 38
2 940935183 12
-3 139611396 14
4 514801058 8
-1 266494221 30
2 156552352 37
4 764280272 26
-4 807586650 8
-3 400057784 8
-3 17203088 8
-4 650166273 29
5 790340364 10
-3 464870920 16
-1 523863713 25
-1 4274828 36
-5 436217428 20
2 77367257 1
2 338329945 9
-4 862202835 7
-5 909231675 29
5 528687514 15
3 493335902 26
4 465469395 39
-5 171960187 11
-2 423289676 12
4 736035842 39
-5 181830946 32
5 235767725 37
1 124375893 34
2 180839720 11
3 454136237 26
-3 662104039 9
4 492125784 20
3 466977513 26
-3 566788267 35
2 341203660 14
4 265460206 29
5 35577414 23
-3 494542972 7
4 357349714 4
-5 248390224 23
-3 151704454 9
2 366431580 15
-5 637129009 17
-3 495303183 15
-4 116906074 34
2 972156868 7
3 801527602 27
3 231710008 27
-4 709628206 16
-3 502887859 27
1 586273584 33
2 621995291 20
-1 512420253 3
-2 360554556 32
-1 356825934 22
-5 388639833 9
-1 264956041 13
2 174268410 18
3 874321371 17
2 295939427 32
5 885940131 39
1 772580148 15
-3 93334014 40
0 220817559 19
4 487187823 9
-1 607423909 4
1 504690273 38
4 625657469 27
3 66971203 19
-2 131437152 6
-3 266441930 30
-4 1735020 37
-5 205281317 17
2 482842690 24
1 620595626 15
0 83117379 22
-1 317862587 9
2 927687079 24
-1 446365134 18
-5 334621576 7
-3 811275038 16
2 484692373 38
-1 893591627 22
0 585242567 5
2 424079961 6
-4 661021877 14
-2 921846535 6
-2 287320702 2
2 396431561 13
5 824765631 17
-4 547153989 40
-2 193292448 30
2 522521612 26
0 231615617 14
0 823882154 22
-5 13259459 22
2 44977932 31
-4 680485324 31
2 747892966 37
-1 806462636 32
-4 750298384 35
1 678158030 19
0 587745418 35
-2 362090856 40
1 69438440 20
5 177068490 2
5 499233949 5
4 27396389 31
-2 250666156 20
-2 870367110 2
3 601141937 9
-1 334866073 21
-1 727610036 19
-4 172744906 25
-1 553217974 25
-2 109199670 4
2 417010287 16
2 311066148 25
-2 133965324 18
3 379869103 27
-1 363633776 35
-3 732609447 26
-5 205993511 31
-5 614801678 13
-4 737539339 3
-5 935948004 30
2 952919363 25
-4 125589268 29
-3 884470790 30
-1 524415329 10
3 610539627 26
0 890435842 7
1 678943111 22
3 821405555 36
1 331193399 7
2 718775499 22
3 604292048 10
4 30837568 37
-3 969246791 21
-2 226219477 5
-5 520757452 39
3 14256227 12
4 181473816 22
3 41060057 37
-1 141935942 12
-4 3945794 11
-4 351939338 20
3 844832872 2
-5 115219451 34
-4 394426024 6
4 198231695 7
2 260341986 8
-1 606477252 32
-3 671329212 34
0 986430250 36
3 524804514 33
-4 104604059 33
-5 757177292 20
0 15567614 22
5 336143395 23
2 596487192 12
0 551644806 9
4 386133796 28
-5 460200859 7
0 100989290 5
3 917613329 6
-2 511178379 37
2 63085967 33
0 192440441 13
2 451823135 12
5 246398992 36
3 910465405 10
-5 401513436 38
5 377350148 13
4 169379403 24
4 489524225 28
3 979778072 37
3 990028967 37
-3 551903326 8
5 881595597 5
-1 710201447 23
3 700111992 37
3 180555657 29
-3 969119997 34
-3 547917116 19
0 933910137 30
-3 206129076 35
-4 832831556 12
-5 961372007 20
5 894790082 23
4 954226352 14
3 424287773 26
-4 438358366 1
2 112219325 37
4 984956387 1
-5 393725342 40
-1 76189404 38
-2 496748930 22
3 370193237 33
-1 247996320 38
-4 202318396 36
3 263333396 9
-1 539335231 14
1 965484419 36
5 802596204 19
5 907157863 32
4 890514475 36
0 604997889 34
2 716753915 9
-2 925918340 40
2 192582938 22
-1 950199449 31
3 449824509 6
-3 404236187 29
0 466381054 12
4 42270887 20
4 455421637 6
-1 289445006 21
5 225354330 14
3 515431344 21
-2 965933630 36
-4 323179576 26
0 208869394 40
1 189571979 32
0 642181714 19
4 193283717 26
-1 186186134 20
5 783435011 15
-3 385750213 28
-1 958752983 4
2 951349922 24
-1 999624104 14
2 294562031 26
-4 496285868 19
1 172539343 20
-1 860234681 36
-2 876579541 34
-2 648683712 20
3 428581600 26
0 696849298 27
4 200542818 18
-1 305170873 38
-2 214393249 35
2 576221085 27
-4 167898143 10
-3 633813287 36
-5 442273371 25
-3 61062261 37
-1 767507509 5
4 632920010 32
2 886334157 11
3 146420784 20
0 996396258 35
3 168293362 20
3 444149898 16
2 621429422 34
-3 628580959 30
-2 619436701 20
5 769645584 38
4 762605427 17
-5 598638103 38
1 291406371 35
4 314482346 2
0 810612552 1
-1 787380057 26
3 291659437 6
4 840257086 2
0 297146999 17
-2 19934148 6
2 138509900 3
0 266476891 9
-1 694548656 24
2 131376093 3
5 599557781 28
1 717538980 36
5 300066501 4
2 288203851 1
-5 191486349 32
0 91960475 27
5 879165029 26
-2 310979441 17
-4 444894838 14
0 558452308 15
3 200103850 6
5 698000565 29
-4 683624841 16
-4 35369109 29
-5 867416193 39
-5 996740497 40
-5 139558782 38
-3 919534224 36
-5 56944362 40
5 371185084 37
0 626894127 21
5 892947327 33
1 977038574 21
-3 297778588 7
-3 108410906 13
-3 37719815 9
2 885179877 14
2 763497851 18
2 645808850 24
1 29150948 27
-3 794684227 16
-1 165549210 28
2 719719428 4
1 597352064 27
4 452736955 2
3 329007898 20
-5 994776138 22
1 791948709 4
0 889349795 18
-5 851212619 4
-5 557639012 5
-1 980424788 32
3 299006006 12
-2 853507230 31
-1 16381454 27
-1 774384699 33
2 984812924 19
-5 318803504 1
4 740390524 24
4 641812167 32
-4 776402006 40
-2 443384239 14
0 487517521 3
-5 192906388 12
-2 661914169 5
-3 882179993 13
-1 90434219 14
0 837383333 11
5 813096547 1
-5 896523895 7
4 815136500 7
2 752908590 40
-4 364194589 32
-2 980816323 17
0 971484752 34
-2 257558735 1
1 160374092 38
5 419045238 21
-2 911508214 3
2 385742122 26
0 241262710 3
-1 627973025 36
-4 99829821 18
5 566314754 35
4 131169062 11
0 207734209 20
3 831181797 19
2 32261019 1
-2 819154804 3
-4 529764807 35
0 350395522 16
-1 876078762 3
-4 422762131 15
3 14335996 6
4 894400477 9
2 396423435 6
0 500664972 26
5 558050355 29
-2 275903994 16
-5 486044224 23
-5 921500827 20
0 762586466 21
-5 310057263 11
4 250371577 38
5 622907231 1
3 897355813 3
2 686742674 28
-3 712218391 37
-3 583012225 1
1 928314870 2
-2 998643389 35
4 635447427 17
3 511572232 10
-4 328073162 11
4 422512081 32
1 615100759 29
4 569452268 13
5 947473673 4
2 926245045 26
-3 580705182 9
1 178300871 36
-4 14055197 9
5 598386272 30
5 664079526 15
-5 251443921 34
2 468642048 7
-3 539903446 6
1 898336323 3
3 24674098 1
5 961137249 17
2 437786193 14
0 313974271 18
-3 148865897 29
-1 115685436 1
-4 853331687 17
2 906677383 7
2 206174139 37
3 980613328 15
-4 728110355 1
0 527708558 40
-2 758364758 29
-1 254767269 39
-1 602340529 40
0 810070280 31
5 757010549 30
0 819199300 20
3 248308142 40
-5 805835098 4
-3 300112806 39
-3 589450097 38
0 927157089 35
2 444297552 19
4 191627907 36
2 95711681 10
-5 953545439 11
-3 152596388 11
-4 890551202 35
-3 122719900 34
2 386134700 36
-4 302585865 10
1 974943024 13
1 659981884 15
0 593130747 4
4 500538334 13
-1 421187274 5
-3 787737278 2
1 637611073 28
4 904211038 29
4 68762627 13
-2 38739236 34
-1 707477159 16
-4 639470837 6
1 10625541 6
3 951837302 4
1 230125742 36
0 126913949 4
-4 522121275 27
1 118566846 11
-3 754726767 29
-3 832953634 22
-2 154481122 2
-4 94445542 29
-1 356518005 38
5 724642785 37
3 161960472 23
0 33212090 34
-5 417696898 22
3 401966873 4
3 870855835 34
-1 964690388 8
4 224059054 26
-4 155145059 38
3 281295155 36
-1 573110354 2
3 209224155 24
2 987825288 37
3 403357474 19
-3 303630882 31
1 899024606 13
2 452930066 17
-3 51989609 10
-4 401998346 19
-3 97435964 37
-1 522982860 23
-3 214332304 10
1 327470347 3
-4 200415529 34
2 169141729 9
0 435481640 18
-5 599228740 14
5 871306313 38
2 805829958 28
5 959257500 16
-1 500737364 12
3 162037831 31
-3 90230071 1
3 557387084 3
4 995186802 15
1 720573377 16
0 857066125 30
5 339388980 22
-1 806171749 12
-1 702532776 34
-3 880929035 16
-4 715088485 8
4 441987270 4
-5 115454907 38
5 684607310 20
1 146225084 23
3 388346124 37
5 468860620 9
-5 963196607 3
2 424551482 37
4 53321751 23
1 264441916 9
3 710317965 13
0 584161168 22
-3 924111669 4
-2 449848881 3
1 293777747 1
-1 114532964 26
1 720119189 18
1 554541903 9
3 275067133 9
2 672239000 15
3 610185690 21
-1 418168253 20
5 433088946 38
5 148348470 1
-4 518581289 16
-1 196749356 6
-2 817039447 7
1 264396513 4
-1 607088932 1
-4 54600637 33
-3 434691428 28
2 309485320 40
-4 717998627 24
-3 287173220 13
-2 287121413 5
2 223796861 18
-4 501620758 22
1 778775408 28
3 913528178 22
5 685547437 21
-5 341870704 11
-3 508159966 2
5 918625688 8
3 529379175 20
-5 162836020 31
1 46715903 13
4 49391272 7
2 26292254 18
3 915986906 31
3 467528050 31
3 404910758 40
3 433291025 27
-3 661058380 18
-2 583984274 24
5 42989202 33
-2 799566654 32
0 539945078 23
1 540946727 39
2 445102799 2
2 392519409 36
-3 215279186 5
-5 520783726 16
-2 288661069 27
5 855165747 8
0 538920703 35
-3 986286060 25
2 603781258 8
-4 927697267 32
-2 656957433 12
3 463491531 25
2 525060293 36
0 741150751 4
4 201446351 34
4 440102499 39
4 470972741 32
-4 75948503 17
0 576766362 40
-4 483839403 27
5 950154343 3
2 541837353 10
-5 589695144 40
-1 832848266 34
1 477689481 5
4 395627716 11
3 117158852 38
1 264522951 2
-3 506215164 12
-2 435046205 40
0 912388655 38
4 475897747 39
4 646055154 36
1 145180155 6
4 286149623 25
3 737914662 6
0 13575105 2
-2 94429632 3
4 488733899 1
-1 257900838 6
-3 131154909 25
1 250208110 28
-5 881304102 17
5 500801481 5
4 347833527 7
-5 491366439 14
-3 663011210 32
1 163406615 37
-3 522412600 21
-1 677061341 39
1 50783949 27
-1 746291431 22
3 983905660 4
-4 919356475 30
-4 128475349 5
0 496913532 3
2 198631704 33
-4 910474613 28
4 81670103 22
-5 848072285 4
5 634514086 14
-1 379505632 19
1 923469691 30
0 708410473 22
-3 904603523 31
5 156682585 8
4 905803465 14
-1 846646461 10
0 898153299 14
-4 184281511 27
-2 541197623 34
-1 764836114 12
-4 398855081 14
3 937568157 28
-3 818984284 36
0 481896467 33
-5 354128420 17
5 774216862 20
-5 420075330 11
-5 811532849 12
-3 394114696 12
-2 223528669 30
5 372334809 3
-1 547405281 33
-3 488676824 24
1 312630083 37
-1 884222940 34
2 721062937 7
4 105462459 34
-2 48320993 18
5 377633807 26
3 629280668 21
5 331310546 22
2 445266062 39
2 441221522 24
-2 397049080 30
-1 746176610 35
-5 956674775 6
-2 944734399 5
-4 496180782 39
-2 450067703 1
-3 15076573 7
4 43323194 1
-2 881640195 7
5 253405611 12
2 311434479 21
-3 602566369 40
-5 525701718 20
2 623893620 6
3 776479754 22
2 880052255 5
-1 873903161 10
4 579325813 11
-2 325180106 5
4 665559904 2
-1 225475718 24
-1 399006261 9
2 387591282 35
-1 619876301 40
-1 126559380 36
-5 932713485 2
-2 361742462 24
-1 772090353 16
4 677790799 31
3 317972365 33
2 454672882 11
1 489977572 34
0 846153848 31
-3 564702326 4
-1 362013802 7
0 187179573 3
-3 320183001 29
-4 582344773 16
-5 659862933 20
2 409129412 18
1 173784593 39
-4 599886201 8
-4 931260077 12
2 581211289 29
1 983930698 32
5 597092432 38
-5 695198879 30
-2 889161126 4
-4 966550854 18
2 964524666 17
-5 292896373 9
2 915193963 19
-1 254382264 29
4 808813258 18
0 325295715 16
-3 243296708 22
-2 281849862 21
5 713102558 16
4 371964793 24
-1 90732147 1
4 715337891 21
5 708516880 36
-1 448219761 17
3 279306088 32
0 311721117 4
2 541427462 27
-2 240301174 35
-3 275897412 27
-5 159571541 11
5 365194804 10
-4 681460545 29
-4 916386597 22
2 307666345 22
1 735369775 30
2 89608787 38
3 876789314 16
-4 999316889 7
2 277362126 20
5 323704113 6
-4 458513122 3
-4 87673534 5
-2 245184460 7
2 782812501 26
1 330093500 40
-5 76383494 25
-5 7821601 40
5 628402422 37
2 306484137 29
3 290604376 34
-5 494233139 9
1 145287730 13
1 586439960 25
1 2329958 25
-5 194524656 2
-5 979374379 10
0 867553709 13
2 333186882 39
-5 446178717 6
4 991093224 1
4 4283498 20
0 720263486 33
-3 40298057 3
1 552425947 4
5 106322894 32
-3 757859193 23
-2 819750337 40
1 567057173 39
0 396774971 32
5 25913513 40
-2 609134389 33
0 548003587 16
4 889622179 15
1 66869160 32
3 931075791 20
-2 317927711 28
3 997960833 33
-3 729529467 32
2 541226134 29
5 893208062 39
4 81439190 11
-5 420861402 7
2 411181754 9
0 685165428 19
0 448432121 25
5 714349385 28
-4 247551019 4
0 939996925 30
-4 286674674 3
3 688613813 37
5 516330733 19
5 660493784 25
-1 323081860 29
4 376618021 2
-5 499042162 29
1 338272216 19
-3 922841862 26
-4 830573140 35
-5 875089921 24
0 312280237 6
-4 123665557 1
-1 27706428 32
1 835205632 36
3 968092961 22
0 607448731 16
5 206612605 32
4 387858866 37
-2 917730000 17
-3 278435959 10
-1 35687618 6
0 321299595 12
-5 985146407 30
2 252852608 11
3 463758889 19
-3 375357380 5
-4 994538012 36
4 790656342 26
-3 985339871 30
-3 993493764 40
3 936764039 36
-2 786691396 17
3 831776393 16
-5 874993348 32
2 79869297 21
-4 739648450 12
-5 712734569 4
0 194888066 35
5 93898925 33
-4 987751168 30
-1 16252369 18
-5 40010802 27
0 730750929 6
1 73428526 16
-2 617659287 7
5 314078957 28
1 130786765 6
-4 791800460 8
5 28407357 15
0 832139385 12
5 667994737 39
-1 960775893 16
0 176195748 9
-3 855524876 24
-3 788010302 36
2 787620487 33
-4 403979025 26
-5 17409702 19
-4 697490340 29
-5 236807646 25
-3 925243207 25
4 294599801 29
-5 182329641 30
2 548336246 38
-3 365027619 14
0 551419254 26
-2 872559059 30
4 66981850 36
-3 204465570 24
2 913712609 18
-3 487510003 20
-5 393405817 39
-5 553002426 15
-2 724107749 6
-1 109929403 35
-1 143904605 19
3 448468959 32
-3 56526482 14
-2 91351760 4
-2 717294833 7
-3 893906993 10
1 547389705 26
2 370390722 13
1 712855499 2
2 613786188 39
-3 497836260 36
-5 492064851 29
-1 725610367 22
-2 551296571 27
-1 995289519 10
-5 792896560 15
2 583177757 21
2 439066031 39
4 461959866 15
1 599661081 6
1 718494985 35
4 55332383 10
-3 957362225 33
-2 109494621 25
0 381790975 34
4 484731685 21
1 619532292 29
2 603061068 14
-1 603604954 39
2 756364545 31
-5 556459496 39
-1 189434872 23
-4 105300283 3
0 564918502 38
-1 361567070 8
-1 672948912 40
-5 999774572 3
3 907379618 10
-4 615160776 34
-4 195819749 29
0 911437423 29
-3 726016859 34
2 648892129 1
4 392361551 39
-4 946408728 16
-1 558863508 29
-3 816334663 29
0 465002217 29
1 581053422 13
-3 43924648 2
-5 763218646 11
5 283709929 39
-2 645181102 23
4 504331740 24
0 497876859 11
3 219981709 12
1 84630515 6
3 274953596 4
2 971309381 2
-3 939017124 15
2 849734246 19
5 876621858 8
0 23190037 35
4 263061568 25
-5 264778895 17
-3 721569793 17
-4 235940448 18
-2 824229459 30
2 341300212 18
3 417030009 10
-1 291520444 36
-3 775713228 3
3 86618336 11
-5 797985425 33
-3 190160774 7
3 931509545 39
0 805257867 32
5 533634978 5
-2 824550398 3
-1 601564623 29
-1 302987697 37
5 754074553 23
1 910274368 24
-4 414921866 34
4 715015636 24
0 298757489 35
-2 495017078 24
-3 449574685 10
2 918513642 2
2 695247564 33
1 79507503 30
-4 869135496 3
5 551409145 17
-3 415163959 11
-4 234393798 14
-1 400427416 9
2 351351814 33
-1 902049949 8
-4 338911506 34
5 798476753 33
5 553966829 35
-2 360570904 28
-2 384425247 8
-1 900763737 34
2 850668690 26
-4 945666239 33
2 431815604 28
-1 553304853 22
-2 156669408 33
-4 504552102 33
0 728341222 18
4 630621320 2
-5 622653049 25
1 736555749 33
1 67664522 18
-4 76862244 17
2 52877573 33
-5 517288527 40
3 836233101 10
3 107806709 29
5 325798629 23
-1 38059790 3
5 107637946 21
5 431546232 35
4 860796265 6
1 775077748 34
2 289545345 40
-3 465103499 7
-5 398462735 38
1 676951343 12
-2 403174723 9
4 226842967 38
-1 424630886 16
-5 427699119 36
3 679475171 37
0 632171192 19
-1 76361809 17
1 993943453 34
-5 858907647 4
2 910394995 40
-4 660838984 34
-5 299174437 32
-3 956405963 3
3 184059640 5
-1 181857153 31
5 418427260 14
4 890090194 21
3 283381079 24
-5 997744791 24
-1 257108744 11
1 360939598 18
3 293760603 1
3 904345480 25
4 295023638 6
1 473596843 36
-5 642175627 35
-5 922808032 35
1 588697827 8
3 237338506 35
-5 743080698 35
-1 853429697 35
5 195059500 36
-5 154218693 18
-5 254882254 25
1 98755265 38
-5 841178724 9
0 300489258 27
-1 645306371 2
-3 724237504 36
1 628596188 24
-1 117951294 33
4 791642741 35
-4 809830456 37
4 246785039 8
-1 653060886 18
2 474284060 13
-3 817170103 27
1 89889705 6
2 830997632 38
3 736830601 7
2 657216354 40
-1 103618916 38
3 586613123 9
3 914075247 13
1 470533584 35
0 909944160 35
1 33656827 30
-2 970201976 39
-1 33632084 37
4 654052521 13
4 811988156 6
-4 58506223 15
3 861439048 17
-1 526868463 30
5 152013083 7
1 553282215 38
3 909392150 26
-5 862081491 40
5 832481777 26
-4 916910819 21
-5 814902640 4
2 344564655 39
-4 487367723 7
5 369416198 10
4 991550740 5
-3 685917744 23
4 845176297 22
-5 709905806 22
-4 226138816 21
-4 92696197 7
1 412655306 4
3 611797403 14
3 570889765 24
-2 923448239 14
2 692869480 21
4 382365313 26
1 813634707 29
3 336439286 34
4 352345800 15
-4 27905866 27
1 379189810 35
4 755705502 17
2 809045272 8
1 862127279 13
0 278408998 27
-5 385940067 29
-2 608912363 29
2 584065804 21
-2 629494707 36
-3 56907492 22
3 7940798 25
-4 179294255 16
-5 699395534 2
-3 677505757 19
-5 251997517 36
4 304437907 4
-5 788125089 24
3 84562976 15
-2 130751965 26
-1 371230943 17
-2 332327872 31
1 188817131 1
1 621698952 24
1 233552135 28
4 514407479 2
2 293481785 18
-1 871946519 13
4 27968497 20
0 68892481 36
-5 392183902 19
-1 957555482 5
4 802153824 24
5 344742326 7
0 32072109 19
5 80645015 25
3 247375233 34
0 449579610 14
1 758504725 28
4 818301541 9
5 845278470 36
1 555112923 38
4 216947591 17
5 447529977 39
2 230375389 14
5 531246621 39
-5 453301814 32
0 919351595 14
-4 754367529 23
-4 143329076 33
0 925655149 18
2 822338860 14
-3 968146311 2
0 800325177 24
1 232709981 21
2 249326331 32
3 662794748 35
-1 380568563 38
5 236801349 28
-1 861026917 18
0 636410935 2
-1 444448753 29
4 96677114 8
-4 912947277 26
-4 714904107 37
-3 179959640 3
0 878971093 21
-5 198440867 38
-4 591896308 13
3 318520793 12
-2 447028369 35
-4 770489006 2
0 140131273 5
-1 574029462 38
0 176295374 28
-5 259973344 13
-4 437433147 32
-5 958326991 26
4 248044046 10
-5 476581030 5
0 382428227 34
2 935590417 1
4 498267747 16
3 393009269 10
1 540001510 7
3 830520225 33
-1 270083997 6
3 500567920 21
-5 229690572 11
1 666442063 21
-3 872591348 10
-5 456131870 30
0 40450693 29
-4 416342661 7
-3 52538521 18
5 546739714 30
-1 943919468 18
-1 742643883 5
4 281840373 39
