200 1000 257
690 948 377
798 752 548
36 820 688
829 425 860
992 28 11
323 560 855
713 813 58
499 829 216
824 988 355
821 966 836
30 861 114
170 716 405
981 302 971
405 378 72
817 576 687
740 430 319
729 570 119
432 42 534
59 578 103
476 566 538
231 304 758
606 215 347
260 618 596
265 979 426
983 740 385
74 666 323
479 305 526
22 995 274
577 435 139
757 140 569
660 807 947
285 150 712
979 304 452
258 493 389
603 704 308
579 88 736
695 83 425
762 154 577
593 686 328
43 190 635
703 703 312
632 883 854
963 918 738
484 501 319
476 523 376
619 78 773
282 557 281
386 672 546
921 445 115
141 71 691
69 26 409
434 71 598
347 196 878
255 286 655
232 241 384
923 218 971
823 714 648
847 990 309
874 782 97
611 639 614
784 154 191
291 368 653
7 826 297
801 388 514
421 713 238
862 714 823
760 130 370
789 957 565
749 553 754
13 745 769
796 453 833
255 937 488
892 134 173
961 427 668
534 831 172
741 783 347
458 562 861
443 555 656
829 931 166
404 851 858
542 236 6
517 430 164
438 758 569
383 242 669
774 459 854
867 912 889
9 770 471
542 164 859
750 696 85
801 713 540
436 995 825
370 986 275
308 285 655
657 997 788
331 456 600
202 765 628
788 931 341
463 513 597
142 36 75
37 346 917
363 28 337
7 455 499
254 919 935
122 63 514
108 5 167
653 802 683
369 470 162
457 942 380
270 541 707
833 465 573
497 304 637
287 650 319
415 542 657
495 197 329
699 50 644
679 401 252
392 294 55
550 679 233
708 617 504
656 854 376
995 306 311
808 152 554
795 907 593
892 550 705
462 525 616
191 113 433
597 635 520
650 105 759
479 692 95
935 513 392
961 747 921
29 846 30
541 46 498
901 7 177
825 108 383
345 498 650
522 54 435
826 323 430
90 13 995
83 515 558
982 397 516
585 367 765
97 341 818
108 70 282
717 467 716
245 923 878
527 422 986
708 63 174
253 209 787
923 951 541
312 706 860
195 973 325
63 471 693
472 580 71
486 72 728
906 213 260
139 751 632
883 498 394
913 649 33
227 941 47
641 349 920
866 461 299
268 111 906
490 109 12
792 631 909
150 920 860
109 502 21
421 568 786
95 903 701
199 939 777
866 735 787
6 576 559
672 31 698
77 432 66
662 659 833
189 878 121
467 140 652
6 977 329
528 335 448
213 611 710
880 240 811
733 618 931
333 161 947
12 98 296
413 991 535
288 572 505
164 312 190
677 471 803
744 21 271
999 523 696
658 237 877
542 778 954
900 14 611
709 536 421
319 275 676
69 975 536
797 194 220
656 874 279
788 827 25
930 752 847
