200 1000 817
458 532 595
72 108 752
512 14 874
104 255 972
26 319 824
535 571 542
508 979 363
934 892 364
373 33 599
804 961 123
871 284 326
660 402 61
234 452 825
531 490 214
142 141 526
197 242 670
75 66 108
639 294 634
846 686 895
165 222 192
496 815 299
847 276 521
222 808 576
415 278 146
875 791 285
196 526 86
626 541 605
77 492 396
340 539 31
538 699 72
210 715 275
599 773 601
233 151 290
454 131 488
880 659 160
601 327 736
907 693 296
546 144 918
663 449 727
237 115 853
219 456 179
136 857 426
591 852 950
832 31 949
983 309 776
472 798 437
31 710 704
988 451 155
215 39 658
834 263 170
457 287 669
953 473 841
381 702 235
408 699 24
538 245 422
435 467 88
133 321 359
65 728 427
472 4 16
529 643 955
844 793 46
361 113 503
745 810 488
593 602 708
146 62 425
833 118 88
408 632 143
439 803 768
217 585 862
780 519 800
286 790 318
228 60 517
623 354 176
240 211 209
489 96 516
162 925 802
85 852 420
635 765 79
536 204 305
866 66 490
167 346 435
415 813 549
710 966 199
959 862 792
680 57 100
126 65 3
502 350 504
399 301 41
626 795 827
178 401 754
593 608 163
79 438 79
60 181 473
482 221 808
766 9 603
697 545 21
505 702 21
207 420 105
761 870 747
565 323 424
430 288 460
595 439 611
184 1 430
732 188 553
348 102 397
990 500 359
772 370 385
305 364 818
888 348 617
908 457 647
704 142 535
846 120 638
822 447 574
61 979 313
728 287 775
467 588 210
904 627 286
580 860 476
803 424 14
858 66 567
998 296 903
383 752 636
150 356 297
922 39 331
53 768 416
146 288 394
860 720 450
179 981 478
475 226 931
630 913 564
177 157 849
997 626 315
23 766 358
366 881 462
13 459 381
116 477 307
495 393 153
740 424 80
408 118 347
76 725 413
490 41 290
717 181 349
432 29 151
354 622 394
91 369 17
995 805 583
83 112 965
895 131 950
658 435 424
546 406 915
209 869 244
502 243 148
334 520 202
585 866 928
536 474 178
140 511 382
741 301 932
468 472 535
688 402 971
530 57 990
590 511 598
89 749 281
369 116 928
508 168 609
988 698 292
973 370 718
910 528 654
217 893 775
443 374 39
98 798 869
91 385 691
496 17 423
402 915 793
657 777 789
485 919 220
177 675 434
952 979 783
426 390 748
60 85 700
80 386 811
566 719 217
181 101 215
612 593 37
63 85 546
220 69 705
357 856 897
845 719 349
727 315 708
145 798 433
745 960 979
589 69 395
987 456 916
994 62 178
970 635 889
921 517 852
856 639 968
595 405 441
887 283 267
880 651 397
67 428 600
