500 400 690
458 170 1
256 851 299
405 26 181
383 550 354
926 367 210
312 393 196
318 979 104
183 580 102
693 230 128
520 50 342
272 355 271
924 780 35
278 454 242
774 965 247
533 578 35
636 247 129
879 582 260
847 524 180
545 889 298
930 691 314
494 605 260
97 411 265
418 59 355
26 853 269
782 832 288
162 852 78
862 433 5
876 598 156
234 730 31
851 850 94
512 450 118
571 297 180
694 906 175
911 896 143
368 613 99
443 514 304
605 8 133
765 365 162
83 680 281
127 136 65
518 237 172
187 129 65
600 45 375
728 321 38
49 819 100
263 81 161
641 109 168
355 281 273
30 142 240
617 820 139
781 286 360
895 970 371
248 862 228
443 776 136
778 464 112
133 919 128
157 223 193
607 295 197
808 922 2
633 285 340
921 547 117
71 193 40
814 909 311
230 395 110
924 435 148
420 444 164
763 687 260
905 472 315
170 842 0
947 62 381
743 289 136
65 895 333
565 425 374
562 987 83
151 102 103
328 405 308
69 479 85
20 966 379
530 388 54
704 532 12
788 628 226
661 238 60
113 500 346
575 622 340
412 619 131
305 139 166
792 61 334
763 249 118
52 993 388
317 293 334
579 178 322
261 745 81
243 417 366
655 164 301
467 76 288
650 500 197
577 364 385
794 925 57
681 570 26
759 553 212
359 527 19
577 328 102
656 538 278
406 355 359
435 858 61
172 723 214
59 153 228
137 482 179
903 9 301
817 763 335
922 886 20
847 712 92
827 332 115
154 64 202
167 669 196
920 834 227
265 344 47
596 717 25
66 313 327
341 811 102
902 261 278
870 609 272
362 581 299
23 850 382
744 857 214
783 135 158
108 988 104
951 882 276
14 137 112
201 704 170
821 512 41
425 131 139
408 449 147
73 299 241
702 613 73
851 928 43
912 232 151
75 171 123
882 203 60
446 119 38
299 28 199
293 15 347
245 516 8
287 647 234
570 551 255
507 918 257
631 111 245
708 160 397
107 996 126
139 938 133
274 953 352
383 837 396
629 301 33
851 202 367
620 544 205
147 971 191
485 878 311
652 187 204
721 885 65
42 913 147
91 917 122
32 827 332
954 523 74
368 377 241
988 255 194
502 194 313
867 550 287
836 674 49
477 52 166
118 573 262
130 313 266
152 31 239
242 228 240
858 296 91
681 688 328
927 569 269
431 239 96
465 32 336
161 886 34
956 696 146
136 856 27
867 583 365
972 363 119
58 937 317
69 277 82
307 14 197
398 429 120
547 968 369
737 197 76
205 867 139
62 94 178
991 915 349
645 887 376
758 817 320
822 38 113
808 62 82
209 586 195
767 884 223
592 471 267
156 374 358
218 194 289
564 579 321
385 929 294
753 827 63
411 258 9
752 554 218
39 368 340
178 755 110
100 242 295
678 653 245
672 284 200
648 211 162
738 22 326
674 325 32
930 145 347
678 933 270
328 927 67
34 840 173
477 650 33
644 412 400
983 228 136
75 213 191
917 600 73
564 883 151
171 349 23
924 197 150
361 296 160
58 954 63
599 410 190
357 706 248
732 443 48
373 146 268
436 940 131
652 684 87
826 941 1
200 328 159
987 10 181
295 150 160
726 744 297
112 296 138
587 522 233
521 228 51
358 676 350
452 258 341
941 619 210
760 966 324
105 537 35
299 911 138
919 682 241
182 884 198
762 560 41
415 496 124
799 71 250
581 860 226
56 745 395
911 295 104
580 106 204
906 685 227
211 639 17
745 171 397
362 114 240
463 918 180
390 758 54
505 561 96
51 130 83
360 644 115
64 537 399
806 688 65
668 967 130
807 908 338
540 121 28
989 360 233
829 460 73
292 425 211
758 204 367
752 149 370
287 365 91
744 328 203
124 401 21
928 416 287
954 855 28
918 333 119
936 338 216
953 858 55
822 682 54
912 834 379
762 686 230
451 189 224
760 491 198
693 801 0
64 131 366
940 330 109
205 738 372
522 158 23
544 647 315
816 6 320
873 859 196
657 92 202
535 66 376
567 992 271
442 270 223
85 581 234
468 488 224
130 860 214
247 637 119
963 156 69
471 7 109
25 750 4
247 585 385
379 525 47
112 21 265
11 205 54
580 101 43
546 98 110
233 289 390
739 301 337
734 708 206
552 320 16
797 672 212
777 577 375
971 631 242
9 210 44
304 795 134
152 86 250
978 62 227
48 80 79
930 942 219
940 288 336
94 115 68
515 814 392
187 157 199
464 962 12
372 288 256
380 746 242
812 639 184
373 938 341
312 937 184
947 69 294
341 435 246
646 327 318
133 465 14
977 950 193
419 936 246
642 678 30
560 27 369
327 122 304
667 892 299
288 998 386
652 952 74
214 846 179
378 374 273
84 295 162
178 326 395
229 768 253
625 228 398
795 794 289
694 708 342
349 499 245
454 662 107
106 645 82
649 687 315
854 199 349
657 447 4
545 691 256
107 893 298
560 124 260
136 146 102
669 887 164
642 986 342
628 405 276
597 292 299
837 824 28
422 956 242
790 853 150
642 37 8
844 582 168
981 777 95
856 688 27
761 130 154
449 681 155
423 124 23
768 36 76
957 92 162
245 762 353
732 641 262
616 161 32
752 454 228
363 93 388
14 993 331
292 281 137
978 104 400
672 164 41
130 234 34
788 332 342
24 292 96
293 800 223
711 699 396
994 61 386
201 670 193
672 737 244
305 452 292
428 278 280
280 428 276
740 933 339
686 623 349
947 959 67
158 910 98
817 308 206
671 64 94
781 239 336
658 529 173
354 1 184
203 130 282
46 672 226
921 42 214
724 506 297
651 915 11
263 824 241
136 279 239
576 828 110
137 151 19
796 894 282
18 548 283
775 76 121
926 633 333
55 17 108
328 355 35
696 830 283
281 192 300
894 512 1
375 455 354
166 140 84
264 1000 248
217 495 82
879 901 58
348 236 255
47 661 15
4 771 61
292 371 103
785 544 256
690 514 250
653 101 187
663 471 5
870 253 156
461 332 368
885 454 140
905 265 82
803 173 28
248 198 228
222 470 274
287 938 15
251 32 23
405 268 67
398 852 0
181 295 25
334 300 58
197 649 106
677 574 373
127 544 105
726 96 2
559 332 177
982 527 289
37 791 292
886 261 96
825 206 337
911 630 357
336 835 227
423 187 381
204 56 330
916 202 303
940 80 164
748 551 265
10 812 251
162 381 314
883 862 138
622 619 213
670 491 175
999 521 155
496 666 11
661 110 89
619 87 107
598 876 342
838 570 316
544 926 22
699 551 218
383 676 33
302 539 364
245 175 276
61 999 66
777 839 385
596 876 325
241 834 324
24 881 179
880 752 125
289 559 60
784 269 398
298 418 164
219 334 195
556 719 259
839 66 329
