500 400 627
701 504 62
211 569 80
951 876 164
969 871 237
776 892 125
524 530 234
690 722 340
495 899 94
922 446 96
699 651 210
357 88 242
67 729 234
241 259 146
900 755 304
279 282 233
149 953 311
239 268 148
504 33 258
72 728 55
48 87 282
264 798 318
991 206 307
392 238 46
670 635 316
218 823 89
482 822 279
307 107 249
710 997 333
448 702 92
27 273 53
350 180 146
924 20 210
214 681 312
415 211 351
560 273 91
995 110 200
214 504 84
153 526 324
67 40 204
853 964 240
704 883 164
997 432 348
121 949 223
505 105 52
32 378 324
31 122 219
775 86 205
401 531 30
927 470 119
246 781 51
348 441 208
512 721 136
697 570 133
918 813 97
973 803 55
289 273 158
356 727 337
82 251 334
920 51 277
554 690 244
64 972 206
532 630 13
291 374 319
800 935 151
248 596 264
179 673 159
503 468 198
652 955 280
546 134 243
892 151 398
750 44 225
269 176 382
25 867 395
166 324 280
110 550 205
359 62 223
12 602 166
816 147 316
731 306 344
169 506 363
328 498 122
442 778 278
386 990 342
800 895 312
382 339 271
565 414 340
792 508 235
18 476 354
628 287 301
523 38 137
634 557 50
119 998 216
768 871 39
652 535 92
426 729 240
246 779 249
235 707 24
471 596 187
32 236 133
25 355 32
705 418 211
912 513 78
774 605 219
831 444 327
268 843 105
729 261 69
571 299 328
301 421 8
940 980 190
681 503 177
355 36 105
709 123 192
646 638 229
294 219 378
199 246 359
656 404 294
893 475 195
515 456 138
460 335 136
410 48 130
724 974 35
303 162 20
831 405 385
315 765 259
977 122 21
128 807 168
44 80 98
586 577 318
939 716 283
830 152 31
459 231 67
485 292 149
242 486 110
6 44 165
950 415 90
137 274 242
464 53 374
29 454 314
496 419 344
820 461 302
627 772 21
734 500 211
401 386 66
450 116 134
338 637 106
613 722 155
868 356 79
408 515 111
390 204 312
677 399 364
919 185 206
69 55 280
503 735 96
709 612 127
351 718 10
437 204 24
431 101 213
372 244 394
435 210 86
99 943 188
689 583 343
293 737 314
407 565 390
261 187 60
80 196 125
662 647 321
620 837 372
917 754 365
565 243 143
357 453 160
633 630 399
357 573 348
775 384 76
708 650 327
527 892 81
690 846 6
170 215 86
183 388 54
370 781 80
188 3 102
941 980 178
760 62 348
576 977 174
757 847 255
892 218 246
876 735 152
174 700 226
287 489 148
632 630 267
218 75 132
887 167 160
520 414 258
644 566 88
824 696 195
292 979 211
729 302 138
782 498 386
85 530 5
951 495 140
819 750 343
900 756 164
565 76 114
465 369 118
519 620 97
638 954 117
283 317 331
712 632 311
10 660 400
361 77 348
605 462 183
496 554 75
148 309 178
895 611 128
411 328 387
525 470 268
585 72 283
821 920 128
465 58 83
493 791 296
637 873 210
555 641 157
664 546 399
957 624 283
153 817 103
11 930 250
371 257 195
254 994 233
11 522 119
271 321 322
692 739 369
192 788 109
853 397 9
762 629 237
69 852 142
725 779 180
921 145 135
240 551 255
364 984 81
462 79 313
575 493 159
409 406 63
984 647 237
888 280 29
107 862 29
683 139 152
504 758 29
394 683 106
1000 424 268
967 753 315
528 266 93
227 845 144
91 343 389
275 266 341
810 947 37
206 145 266
4 636 394
430 656 111
64 168 69
200 957 176
150 169 48
439 928 39
754 627 173
833 237 196
872 335 350
957 705 67
978 169 107
789 360 368
898 31 313
366 288 46
373 114 123
130 58 181
22 105 274
586 883 171
959 230 225
702 450 112
364 675 290
340 710 193
683 40 377
674 522 81
981 813 243
604 695 374
715 88 261
619 285 322
721 375 35
265 602 47
551 260 321
362 838 389
182 792 70
171 428 123
705 32 267
915 786 127
466 318 387
302 76 37
535 57 162
381 158 197
573 50 11
992 495 0
896 5 282
362 19 247
777 494 18
393 242 283
7 613 185
413 613 342
855 625 34
572 760 384
492 370 205
343 962 171
294 238 143
229 833 372
824 951 285
824 741 358
192 565 45
842 333 225
310 120 350
701 69 286
373 840 290
211 38 281
832 513 356
138 729 288
363 738 50
494 836 334
684 61 318
494 779 240
171 499 265
234 876 345
321 617 253
838 342 231
992 859 267
93 150 25
234 659 274
400 960 247
775 31 115
159 857 247
976 460 10
537 944 176
542 726 161
763 111 127
129 803 15
954 545 2
501 994 140
739 980 385
796 145 192
83 572 398
174 737 113
446 58 142
609 330 207
309 624 290
655 679 368
15 932 197
95 764 193
365 299 390
563 251 19
727 550 378
930 504 53
878 425 130
185 957 121
339 124 331
383 733 291
319 103 262
586 794 245
998 516 197
751 874 19
955 226 296
620 608 256
330 903 74
458 626 297
443 915 43
519 126 331
52 989 206
159 644 291
414 730 257
901 852 328
395 647 332
492 838 385
89 672 248
340 343 331
305 917 327
830 611 108
697 371 226
623 455 321
211 26 315
497 540 59
18 779 335
706 331 375
426 906 158
418 825 358
728 606 400
712 37 352
205 424 303
711 393 375
890 92 210
541 692 312
760 157 360
737 277 147
662 841 132
168 323 177
587 485 207
895 465 192
703 66 263
191 764 282
794 753 357
287 594 10
112 950 302
907 395 171
490 700 151
760 622 263
767 666 149
958 974 154
339 775 72
947 558 354
963 428 132
613 157 384
485 168 346
383 614 97
982 535 234
816 384 215
660 856 77
439 318 351
564 937 337
235 411 75
961 371 184
19 950 77
813 296 143
366 453 363
917 167 187
865 677 84
269 959 205
454 171 109
149 154 119
702 190 142
326 845 333
183 929 189
759 142 150
642 458 70
93 154 196
824 688 215
5 170 127
859 845 301
164 603 91
766 527 334
245 297 216
528 394 320
893 900 386
253 224 324
709 75 160
440 223 358
474 626 233
953 228 397
901 437 278
997 952 132
375 565 282
613 527 158
416 890 123
728 349 377
951 185 80
463 836 238
98 453 12
105 702 288
605 835 82
411 283 125
795 697 394
825 421 195
38 200 85
494 13 53
607 906 36
808 685 212
739 794 65
529 538 61
645 901 198
486 213 155
688 125 183
297 845 90
53 593 151
278 290 198
379 82 287
357 402 5
797 809 205
162 934 326
141 606 6
641 379 369
360 281 270
279 517 273
329 988 7
228 596 348
721 84 90
200 220 45
450 195 81
709 755 330
995 76 329
83 83 309
719 573 48
263 882 345
542 515 390
957 272 71
402 485 239
965 314 9
564 483 224
205 719 323
983 489 350
334 353 37
