2000 100 350
754 303 1
530 156 0
860 702 0
585 149 2
416 233 0
330 660 0
886 387 0
247 692 2
336 870 2
533 447 1
791 215 1
543 844 1
466 822 1
310 759 0
183 847 1
274 513 0
652 134 1
171 722 1
627 907 2
615 869 1
400 643 2
681 386 1
896 633 1
158 199 0
790 845 1
642 231 0
762 505 1
826 319 2
408 307 0
392 352 0
156 363 2
480 658 0
191 603 0
402 198 0
743 542 0
813 847 2
500 125 1
654 405 2
600 171 0
764 720 2
138 519 0
558 212 1
498 457 2
654 124 0
704 648 1
525 869 1
856 608 0
799 751 1
753 837 1
842 461 1
192 238 0
205 845 1
451 794 1
485 747 2
763 364 0
445 479 0
584 856 1
520 684 2
332 857 0
341 396 2
917 308 1
268 284 1
512 228 1
905 209 0
170 276 2
239 287 0
255 344 0
533 278 2
217 766 1
512 911 0
554 403 2
816 281 0
212 224 1
467 512 0
611 357 0
679 854 2
238 764 1
638 732 2
805 638 0
754 848 1
221 344 1
483 756 2
194 796 1
544 265 1
563 149 0
870 347 1
821 865 2
443 541 0
874 413 0
448 695 0
513 362 0
585 318 1
612 891 1
707 500 1
605 897 2
842 420 2
188 197 0
359 646 2
517 169 2
465 150 0
862 579 2
225 612 0
128 714 0
547 885 0
182 690 0
525 507 0
230 526 0
202 152 2
790 263 1
144 275 2
759 819 2
155 240 1
913 636 2
584 592 2
546 506 1
349 825 1
296 610 1
394 298 0
844 542 1
652 130 0
572 884 0
645 332 2
838 343 0
695 903 2
200 205 1
739 418 1
800 607 2
319 899 0
879 289 1
144 443 1
818 705 1
215 406 2
413 916 1
407 402 2
276 499 2
693 718 0
704 764 1
435 835 1
761 633 1
801 534 0
518 244 0
632 567 2
884 495 1
144 803 2
206 532 1
475 346 2
261 830 0
472 802 2
680 770 2
667 648 2
191 380 1
461 304 2
501 445 0
207 447 0
668 151 2
808 296 0
777 628 1
897 400 2
599 821 2
547 216 1
643 605 0
171 416 2
655 482 1
188 670 2
621 596 1
386 237 1
758 542 0
279 449 2
253 146 0
613 486 1
616 144 1
142 787 1
634 379 2
276 559 1
912 852 2
407 690 2
816 345 1
649 193 1
483 457 0
231 244 0
171 359 0
603 253 2
411 664 0
170 392 2
631 678 0
310 211 2
177 149 2
246 313 0
267 737 2
670 680 0
665 147 0
434 164 0
419 390 1
751 624 0
808 280 0
492 487 1
418 803 2
248 565 0
236 750 0
868 208 2
319 689 1
594 568 0
204 338 2
558 306 0
530 342 2
287 536 0
737 807 1
364 822 0
298 440 1
448 390 2
748 250 0
279 823 0
380 687 1
918 277 1
451 720 1
393 376 1
604 773 1
567 796 0
724 423 2
502 296 2
338 832 1
669 835 2
515 782 2
446 250 0
310 265 1
288 571 1
476 676 2
363 542 2
654 645 0
670 505 0
878 597 2
653 527 2
278 291 1
669 421 0
370 653 1
165 544 0
389 470 2
673 137 2
190 498 1
672 846 1
801 211 1
752 694 1
437 188 2
914 606 2
556 411 2
492 448 2
230 554 2
401 455 1
165 612 2
486 133 1
344 505 0
539 739 0
296 314 1
763 299 0
392 540 1
917 221 2
276 559 2
557 250 0
813 473 1
127 624 0
880 547 0
181 598 0
444 538 2
845 757 1
872 371 2
595 264 1
206 655 2
201 396 2
538 283 0
432 917 1
767 163 2
580 753 1
821 387 1
371 578 0
729 173 0
199 856 2
652 406 2
359 425 1
404 351 1
417 464 1
796 286 2
437 218 2
400 407 1
406 671 2
816 242 0
387 828 2
839 792 1
278 897 1
533 843 2
420 598 0
370 556 0
778 171 0
704 894 1
656 493 1
379 675 2
292 171 0
361 311 2
565 476 2
650 266 0
576 663 0
147 306 2
863 433 0
590 692 2
264 533 2
913 914 2
726 129 0
462 202 0
711 346 0
653 865 2
306 860 0
646 320 2
604 608 2
360 667 0
585 505 0
713 230 2
533 327 2
404 431 2
635 684 1
420 611 1
369 236 1
228 564 2
166 633 1
140 429 0
822 739 1
351 794 0
583 151 0
405 654 2
293 503 1
206 128 2
305 481 1
330 244 0
646 184 1
906 909 1
815 589 2
896 750 0
664 423 0
602 810 0
453 371 1
464 323 1
476 313 1
279 160 2
626 624 2
195 790 2
397 780 0
695 564 0
558 525 1
157 914 2
543 255 2
600 349 1
251 792 0
653 381 2
637 400 1
379 185 1
600 486 0
386 195 2
238 910 1
519 257 0
658 418 0
836 608 1
293 206 0
143 811 1
446 754 2
268 629 2
368 680 1
829 739 1
390 313 0
519 238 1
241 535 0
413 371 2
729 853 0
245 493 2
666 307 2
562 502 0
823 181 0
248 373 2
411 179 0
520 885 2
130 606 1
669 806 2
830 297 1
190 800 2
451 297 0
793 731 0
863 668 2
329 229 0
658 702 0
618 755 1
705 820 2
781 219 0
641 838 0
883 247 0
552 684 0
593 304 2
175 685 2
635 787 0
911 139 1
440 835 2
126 656 2
396 570 0
836 910 0
687 847 1
375 140 2
711 732 2
689 661 1
522 444 0
269 861 0
899 686 0
433 473 1
652 248 2
477 563 2
522 837 0
135 845 1
491 298 1
172 449 1
592 555 0
517 751 2
495 548 0
631 900 1
228 812 0
530 723 2
798 560 0
552 619 0
123 285 1
642 515 2
350 844 1
180 508 0
470 641 2
173 237 1
237 742 0
586 249 0
730 636 2
171 842 1
302 227 0
161 840 0
879 378 1
138 137 0
288 895 2
355 544 0
348 134 1
876 428 2
628 748 2
345 129 2
250 193 0
607 678 2
817 258 1
206 164 1
609 827 1
645 423 0
495 646 1
213 649 0
737 680 1
700 433 2
513 729 1
163 123 2
453 418 2
725 198 0
219 774 1
438 125 2
563 697 0
196 786 1
276 387 0
717 776 1
277 751 2
753 598 1
489 482 1
727 770 2
292 683 1
898 732 1
633 453 2
451 327 1
674 239 2
282 290 2
277 787 2
678 729 0
432 401 2
713 527 0
551 583 0
213 460 1
350 593 0
895 600 1
124 534 0
320 916 2
292 472 1
424 402 0
662 592 0
567 575 1
877 185 1
817 628 0
857 882 1
653 694 1
408 309 0
619 263 2
543 870 2
831 367 0
727 873 0
591 353 2
430 682 2
435 592 2
641 196 0
477 549 0
858 277 2
602 713 1
429 885 1
306 214 0
654 610 1
669 665 0
188 859 1
772 274 0
728 675 1
468 588 0
239 616 0
600 857 0
297 300 0
245 701 1
694 599 1
566 583 1
311 803 0
310 642 0
202 383 1
188 805 2
548 361 1
694 848 2
841 397 2
796 791 1
588 279 1
426 854 0
724 139 2
447 851 0
601 591 2
191 311 2
324 902 1
421 304 1
480 640 2
693 495 1
883 160 2
851 570 1
722 418 2
187 192 2
291 658 1
456 637 2
917 711 0
300 291 2
351 468 0
856 490 1
142 766 0
343 313 0
274 614 2
684 474 0
728 189 2
388 223 1
858 486 2
392 275 0
507 582 1
322 227 0
479 248 2
397 156 0
219 510 2
771 331 0
166 606 0
753 331 1
319 192 0
671 782 2
379 424 1
147 831 1
739 430 1
651 172 2
786 612 2
251 866 2
780 485 1
182 864 1
853 521 1
692 266 2
206 721 2
641 218 0
293 153 0
629 497 1
903 866 2
802 422 0
203 906 0
877 263 2
593 439 0
646 565 1
918 202 2
760 422 1
459 371 1
825 177 2
561 522 2
144 758 0
519 497 0
536 317 1
755 268 2
376 197 2
675 483 1
686 516 1
778 672 2
328 827 2
261 502 1
504 639 1
854 738 1
828 237 0
254 639 1
869 861 2
712 861 2
263 886 0
594 456 0
683 314 0
678 792 1
916 345 2
499 440 1
457 543 2
537 463 0
573 260 2
388 756 0
682 726 2
915 702 1
373 206 2
264 417 1
864 747 2
796 756 1
267 773 2
863 136 0
645 421 1
559 309 1
564 627 0
795 524 0
752 246 0
402 429 2
468 656 1
450 330 0
880 483 0
465 452 0
830 616 2
858 742 1
175 618 1
616 687 2
644 304 0
799 260 0
880 242 2
500 813 1
265 904 1
203 740 2
699 582 1
292 244 1
773 153 0
425 276 0
580 504 1
545 540 2
574 535 0
650 149 2
185 143 0
705 798 0
683 482 0
906 526 1
246 462 0
410 621 2
747 189 1
305 154 2
894 290 2
744 327 2
215 195 0
236 296 1
703 677 0
321 692 2
263 340 1
514 372 0
287 563 0
421 427 2
566 701 2
340 336 2
685 396 1
836 257 2
184 209 1
510 753 0
644 190 2
619 825 0
613 150 0
272 482 1
913 742 0
604 737 0
892 431 0
712 884 0
477 431 2
179 697 0
428 772 0
817 328 1
760 889 2
424 298 0
539 404 0
325 533 0
128 904 1
296 526 0
498 281 1
501 333 0
263 236 0
839 572 0
732 506 1
813 602 1
793 454 1
737 292 1
863 747 1
691 433 2
543 709 1
318 269 2
439 792 1
179 566 1
299 252 1
530 722 1
242 434 1
795 510 2
537 776 1
800 237 1
194 286 1
496 787 1
509 502 1
210 850 2
446 658 0
425 903 1
214 669 1
463 390 1
363 693 2
536 469 2
157 138 1
151 344 2
543 743 2
882 450 1
780 611 2
752 732 0
660 362 1
279 669 0
695 421 2
595 322 0
787 838 1
246 416 0
848 621 2
705 861 0
842 493 2
143 252 0
370 871 1
878 325 0
381 425 0
674 182 0
431 686 1
917 547 2
443 719 1
463 298 0
838 139 0
775 328 1
158 224 2
372 821 1
391 187 0
609 473 1
779 657 1
274 694 0
340 167 1
506 848 0
549 632 0
253 642 1
545 848 2
410 917 2
211 278 0
317 383 1
476 440 2
454 890 1
421 316 2
450 678 0
743 216 2
506 179 0
214 193 2
520 620 1
177 892 2
812 265 0
161 722 2
232 522 2
673 880 2
660 807 0
271 694 1
354 739 1
589 587 2
260 534 0
124 520 0
679 743 2
814 668 1
856 278 0
292 620 0
836 362 0
513 302 2
677 307 2
386 689 1
672 548 0
765 241 1
133 855 2
388 687 2
685 762 1
275 789 0
416 217 0
373 615 2
820 365 0
775 894 0
529 797 2
600 548 2
770 573 0
438 136 0
407 506 2
718 268 1
482 789 0
622 585 2
383 763 1
146 313 1
233 715 0
646 813 2
437 501 2
323 613 0
159 175 2
878 518 0
360 313 2
403 522 2
888 275 0
885 822 2
502 419 2
489 661 1
251 622 0
526 458 0
563 767 2
676 707 1
778 374 0
235 380 2
839 642 0
758 701 2
294 657 2
745 344 2
232 680 0
439 476 0
477 139 1
798 239 0
368 595 0
551 172 2
484 158 1
352 560 1
277 797 1
597 731 1
534 163 0
246 670 0
293 229 0
441 555 1
542 433 0
173 169 2
842 322 1
486 202 0
719 805 0
443 581 2
154 459 1
840 807 1
262 542 2
238 259 0
497 492 2
526 231 1
827 381 0
872 560 0
387 548 2
170 338 0
125 751 2
771 835 1
423 174 2
471 184 0
345 257 0
423 875 0
233 346 0
916 615 1
783 703 0
653 319 0
463 825 2
216 678 2
498 159 2
271 362 2
178 532 0
323 215 2
173 710 1
562 481 1
679 407 2
566 566 1
500 501 0
767 449 1
383 784 2
877 550 0
768 616 2
327 421 0
846 535 2
730 719 1
893 206 1
788 204 2
800 477 2
706 233 2
569 765 2
693 776 1
129 555 1
803 581 1
141 223 2
891 835 2
465 490 0
587 399 2
890 594 2
466 301 0
265 596 1
649 310 2
327 484 0
464 219 0
730 552 1
488 171 1
363 183 2
232 305 0
421 716 1
128 557 2
540 395 1
156 312 0
866 804 1
564 478 1
220 269 2
176 603 0
261 321 1
871 908 1
723 906 1
379 231 0
507 443 1
454 820 0
431 372 2
378 199 0
272 880 0
789 452 2
823 314 2
781 385 0
522 205 0
367 224 2
179 279 2
192 490 2
664 611 2
401 226 1
362 789 0
221 178 0
468 592 0
271 294 2
234 860 0
857 271 1
709 890 2
438 352 2
266 473 2
234 602 1
531 209 0
133 197 1
440 311 2
163 675 2
267 359 2
580 647 2
613 740 1
215 437 1
895 407 1
617 474 1
216 450 0
664 815 2
200 839 0
606 565 0
474 522 1
350 808 0
567 144 1
434 177 2
396 775 2
226 844 1
280 245 1
874 560 0
608 478 2
462 361 0
804 854 1
548 689 1
328 728 2
217 502 2
362 595 1
817 177 1
531 195 2
615 894 1
720 738 1
857 313 1
550 322 2
658 415 1
269 723 0
431 878 1
694 607 1
522 623 2
733 383 1
395 432 1
404 356 0
756 325 0
387 239 2
780 591 2
833 406 0
423 565 1
862 462 1
673 906 1
451 550 1
753 897 0
712 773 2
340 539 2
638 327 0
767 134 2
921 920 2
818 798 1
838 160 1
614 522 1
366 801 2
480 782 0
403 232 0
465 197 0
727 323 1
487 596 1
637 146 1
198 184 2
611 910 0
611 596 2
840 874 1
854 247 0
422 727 2
476 139 1
127 385 0
560 796 0
378 389 1
367 656 1
891 704 1
252 150 1
707 184 2
518 696 2
158 388 2
256 563 0
620 405 1
470 518 1
344 796 1
503 535 0
159 791 1
631 746 0
686 239 1
219 459 0
698 546 2
911 260 2
157 530 2
700 148 0
368 374 0
255 649 1
580 421 0
917 410 0
470 673 2
911 479 1
172 253 2
870 140 0
891 635 2
299 524 1
585 626 2
592 425 1
726 176 2
413 505 2
199 688 2
835 870 0
859 563 0
636 867 1
821 828 1
392 195 2
437 335 2
558 887 0
408 637 2
575 848 0
335 351 1
275 742 0
716 226 2
290 164 1
716 883 2
458 364 1
184 221 2
135 442 1
875 890 1
339 822 1
146 590 0
226 654 0
846 579 0
644 525 1
723 184 2
625 310 2
391 389 0
620 581 1
897 375 1
160 766 2
139 563 1
400 623 0
867 281 1
431 217 1
135 598 2
673 466 0
763 135 1
533 147 0
492 329 0
283 614 2
457 596 2
715 886 0
547 407 1
477 334 2
768 724 0
912 389 2
185 370 1
341 168 2
854 148 1
445 906 2
701 605 0
209 275 1
609 701 0
745 207 2
695 314 2
202 479 2
617 131 0
661 895 2
818 316 1
496 365 0
777 606 1
323 281 2
347 681 0
875 313 1
286 433 2
779 702 1
324 668 0
477 874 1
399 604 2
600 745 1
154 539 2
584 251 2
463 257 2
883 294 2
202 330 1
201 910 0
242 302 0
548 723 2
217 394 0
917 450 2
133 338 1
445 419 1
872 578 2
149 139 2
183 482 1
904 669 1
423 867 2
130 785 0
916 510 0
734 376 2
632 623 0
247 650 0
257 200 0
645 437 1
848 604 2
383 634 0
160 755 1
906 703 1
350 209 1
868 887 1
496 897 0
161 918 2
486 180 1
821 603 1
795 504 2
488 251 2
482 875 1
668 514 0
820 246 0
658 628 2
587 220 1
251 713 2
444 833 2
400 760 0
263 808 2
191 832 0
157 387 2
798 276 2
865 126 1
295 350 0
569 163 1
295 550 1
897 685 0
814 719 2
269 215 1
476 662 1
605 252 1
812 722 1
194 356 0
332 501 2
836 320 0
522 716 1
459 663 0
363 714 1
250 599 1
575 242 1
220 862 2
631 764 0
514 589 1
736 392 2
449 516 2
430 271 0
769 320 1
224 338 1
626 215 1
506 739 0
783 691 0
157 250 2
362 612 0
735 564 2
602 242 1
327 358 1
648 369 1
710 259 2
305 232 0
458 737 0
915 288 2
176 459 0
134 888 2
660 667 1
919 252 2
343 465 0
897 245 2
700 319 2
257 304 2
729 539 2
260 283 0
519 145 2
466 146 0
805 593 1
888 790 1
904 204 1
280 643 1
905 396 0
270 295 1
726 620 0
312 668 0
810 919 2
799 598 0
626 260 2
608 594 2
745 849 1
538 896 1
348 572 0
756 172 2
508 285 1
126 881 2
820 321 2
308 762 2
254 911 0
725 140 1
870 150 0
719 534 2
896 238 2
595 265 0
892 390 2
458 802 1
717 289 2
416 355 1
652 385 2
722 542 0
585 430 0
777 570 0
468 317 1
416 901 2
714 377 0
200 634 0
596 555 2
727 913 1
446 572 1
370 834 0
663 681 0
502 735 2
190 209 0
678 817 1
676 430 0
776 156 0
862 465 0
642 257 0
236 596 0
837 445 2
179 599 1
655 921 0
655 519 2
916 504 1
706 190 2
680 595 2
637 566 0
253 259 0
364 917 2
796 403 2
871 477 2
655 633 0
407 727 0
835 452 1
590 916 2
398 564 0
708 766 0
875 851 2
870 164 0
286 205 0
575 612 2
427 705 0
212 867 2
542 597 2
543 417 0
783 401 0
800 247 2
524 588 1
399 511 2
702 674 2
129 864 2
543 548 2
776 215 2
748 835 2
716 884 0
376 905 2
566 571 0
482 731 2
735 437 0
210 275 2
354 540 2
517 231 0
817 126 1
612 721 2
608 742 1
394 265 2
890 509 0
722 632 1
645 264 1
863 550 1
237 485 0
598 756 2
182 525 2
659 138 2
446 842 0
789 805 1
229 503 1
311 589 1
449 289 2
475 430 1
668 767 0
253 318 1
226 252 0
691 572 0
712 725 2
318 308 0
775 704 2
456 357 1
605 794 1
841 611 1
308 492 1
782 593 0
162 616 1
359 440 0
166 446 0
334 513 1
403 196 0
320 511 1
411 202 1
599 857 1
777 640 0
229 587 1
726 125 2
543 500 0
278 281 2
885 703 0
673 193 0
914 607 1
174 451 1
764 757 2
841 382 2
225 519 1
801 730 1
893 442 0
338 313 1
280 516 1
584 599 0
137 606 1
306 869 0
644 242 0
386 314 2
803 720 1
468 725 1
800 729 1
359 776 0
568 319 1
124 440 1
446 456 1
438 767 0
701 613 1
445 689 0
655 605 2
151 164 0
126 787 0
354 546 0
573 526 0
745 415 0
581 198 1
585 462 0
519 896 2
524 304 2
818 782 1
176 902 0
209 252 0
142 252 2
514 628 1
905 710 0
557 180 0
582 308 0
835 314 1
413 407 2
646 278 2
906 526 1
648 707 0
344 718 2
808 148 2
267 324 1
276 503 2
793 557 2
214 554 2
776 488 1
892 243 0
476 877 2
165 855 1
674 890 0
446 158 2
658 597 1
596 868 0
689 531 1
580 384 0
382 565 1
634 213 0
395 452 1
557 529 2
572 566 1
670 451 0
795 605 0
170 396 2
523 677 0
445 164 1
854 316 2
235 492 2
307 150 2
905 369 1
703 792 0
794 320 2
529 533 1
654 628 1
593 567 1
432 579 1
396 472 2
843 905 1
766 284 2
468 390 1
828 439 0
370 212 2
854 763 1
604 599 0
264 256 2
509 399 1
298 796 1
647 458 1
224 721 0
758 473 2
810 602 1
811 284 0
765 326 2
306 326 1
303 679 1
637 520 1
490 453 0
776 914 0
878 382 0
221 173 2
570 470 1
255 526 1
911 539 1
334 480 1
817 743 2
879 485 2
180 545 2
819 360 0
620 455 0
605 245 2
803 399 1
354 651 2
451 519 1
268 185 2
227 361 2
179 208 2
896 283 2
425 844 2
515 836 1
483 323 2
755 175 2
887 251 1
661 912 2
809 690 1
260 276 2
501 550 1
895 612 2
480 336 2
786 428 0
382 262 1
830 898 1
211 819 0
346 445 1
290 897 1
831 148 1
586 438 1
710 324 1
401 610 2
123 749 0
835 318 0
846 346 1
580 447 1
235 553 2
750 700 1
593 221 0
738 227 2
919 589 2
726 660 2
300 245 2
318 812 1
489 219 1
242 614 0
782 191 0
843 530 2
761 816 0
621 560 2
148 667 1
690 218 0
376 277 0
152 271 0
237 881 0
180 792 0
798 832 0
248 761 1
622 555 0
860 177 0
720 306 0
412 462 0
675 359 2
895 483 2
802 469 2
776 543 2
439 399 2
536 446 1
585 820 2
487 359 1
199 868 2
365 314 1
600 482 0
673 811 1
763 830 0
475 277 0
369 279 0
175 804 1
533 418 2
635 210 2
382 178 2
458 209 0
826 797 0
761 883 0
302 418 1
608 421 2
615 676 1
331 303 1
244 454 2
173 647 2
481 734 1
142 151 2
254 375 2
137 225 0
294 789 2
416 124 2
892 257 2
704 583 0
162 833 2
225 301 1
218 892 2
477 731 1
785 463 1
349 271 0
495 846 2
532 268 1
220 148 0
178 919 2
790 161 0
160 541 2
809 868 1
858 871 1
689 141 2
526 628 0
137 727 2
862 738 0
833 337 1
790 291 2
905 263 1
736 803 0
812 166 1
194 768 0
349 208 2
584 427 2
522 353 2
226 196 2
659 534 2
240 170 2
616 880 2
495 347 0
565 495 2
846 308 0
237 359 1
407 471 1
322 808 0
519 621 1
894 437 1
593 689 2
315 548 2
606 691 1
764 921 2
845 879 2
500 783 1
618 731 1
499 594 0
353 212 2
720 288 1
915 558 2
220 261 2
624 238 0
432 613 0
742 660 0
779 233 0
199 231 0
325 698 2
500 665 1
470 693 2
179 303 0
702 787 0
649 901 2
309 365 2
540 848 1
396 245 0
431 447 1
232 349 2
133 609 1
694 297 1
391 708 2
173 785 1
580 462 1
339 768 0
804 863 1
654 419 0
693 219 1
876 894 0
145 809 2
666 547 0
536 492 0
527 274 0
210 528 1
527 334 2
129 326 2
896 362 2
377 586 1
141 134 2
529 642 0
885 706 2
223 712 1
838 553 2
869 815 2
336 305 1
471 505 2
732 805 2
401 244 1
629 625 2
797 201 0
537 582 1
270 697 0
193 601 2
908 360 2
343 183 2
669 912 1
720 302 1
586 755 2
917 749 2
890 808 2
155 775 1
179 488 1
457 373 2
241 389 1
786 320 2
880 306 1
138 596 2
558 357 0
325 311 2
549 471 1
554 187 0
825 214 2
284 767 1
710 423 1
588 228 1
759 781 0
247 752 2
724 357 1
447 366 0
242 267 0
752 542 0
497 525 1
254 742 2
278 562 0
534 784 0
390 901 0
812 594 1
238 870 0
482 770 0
422 529 2
209 271 2
582 189 1
591 810 2
547 256 2
317 566 0
678 423 1
395 346 1
862 421 0
618 828 2
155 907 2
482 824 1
915 803 2
569 267 1
723 880 2
746 728 2
579 501 0
909 863 0
877 474 1
420 889 0
234 703 2
344 178 2
536 593 0
258 848 2
634 901 2
708 161 0
365 620 0
716 737 2
365 740 1
878 643 0
881 597 0
777 402 1
699 519 2
614 819 0
218 237 0
727 471 2
827 441 2
553 854 0
596 396 1
698 300 2
902 643 1
165 165 1
252 736 2
836 536 1
304 636 0
885 452 0
463 710 2
662 518 0
718 912 1
608 470 1
842 180 2
906 744 2
447 262 1
369 201 1
617 850 1
567 638 2
507 204 2
621 247 2
534 833 1
221 632 0
768 913 0
560 774 1
791 780 0
782 553 1
255 791 2
394 684 0
444 480 1
781 213 2
545 130 0
202 876 2
168 219 0
589 249 0
326 890 0
223 503 2
812 602 2
260 270 1
283 167 1
656 813 0
346 920 2
141 889 1
748 154 2
479 316 2
294 732 0
469 805 2
179 454 0
617 627 0
671 214 0
873 714 0
813 613 1
382 227 2
532 272 2
792 437 2
244 666 0
668 236 1
543 193 2
762 572 0
879 202 1
737 878 1
681 493 0
809 878 1
190 471 1
640 233 1
798 910 1
560 708 2
895 456 0
532 393 2
423 228 2
253 825 2
897 448 0
631 901 1
587 526 2
329 503 2
126 572 2
511 775 1
284 321 0
806 418 0
185 836 0
759 590 0
593 483 0
769 515 2
331 720 2
587 150 0
884 657 2
321 642 1
524 823 0
279 334 1
123 148 0
665 766 2
833 314 2
601 565 0
803 918 0
406 877 0
653 609 2
544 439 0
432 207 2
750 511 1
849 210 1
900 426 2
584 782 1
613 477 0
390 826 1
913 572 2
506 809 2
663 871 0
319 767 2
616 429 0
456 592 0
331 701 0
328 677 0
873 741 0
260 779 0
598 673 2
510 709 2
504 649 2
494 293 1
687 634 2
491 377 0
894 150 2
147 634 0
206 485 1
400 399 1
269 548 2
383 327 2
534 894 2
675 471 1
432 434 1
576 360 1
793 180 0
233 249 2
204 911 1
463 637 1
385 673 1
543 500 1
832 811 2
248 365 1
609 373 2
518 262 0
342 242 0
325 324 1
500 137 1
396 824 2
246 729 1
853 384 1
420 920 1
914 823 2
854 611 0
359 810 0
554 537 0
733 546 1
261 361 2
693 654 0
134 358 1
416 866 2
278 401 0
631 572 1
730 687 1
566 532 0
578 816 0
661 502 1
355 707 0
368 425 0
863 638 1
143 721 0
608 262 1
304 552 2
895 336 0
250 693 1
131 175 0
353 710 2
685 307 2
236 609 0
904 728 2
904 257 0
188 803 2
645 269 0
500 128 1
560 665 1
830 449 0
678 418 0
499 434 2
234 816 0
624 296 1
752 898 1
877 287 2
206 241 1
766 664 1
549 210 0
415 467 2
264 572 0
587 276 0
779 234 1
311 584 1
233 551 2
649 368 1
749 196 1
356 285 1
421 157 2
226 242 1
671 727 2
728 336 2
139 678 0
157 625 2
919 716 1
857 827 2
467 821 2
287 659 0
865 491 2
377 841 2
204 627 2
382 456 0
482 888 2
483 343 2
500 638 2
149 440 0
421 804 2
444 514 1
254 655 0
750 501 2
658 476 1
724 529 0
207 626 0
272 467 0
732 365 2
879 161 2
914 198 0
329 692 1
299 797 2
692 354 2
182 230 0
494 659 1
308 847 1
168 574 0
765 901 2
762 746 0
608 456 1
778 478 0
909 615 0
831 411 2
798 834 0
239 856 0
419 209 1
589 465 0
771 905 0
483 139 1
807 861 2
811 576 0
154 139 2
854 279 2
