4000
-33684927 -17724663 186
-33586168 -36093818 186
-33641535 -4299328 31
-33744314 -3339398 93
-33581921 -12294512 62
-33605735 -21636276 124
-33731220 -9114088 186
-33617512 -20175879 124
-33715697 -8001048 124
-33629247 -4680291 31
-33702687 -12017773 155
-33708769 -13290038 186
-33650337 -16105593 124
-33667062 -17539596 155
-33667076 -17537538 155
-33638111 -8810862 62
-33653104 -3940532 31
-33764034 -1003500 62
-33653045 -11827441 93
-33670906 -6777574 62
-33664841 -14307209 124
-33599261 -28048781 155
-33764232 -495673 31
-33638474 -13182569 93
-33640740 -4323933 31
-33752679 -2561476 93
-33669372 -20618014 186
-33735514 -1385979 31
-33624980 -24062444 155
-33743537 -6823287 186
-33696313 -13005769 155
-33724680 -3443443 62
-33622782 -19522374 124
-33643269 -25473058 186
-33732181 -1489302 31
-33680871 -3079810 31
-33664957 -7146461 62
-33598911 -5620605 31
-33761592 -577465 31
-33618145 -10048763 62
-33692100 -10926940 124
-33654855 -19431632 155
-33648300 -16358270 124
-33767200 -403579 31
-33716248 -3966347 62
-33710765 -12918852 186
-33641997 -17139818 124
-33668363 -10402860 93
-33748907 -3883030 124
-33628537 -9404504 62
-33657101 -3816674 31
-33758605 -4020557 186
-33761628 -2305564 124
-33684942 -14768198 155
-33604877 -21742624 124
-33640423 -4333700 31
-33638860 -17528667 124
-33600710 -27824267 155
-33606771 -32261733 186
-33762611 -1091739 62
-33611335 -26177321 155
-33590344 -35317042 186
-33582902 -24467641 124
-33626241 -23866903 155
-33758142 -2737860 124
-33650200 -12091860 93
-33614727 -10260538 62
-33681395 -3063553 31
-33736252 -6815134 155
-33772481 -479930 62
-33685367 -17642778 186
-33718187 -1923053 31
-33748317 -988965 31
-33613791 -15478079 93
-33648916 -16281805 124
-33666481 -14103729 124
-33736559 -1353422 31
-33683537 -8991612 93
-33737251 -7992418 186
-33768014 -2270594 186
-33675926 -6466295 62
-33745194 -1085779 31
-33750897 -1818073 62
-33751932 -3507787 124
-33692260 -13634047 155
-33646986 -20651384 155
-33706222 -9175888 124
-33610078 -26372231 155
-33756470 -4417658 186
-33745675 -5354654 155
-33735967 -6859391 155
-33582143 -12280928 62
-33760273 -2473595 124
-33749569 -3800931 124
-33659866 -14923944 124
-33673709 -16509447 155
-33745712 -4279137 124
-33731388 -7569031 155
-33663244 -7252499 62
-33684549 -8897428 93
-33755333 -1543107 62
-33730947 -1527443 31
-33746959 -4124501 124
-33735363 -2781182 62
-33752639 -3420222 124
-33759175 -2609623 124
-33651283 -3997160 31
-33714187 -2047072 31
-33612485 -25999161 155
-33662829 -14556654 124
-33603617 -10949444 62
-33628218 -9424273 62
-33727497 -4903252 93
-33672475 -20040723 186
-33625815 -14359753 93
-33612742 -10383711 62
-33603987 -5463163 31
-33750169 -5589701 186
-33681723 -3053349 31
-33641627 -4296422 31
-33633196 -4557855 31
-33625332 -4801497 31
-33703111 -14342366 186
-33663371 -10867120 93
-33610460 -10525148 62
-33606812 -32254020 186
-33719274 -7557493 124
-33583877 -6086719 31
-33603648 -16421190 93
-33779728 -91672 186
-33654756 -11668279 93
-33750224 -5579478 186
-33635726 -17917423 124
-33654159 -23447538 186
-33754622 -793513 31
-33745902 -2127703 62
-33711185 -8560536 124
-33662064 -18314272 155
-33665361 -3560717 31
-33753924 -4076003 155
-33584943 -6053561 31
-33618785 -15013602 93
-33718768 -5715102 93
-33726645 -6643347 124
-33653176 -7876691 62
-33767937 -761702 62
-33676718 -6417235 62
-33664703 -10743134 93
-33777911 -286457 124
-33714800 -12168261 186
-33712568 -2097290 31
-33622996 -14621922 93
-33678825 -18859673 186
-33607210 -32179962 186
-33640946 -12952510 93
-33616254 -20331881 124
-33690435 -13916817 155
-33613213 -5177248 31
-33654067 -19553869 155
-33591909 -23350626 124
-33745970 -5308807 155
-33663235 -7253084 62
-33674771 -16344661 155
-33604035 -21847024 124
-33597589 -33969584 186
-33588654 -29692893 155
-33686579 -8708606 93
-33626168 -23878148 155
-33667316 -10500248 93
-33598448 -16904946 93
-33633085 -18244852 124
-33776603 -112230 31
-33755971 -3006985 124
-33586325 -6010766 31
-33653312 -7868390 62
-33677075 -3197510 31
-33580967 -37061320 186
-33604498 -5447459 31
-33750582 -5512941 186
-33662447 -14603922 124
-33679762 -9342713 93
-33683238 -9019331 93
-33691789 -8224135 93
-33777087 -388632 124
-33630915 -18513922 124
-33698659 -12642092 155
-33744301 -6681214 186
-33649438 -16217024 124
-33650956 -8014419 62
-33650760 -16053148 124
-33688053 -17143237 186
-33610131 -15818270 93
-33715302 -8049993 124
-33605139 -10854996 62
-33638627 -8778853 62
-33605357 -27103864 155
-33765857 -445351 31
-33642215 -12834499 93
-33643603 -12705467 93
-33604964 -27164747 155
-33773085 -1327388 186
-33590438 -29416275 155
-33761135 -591670 31
-33670851 -13561945 124
-33619987 -29803503 186
-33729994 -3113979 62
-33730353 -1545930 31
-33742628 -6992398 186
-33628252 -23555126 155
-33699892 -12451081 155
-33701943 -4853156 62
-33701393 -4887289 62
-33727145 -1645398 31
-33704310 -2353178 31
-33721271 -10964729 186
-33779411 -100496 124
-33751652 -1771273 62
-33776698 -327656 93
-33742295 -5878516 155
-33751982 -875483 31
-33677281 -3191061 31
-33768502 -2179732 186
-33692460 -10882289 124
-33715710 -9999217 155
-33770007 -949845 93
-33668834 -17264965 155
-33623233 -14599982 93
-33777973 -208991 93
-33627574 -9464088 62
-33743475 -6834740 186
-33724609 -8619798 155
-33631211 -9238684 62
-33648102 -12287013 93
-33740854 -3661144 93
-33659922 -3729176 31
-33675881 -3234494 31
-33613572 -20664501 124
-33750235 -929605 31
-33593609 -17354855 93
-33683528 -11989950 124
-33581230 -37012302 186
-33743481 -3416856 93
-33632157 -22949872 155
-33691661 -10981429 124
-33597757 -16969240 93
-33678391 -9470127 93
-33759711 -2543295 124
-33679037 -15683499 155
-33709166 -13216136 186
-33758409 -1352350 62
-33774164 -563279 93
-33612612 -5195794 31
-33703890 -2366292 31
-33770437 -1516525 155
-33672880 -6655228 62
-33581538 -30795878 155
-33683723 -17948539 186
-33714946 -4047095 62
-33713173 -8313894 124
-33602493 -22038342 124
-33677561 -19094805 186
-33707630 -4500617 62
-33762825 -3235738 186
-33708945 -8838228 124
-33692145 -13651855 155
-33669229 -13763064 124
-33727356 -8194150 155
-33601354 -27724459 155
-33699686 -14979521 186
-33601482 -5540976 31
-33719044 -9482381 155
-33765492 -1826307 124
-33718734 -9530440 155
-33588484 -11887773 62
-33624332 -19330332 124
-33639416 -13094898 93
-33685303 -8827399 93
-33742070 -2365346 62
-33621083 -14799815 93
-33736013 -6852339 155
-33747255 -5109658 155
-33713773 -8239505 124
-33772429 -966255 124
-33682310 -9105753 93
-33610045 -5275470 31
-33742487 -3509271 93
-33745291 -1082869 31
-33582851 -12236910 62
-33773410 -211226 31
-33700737 -9855960 124
-33722076 -10815039 186
-33594626 -5753478 31
-33655507 -3866069 31
-33775687 -843409 186
-33636410 -26748920 186
-33723366 -7050100 124
-33757961 -3450335 155
-33610683 -31534029 186
-33658296 -22677956 186
-33639803 -4353018 31
-33627645 -14189645 93
-33714344 -4084444 62
-33761563 -2891933 155
-33710290 -13007110 186
-33628304 -9418940 62
-33717819 -1934527 31
-33730115 -9319686 186
-33698076 -5093063 62
-33614200 -20586522 124
-33770547 -1199529 124
-33623527 -29145068 186
-33729720 -4696651 93
-33682203 -3038505 31
-33778716 -279939 186
-33668286 -20819883 186
-33650917 -20042164 155
-33765776 -895490 62
-33721400 -5470355 93
-33663229 -21760454 186
-33661289 -11060579 93
-33654970 -23296786 186
-33588636 -11878208 62
-33677634 -19081232 186
-33675530 -16227074 155
-33612307 -15616027 93
-33677436 -15931653 155
-33584025 -12164067 62
-33626582 -14288503 93
-33688797 -11336634 124
-33721253 -10967993 186
-33738328 -5194634 124
-33706364 -6868613 93
-33613282 -15525369 93
-33684597 -8892971 93
-33752840 -5092869 186
-33587424 -29883503 155
-33662108 -3661414 31
-33715757 -7993443 124
-33601248 -5548238 31
-33646683 -12419030 93
-33730887 -7646682 155
-33684948 -17720806 186
-33692423 -16330339 186
-33601851 -16588485 93
-33593801 -28895148 155
-33718413 -11496235 186
-33665280 -10689502 93
-33610553 -5259803 31
-33760093 -3119839 155
-33729332 -3155029 62
-33592404 -17466918 93
-33613746 -10321418 62
-33667933 -17404726 155
-33691948 -16418743 186
-33589767 -35424442 186
-33654188 -3907112 31
-33777624 -482956 186
-33592534 -29091555 155
-33734181 -5708879 124
-33608446 -15975168 93
-33759761 -3171210 155
-33757918 -691414 31
-33645019 -4191169 31
-33605941 -21610743 124
-33657089 -11451245 93
-33763138 -2118306 124
-33636608 -4451908 31
-33744990 -1092108 31
-33730629 -6149430 124
-33623521 -29146115 186
-33680888 -6158562 62
-33630253 -13947118 93
-33770381 -304949 31
-33773731 -603490 93
-33624574 -24125189 155
-33591749 -29213241 155
-33739803 -3758897 93
-33625840 -19143277 124
-33720894 -7356572 124
-33639626 -17433863 124
-33697334 -12847571 155
-33594440 -5759138 31
-33728901 -4772719 93
-33734364 -8529453 186
-33674534 -13105175 124
-33683151 -18055003 186
-33769039 -346668 31
-33755408 -769294 31
-33717963 -9650055 155
-33619731 -19900742 124
-33672729 -13329005 124
-33715865 -1995135 31
-33755020 -3124945 124
-33594493 -34545334 186
-33660043 -22353128 186
-33736320 -4082887 93
-33774385 -904523 155
-33738592 -3871433 93
-33741796 -2382333 62
-33776057 -645442 155
-33766645 -1262543 93
-33734005 -8596201 186
-33766081 -1753345 124
-33775444 -296108 62
-33652578 -11870791 93
-33628617 -9399399 62
-33774747 -1018090 186
-33693437 -10761175 124
-33687841 -5727633 62
-33622990 -14622406 93
-33618225 -10043683 62
-33629707 -23329711 155
-33760087 -1872486 93
-33637672 -26514184 186
-33771973 -255645 31
-33732543 -4434005 93
-33765326 -1385182 93
-33683348 -12012216 124
-33651176 -4000359 31
-33760053 -625306 31
-33585218 -36270639 186
-33707449 -2256029 31
-33659651 -14950678 124
-33731203 -6078281 124
-33699139 -2513507 31
-33747062 -1027855 31
-33740309 -4949100 124
-33585301 -24170110 124
-33774158 -375931 62
-33665828 -14184645 124
-33624882 -19262134 124
-33686638 -11604227 124
-33722759 -5344005 93
-33689862 -8403340 93
-33588277 -23801148 124
-33626744 -4757737 31
-33675815 -19419455 186
-33773338 -853462 124
-33678123 -12660106 124
-33653223 -23621652 186
-33594480 -28789952 155
-33680815 -15407920 155
-33651233 -7997205 62
-33694106 -5339114 62
-33663650 -7227442 62
-33735901 -4121671 93
-33717600 -5823762 93
-33589624 -35451080 186
-33689441 -16885104 186
-33723642 -1753903 31
-33692406 -2722263 31
-33706617 -13690329 186
-33709047 -11032030 155
-33764741 -959692 62
-33753997 -2438732 93
-33769416 -1004952 93
-33697887 -2552271 31
-33646594 -12427214 93
-33604211 -16369017 93
-33687837 -8591730 93
-33686477 -5812089 62
-33602757 -27506870 155
-33600171 -16744719 93
-33744276 -5571379 155
-33748202 -2977799 93
-33726675 -6639644 124
-33631849 -4599522 31
-33632059 -27558176 186
-33672347 -16720409 155
-33689371 -11265440 124
-33679353 -9380737 93
-33643768 -12690163 93
-33743314 -4576388 124
-33741149 -2422496 62
-33588672 -23752155 124
-33630626 -4637440 31
-33605016 -32588050 186
-33632688 -27441143 186
-33776725 -108350 31
-33592884 -11614887 62
-33600159 -11163853 62
-33748934 -969859 31
-33598932 -11239940 62
-33772329 -1223269 155
-33720382 -7420093 124
-33652688 -7906951 62
-33640525 -12991631 93
-33652763 -11853573 93
-33657240 -15249703 124
-33595504 -34357366 186
-33669024 -3447189 31
-33637675 -13256778 93
-33679917 -3109508 31
-33634598 -13542922 93
-33604088 -10920167 62
-33772496 -718406 93
-33656495 -11506562 93
-33624943 -28881705 186
-33675502 -19477703 186
-33651773 -23891343 186
-33656646 -3830829 31
-33776839 -628984 186
-33657616 -7601599 62
-33753618 -1649321 62
-33599298 -5608610 31
-33618006 -15086088 93
-33611556 -5228562 31
-33680687 -6171021 62
-33653861 -23502941 186
-33677560 -9547524 93
-33587992 -11918254 62
-33695509 -13130379 155
-33775275 -766593 155
-33701407 -9772978 124
-33619270 -14968442 93
-33613179 -5178287 31
-33635109 -22492305 155
-33737522 -1323748 31
-33598650 -33772234 186
-33630725 -4634375 31
-33663568 -3616144 31
-33608756 -26577049 155
-33683167 -9025966 93
-33588000 -35753146 186
-33694913 -7933704 93
-33600858 -11120517 62
-33629279 -18716719 124
-33714304 -12260524 186
-33677164 -6389441 62
-33731190 -6079860 124
-33641314 -17224564 124
-33660729 -7408515 62
-33765130 -1871346 124
-33752952 -845423 31
-33621277 -14781865 93
-33580274 -24793491 124
-33736400 -1358549 31
-33633744 -4540813 31
-33772704 -232984 31
-33670397 -20427259 186
-33667062 -3508022 31
-33685191 -2946021 31
-33594677 -23007375 124
-33629057 -23430520 155
-33718277 -3840442 62
-33583894 -6086219 31
-33751722 -1766956 62
-33638307 -13197955 93
-33655117 -11634728 93
-33619846 -4971697 31
-33585543 -18104984 93
-33672503 -10017827 93
-33616037 -5089684 31
-33753374 -3329099 124
-33665714 -17748654 155
-33754315 -4818538 186
-33641470 -4301371 31
-33647162 -4124878 31
-33712985 -8337242 124
-33704162 -9431291 124
-33615643 -5101949 31
-33697489 -2564645 31
-33585488 -24146905 124
-33753824 -2454872 93
-33608006 -10677368 62
-33585868 -6024921 31
-33595276 -5733391 31
-33650628 -4017470 31
-33673100 -9962225 93
-33688940 -16978203 186
-33722227 -10786796 186
-33692225 -13639325 155
-33757571 -1404306 62
-33612556 -20790535 124
-33585463 -30187429 155
-33667098 -17534164 155
-33679770 -6227928 62
-33587912 -35769556 186
-33720554 -9248347 155
-33586866 -17982017 93
-33721131 -3663492 62
-33741422 -6013873 155
-33626012 -28682849 186
-33584308 -18219975 93
-33694347 -5324259 62
-33688537 -11368875 124
-33761930 -567115 31
-33651829 -3980240 31
-33707981 -2239340 31
-33703728 -2371359 31
-33713581 -10329197 155
-33778555 -206554 124
-33726510 -6660148 124
-33774016 -961793 155
-33585581 -12067760 62
-33636632 -22256393 155
-33666285 -3531922 31
-33658519 -22636641 186
-33615619 -30616012 186
-33700101 -7451107 93
-33620495 -24757441 155
-33739590 -7557329 186
-33587088 -17961348 93
-33731908 -4493174 93
-33644330 -12637960 93
-33621339 -14776087 93
-33767330 -1998084 155
-33599554 -11201258 62
-33735618 -4148102 93
-33658570 -22627144 186
-33706383 -6866974 93
-33617890 -15096763 93
-33609107 -21218135 124
-33733982 -1433484 31
-33672104 -10054945 93
-33695388 -7889373 93
-33580390 -37168559 186
-33641505 -17200873 124
-33641936 -21434237 155
-33772366 -487026 62
-33726392 -10012219 186
-33650948 -12022381 93
-33670486 -3401779 31
-33687004 -5779356 62
-33714336 -8169777 124
-33768483 -2183205 186
-33710181 -2171169 31
-33637991 -22045615 155
-33673657 -16517504 155
-33774282 -552388 93
-33622377 -24465745 155
-33630587 -9277388 62
-33704475 -2348181 31
-33594424 -28798513 155
-33677849 -15867581 155
-33687854 -17180234 186
-33622019 -19617103 124
-33593251 -34776339 186
-33651922 -15909030 124
-33774784 -505662 93
-33653963 -11742050 93
-33731642 -6023809 124
-33587045 -5988555 31
-33658517 -7545615 62
-33673156 -3319063 31
-33647875 -8205368 62
-33644486 -25246730 186
-33633036 -27376496 186
-33588213 -11904526 62
-33601089 -27765360 155
-33602262 -27583594 155
-33648255 -20454645 155
-33747112 -2052796 62
-33646780 -16546623 124
-33643920 -16901348 124
-33723946 -5233512 93
-33745448 -6467741 186
-33727609 -6523808 124
-33642986 -21271484 155
-33639674 -17427926 124
-33728011 -9710962 186
-33654831 -3887180 31
-33778735 -138250 93
-33614651 -25663336 155
-33711388 -12802907 186
-33588349 -29740219 155
-33592939 -34834507 186
-33721762 -5436751 93
-33679255 -9389918 93
-33699139 -7540694 93
-33629361 -4676749 31
-33635488 -26920302 186
-33643347 -8486137 62
-33763621 -2058372 124
-33714043 -8205995 124
-33670214 -3410207 31
-33765261 -463849 31
-33654652 -7785280 62
-33648609 -24479897 186
-33612171 -5209532 31
-33592370 -29116841 155
-33779438 -24290 31
-33612611 -5195883 31
-33713887 -6169075 93
-33661290 -11060512 93
-33648026 -8196108 62
-33711317 -2136102 31
-33591247 -11716325 62
-33774964 -814752 155
-33589957 -29490963 155
-33634303 -13570297 93
-33741898 -3564117 93
-33685762 -11713006 124
-33622678 -29303038 186
-33751227 -1797625 62
-33677925 -19027034 186
-33746677 -1039939 31
-33763772 -2549657 155
-33762847 -538563 31
-33616241 -15250188 93
-33649858 -12123753 93
-33754080 -810375 31
-33743914 -3376501 93
-33648529 -8164878 62
-33716723 -5905298 93
-33682711 -15114102 155
-33601130 -11103725 62
-33711730 -10616199 155
-33593580 -5785936 31
-33635423 -17954948 124
-33645279 -25099205 186
-33669780 -6847343 62
-33682403 -9097042 93
-33695408 -10516823 124
-33705733 -11545689 155
-33589348 -29585242 155
-33732806 -2939711 62
-33669863 -20526601 186
-33697716 -15345975 186
-33712603 -6288391 93
-33746023 -6360810 186
-33614809 -10255624 62
-33757977 -2068624 93
-33643044 -8504955 62
-33765512 -912057 62
-33589120 -17772381 93
-33634544 -27095953 186
-33629707 -9331848 62
-33659791 -11200005 93
-33640103 -13030950 93
-33737188 -1334007 31
-33604819 -16312451 93
-33584186 -24308257 124
-33779109 -68900 62
-33625065 -4809824 31
-33593823 -5778347 31
-33659660 -11212206 93
-33703277 -14311655 186
-33672423 -3341787 31
-33767848 -2301406 186
-33602374 -16539756 93
-33628771 -28169763 186
-33635289 -22464487 155
-33621105 -14797724 93
-33643091 -21255197 155
-33619954 -24841408 155
-33659327 -7495456 62
-33705490 -11583206 155
-33612220 -15624118 93
-33689827 -2802304 31
-33639325 -13103359 93
-33758675 -667830 31
-33630078 -23272154 155
-33718295 -1919769 31
-33715562 -12026578 186
-33779064 -215178 186
-33610259 -21075277 124
-33701607 -4874134 62
-33761451 -2909411 155
-33754958 -2349526 93
-33637493 -4424506 31
-33738769 -5140038 124
-33648354 -16351516 124
-33775179 -781561 155
-33704926 -4668252 62
-33735458 -8325993 186
-33650742 -24083041 186
-33766152 -1744493 124
-33668422 -17328759 155
-33671332 -10126766 93
-33648130 -8189699 62
-33728500 -6413336 124
-33721791 -10867999 186
-33645139 -20937697 155
-33757260 -2847157 124
-33673334 -6627058 62
-33604103 -21838628 124
-33640102 -4343747 31
-33697377 -2568165 31
-33634260 -13574336 93
-33606101 -5397688 31
-33638308 -26395816 186
-33670540 -10200288 93
-33771900 -515965 62
-33636896 -8886090 62
-33644671 -25212352 186
-33779578 -39834 62
-33624190 -9673902 62
-33634256 -27149427 186
-33740943 -2435291 62
-33586447 -18021059 93
-33743686 -3397822 93
-33643474 -8478341 62
-33601982 -11050886 62
-33647569 -12336614 93
-33614656 -5132565 31
-33636903 -8885629 62
-33653915 -15661995 124
-33739249 -2540332 62
-33634162 -9055748 62
-33616439 -5077257 31
-33621827 -24551087 155
-33673763 -3300230 31
-33674776 -3268849 31
-33657005 -7639352 62
-33718549 -1911779 31
-33776915 -614923 186
-33609127 -26519525 155
-33700831 -9844380 124
-33755281 -4638932 186
-33751634 -886099 31
-33749400 -5732754 186
-33754517 -4780870 186
-33684821 -5914873 62
-33755627 -1524854 62
-33637139 -4435491 31
-33596294 -34210388 186
-33648577 -4080913 31
-33734702 -8466467 186
-33720882 -5518495 93
-33632585 -13730179 93
-33766352 -2149638 155
-33668900 -17254758 155
-33738623 -2579168 62
-33590995 -29329962 155
-33611447 -10464053 62
-33767272 -2408590 186
-33692592 -8149448 93
-33594723 -5750391 31
-33629857 -27967704 186
-33773034 -1336732 186
-33642625 -4265396 31
-33608799 -21256371 124
-33706109 -13784765 186
-33677178 -15971653 155
-33778610 -99820 62
-33680653 -9259901 93
-33759540 -3846589 186
-33608355 -5327906 31
-33678613 -6299787 62
-33780030 -35622 186
-33767740 -1547715 124
-33594422 -5759743 31
-33638531 -13177229 93
-33590317 -35322197 186
-33692021 -2734131 31
-33733599 -4335806 93
-33741672 -3585061 93
-33613292 -5174828 31
-33691493 -13752760 155
-33773200 -435377 62
-33645563 -25046448 186
-33737067 -1337759 31
-33760361 -615673 31
-33672746 -16658613 155
-33699430 -12522660 155
-33689775 -11215281 124
-33668533 -17311669 155
-33730839 -9185112 186
-33616564 -5073353 31
-33591139 -17584551 93
-33740832 -2442111 62
-33670522 -20403997 186
-33595946 -34275160 186
-33711919 -10586810 155
-33776537 -570945 155
-33736692 -4048242 93
-33669308 -3438348 31
-33584687 -6061504 31
-33672548 -20027277 186
-33630410 -13932427 93
-33723789 -5248084 93
-33643741 -8461772 62
-33642493 -25617371 186
-33716195 -9924084 155
-33729054 -1586259 31
-33742173 -4718043 124
-33657524 -3803648 31
-33647958 -4100127 31
-33676698 -12836756 124
-33708668 -6654381 93
-33645131 -4187789 31
-33607260 -32170688 186
-33638437 -21976497 155
-33734095 -7149499 155
-33623819 -19393874 124
-33676290 -12887370 124
-33596875 -28418572 155
-33613577 -20663831 124
-33738985 -1278314 31
-33738009 -1308631 31
-33668868 -17259710 155
-33741849 -2379060 62
-33628754 -28172876 186
-33610289 -15803662 93
-33730763 -6132824 124
-33622606 -14658123 93
-33588101 -23822839 124
-33643919 -21126843 155
-33625131 -19231179 124
-33606148 -10792519 62
-33700906 -9835067 124
-33775152 -785716 155
-33675470 -9741772 93
-33762400 -2209718 124
-33777440 -344911 124
-33617991 -10058317 62
-33642898 -17027961 124
-33726336 -10022664 186
-33732645 -1474812 31
-33758419 -3379312 155
-33774730 -851168 155
-33760521 -1832165 93
-33658668 -18840781 155
-33637918 -4411449 31
-33708600 -4440461 62
-33754073 -4863544 186
-33611038 -5244717 31
-33599229 -11221432 62
-33636079 -17873614 124
-33754602 -2382546 93
-33722521 -1788618 31
-33603160 -21955502 124
-33598047 -28237002 155
-33751811 -880797 31
-33773077 -442886 62
-33691359 -11018797 124
-33680218 -6200170 62
-33655460 -19337909 155
-33738275 -2600725 62
-33661961 -7332024 62
-33680959 -9231327 93
-33609403 -21181492 124
-33696062 -5217849 62
-33622671 -29304212 186
-33767266 -803233 62
-33744606 -4416172 124
-33746836 -1034857 31
-33721276 -7309086 124
-33692117 -13656193 155
-33601157 -27754936 155
-33693720 -16089112 186
-33713859 -8228910 124
-33732792 -4410978 93
-33772800 -1380395 186
-33704515 -9387468 124
-33750251 -1858173 62
-33656565 -23000089 186
-33603249 -32916733 186
-33746402 -1048453 31
-33723696 -1752206 31
-33665684 -21303832 186
-33604693 -10882770 62
-33635671 -8962009 62
-33715280 -12078960 186
-33586223 -12027866 62
-33583445 -18300119 93
-33728578 -1600867 31
-33735644 -5527641 124
-33666030 -21239497 186
-33686942 -5783312 62
-33674400 -19682801 186
-33723857 -1747259 31
-33594241 -17296127 93
-33657834 -18969892 155
-33768502 -363281 31
-33609465 -15880285 93
-33681125 -9215875 93
-33706474 -11430707 155
-33775454 -147767 31
-33694233 -2665648 31
-33727832 -9744312 186
-33731804 -4502801 93
-33589745 -5904702 31
-33775488 -440220 93
-33763408 -521264 31
-33580291 -6197917 31
-33723496 -8792311 155
-33662426 -18258273 155
-33769628 -656687 62
-33777522 -502014 186
-33638588 -17562430 124
-33775429 -297192 62
-33719261 -1889666 31
-33672990 -19944986 186
-33732759 -7356699 155
-33665411 -10677240 93
-33580568 -6189200 31
-33634478 -4518108 31
-33602506 -33054960 186
-33686636 -14505623 155
-33662580 -21881135 186
-33755191 -3103811 124
-33629444 -14022252 93
-33594080 -28851810 155
-33650738 -16055819 124
-33737930 -3933063 93
-33705278 -9292842 124
-33731713 -9022455 186
-33687095 -2886855 31
-33713863 -12342573 186
-33753707 -2465747 93
-33613093 -5181056 31
-33741711 -1193751 31
-33672906 -6653607 62
-33721454 -9108894 155
-33665948 -3542403 31
-33693615 -13423932 155
-33720246 -5577602 93
-33755211 -775380 31
-33637085 -13311615 93
-33727945 -9723321 186
-33605145 -16282047 93
-33662376 -7306340 62
-33600425 -5573690 31
-33634549 -18063275 124
-33763208 -1582206 93
-33754519 -796704 31
-33749177 -5774260 186
-33662217 -3658057 31
-33611114 -10484556 62
-33609492 -31755622 186
-33746337 -1050395 31
-33769023 -1735598 155
-33581774 -24607497 124
-33612853 -10376756 62
-33662321 -3654923 31
-107694225 -512097595 6
-33598620 -16888833 93
-33732988 -4392632 93
-33646727 -4138302 31
-33636767 -17788251 124
-33657544 -3802989 31
-33716526 -5923653 93
-33712396 -4205169 62
-33722346 -5382438 93
-33734160 -4283657 93
-33641282 -21535470 155
-33719563 -5641269 93
-33632775 -4570793 31
-33586431 -6007569 31
-33723475 -5277384 93
-33639347 -4367055 31
-33631519 -18439035 124
-33771230 -557493 62
-33681790 -3051291 31
-33759889 -3151382 155
-33631853 -22997074 155
-33668500 -6926786 62
-33733410 -7255617 155
-33631764 -23010793 155
-33689283 -14095469 155
-33587718 -11935271 62
-33581831 -36900629 186
-33669081 -20672027 186
-33717491 -9723080 155
-33733646 -2887646 62
-33638114 -26431897 186
-33599737 -16785028 93
-33697333 -7708534 93
-33709571 -13140882 186
-33752160 -869925 31
-33734264 -7123324 155
-33642174 -25676706 186
-33696037 -13048569 155
-33643181 -12744737 93
-33676016 -6460747 62
-33696228 -15622646 186
-33659490 -3742664 31
-33684531 -17798307 186
-33728243 -4833949 93
-33584625 -36380900 186
-33696704 -2588962 31
-33745944 -2125104 62
-33777702 -234344 93
-33700275 -4956700 62
-33662463 -10951590 93
-33695055 -5280291 62
-33635259 -22469108 155
-33756846 -2898563 124
-33716721 -9842553 155
-33622752 -14644625 93
-33640512 -4330954 31
-33725235 -5113779 93
-33609773 -15851629 93
-33662258 -21941131 186
-33773129 -1099325 155
-33725636 -1692176 31
-33704393 -7051943 93
-33762850 -1076936 62
-33686537 -5808352 62
-33582366 -6133598 31
-33661175 -22142478 186
-33706256 -11464577 155
-33636641 -17803932 124
-33582150 -30700907 155
-33660558 -22257341 186
-33666588 -14090505 124
-33684960 -11812408 124
-33632817 -27417173 186
-33637451 -22129313 155
-33772923 -1131269 155
-33649804 -8085819 62
-33589076 -5925410 31
-33594838 -22987579 124
-33659706 -18679854 155
-33645911 -4163543 31
-33671110 -3382389 31
-33617227 -15158385 93
-33708076 -2236456 31
-33765312 -2772992 186
-33638972 -26272352 186
-33692056 -13665595 155
-33626902 -19011627 124
-33762366 -3321125 186
-33770584 -1195046 124
-33738594 -3871282 93
-33691449 -2751915 31
-33613421 -31024713 186
-33750008 -2809794 93
-33649441 -24325016 186
-33646848 -16538191 124
-33617721 -20150016 124
-33607247 -21448752 124
-33775129 -789293 155
-33734330 -7113190 155
-33688197 -2852692 31
-33741503 -1200295 31
-33742831 -2318108 62
-33603710 -21887362 124
-33735105 -8391617 186
-33596977 -34083436 186
-33769160 -685836 62
-33666496 -17627454 155
-33607815 -16033762 93
-33760154 -3110403 155
-33699735 -7485210 93
-33659963 -7455926 62
-33624646 -4822833 31
-33717617 -7762797 124
-33615274 -5113455 31
-33593115 -23201088 124
-33592985 -29021599 155
-33699080 -15092126 186
-33694518 -13284026 155
-33708277 -4460585 62
-33589371 -29581820 155
-33691279 -13785996 155
-33674053 -13164878 124
-33611089 -26215375 155
-33600469 -5572360 31
-33721899 -5423913 93
-33751766 -3528519 124
-33639639 -8716171 62
-33722268 -8982671 155
-33695490 -13133250 155
-33656690 -11488344 93
-33623201 -4867601 31
-33725275 -5109883 93
-33726515 -3329807 62
-33720887 -5518045 93
-33633706 -13625842 93
-33745436 -5391629 155
-33582734 -12244294 62
-33648980 -16273845 124
-33664920 -21445905 186
-33710356 -2165824 31
-33601680 -22139143 124
-33766872 -2069181 155
-33690852 -2770411 31
-33655194 -19379146 155
-33771817 -1302651 155
-33735146 -5589302 124
-33692348 -8172187 93
-33597238 -28362288 155
-33694240 -2665454 31
-33661393 -18418435 155
-33672027 -10061950 93
-33583746 -12181363 62
-33650874 -16038952 124
-33629172 -4682535 31
-33724999 -8559510 155
-33667467 -17476957 155
-33750805 -911858 31
-33679116 -6268496 62
-33593554 -11573421 62
-33696918 -7747116 93
-33695201 -5271156 62
-33720974 -11019864 186
-33731098 -1522913 31
-33721267 -3655200 62
-33757535 -703187 31
-33707400 -2257356 31
-33686374 -17455596 186
-33715182 -12097235 186
-33718342 -9591166 155
-33678967 -15694355 155
-33595289 -34397259 186
-33687066 -11551227 124
-33602295 -5515692 31
-33629462 -28041095 186
-33637819 -17657930 124
-33763103 -2122704 124
-33622892 -19508714 124
-33769485 -998484 93
-33651335 -23972698 186
-33713577 -6197955 93
-33700423 -4947388 62
-33586890 -5993273 31
-33646754 -12412477 93
-33757224 -2851715 124
-33674290 -9851651 93
-33675747 -12954716 124
-33600514 -22283723 124
-33767024 -1227404 93
-33609995 -10553949 62
-33646937 -8263580 62
-33739901 -6249619 155
-33588794 -23736850 124
-33613652 -25818269 155
-33656013 -11551397 93
-33751675 -5309553 186
-33716560 -5920501 93
-33668445 -6930048 62
-33749980 -937403 31
-33622309 -9790643 62
-33622690 -14650289 93
-33671085 -3383188 31
-33674196 -16433840 155
-33632530 -22892204 155
-33593238 -11592994 62
-33605917 -16210254 93
-33774701 -1026792 186
-33766977 -1231689 93
-33586706 -29994781 155
-33628400 -23532169 155
-33606491 -10771355 62
-33664549 -17929187 155
-33651477 -23946356 186
-33591789 -5841329 31
-33757252 -712084 31
-33658341 -18891312 155
-33581209 -24677516 124
-33673079 -16606950 155
-33767943 -380599 31
-33775808 -683983 155
-33776700 -655000 186
-33760095 -623845 31
-33632066 -27556895 186
-33622305 -4895299 31
-113098891 -829230747 5
-33594499 -17272109 93
-33583561 -18289333 93
-33657709 -11393669 93
-33655740 -3858830 31
-33637828 -22070999 155
-33615171 -25582757 155
-33716333 -9902725 155
-33627745 -28360547 186
-33742383 -2346012 62
-33735763 -1378248 31
-33756893 -2169545 93
-33586007 -30103117 155
-33641319 -17223783 124
-33748353 -4939456 155
-33769550 -1323289 124
-33711400 -6400337 93
-33732507 -7395705 155
-33632309 -27511599 186
-33684365 -17829148 186
-33720711 -1844849 31
-33750909 -5451934 186
-33744503 -5536330 155
-33650122 -4032994 31
-33755678 -3804072 155
-33717954 -7721031 124
-33661092 -7385956 62
-33765392 -459706 31
-33645910 -12490906 93
-33632497 -27476584 186
-33625341 -14403801 93
-33732203 -5954308 124
-33696126 -15641707 186
-33630213 -13950840 93
-33697025 -2579086 31
-33720369 -5566213 93
-33636855 -13333043 93
-33680756 -12333597 124
-33667315 -21000462 186
-33600695 -27826558 155
-33726461 -8332706 155
-33658604 -15080534 124
-33729660 -6269477 124
-33726381 -5007144 93
-33643872 -21134152 155
-33757309 -3551417 155
-33586887 -35960152 186
-33704197 -14140447 186
-33588982 -17785223 93
-33751160 -900860 31
-33720715 -3689301 62
-33778654 -291559 186
-33641032 -21574252 155
-33768421 -1829041 155
-33742893 -6942939 186
-33583268 -6105559 31
-33619622 -29871412 186
-33607527 -10707117 62
-33588527 -11884942 62
-33647667 -12327536 93
-33734771 -8453687 186
-33735380 -8340508 186
-33684603 -5928384 62
-33711328 -4271266 62
-33724338 -3464709 62
-33690054 -5590383 62
-33657793 -15181094 124
-33755326 -3858731 155
-33725544 -6779854 124
-33670888 -3389333 31
-33759447 -1287950 62
-33715759 -5994971 93
-33657702 -3798144 31
-33648628 -24476392 186
-33674271 -6568972 62
-33735744 -6893936 155
-33704816 -2337621 31
-33622751 -19526227 124
-33621245 -24641372 155
-33665428 -10675666 93
-33585744 -6028738 31
-33735824 -8257870 186
-33741697 -2388409 62
-33776828 -631161 186
-33746104 -3172970 93
-33638321 -4398829 31
-33653935 -19574275 155
-33775949 -397341 93
-33665218 -10695184 93
-33600533 -5570392 31
-33617087 -20228679 124
-33604391 -16352106 93
-33682480 -3029884 31
-33760983 -1192725 62
-33714298 -12261692 186
-33709618 -4377288 62
-33632230 -27526416 186
-33671075 -13534149 124
-33741840 -4759185 124
-33615505 -30637209 186
-33674228 -3285856 31
-33770335 -919368 93
-33603970 -32782642 186
-33681161 -18425143 186
-33699597 -14995973 186
-33611463 -10463010 62
-33630947 -4627518 31
-33671016 -3385436 31
-33608624 -15958609 93
-33777345 -356590 124
-33756259 -3714033 155
-33604570 -21780724 124
-33628455 -18818938 124
-33693464 -8068472 93
-33710204 -4341016 62
-33608235 -5331633 31
-33615427 -30651603 186
-33715839 -7983391 124
-33671580 -16839440 155
-33719511 -11292119 186
-33652777 -7901489 62
-33607116 -26831211 155
-33734754 -4228439 93
-33593234 -5796643 31
-33706625 -11407314 155
-33654697 -11673821 93
-33743656 -5667539 155
-33622739 -19527791 124
-33717060 -7832014 124
-33667556 -20955598 186
-33648377 -12261473 93
-33620560 -14848481 93
-33693150 -10796749 124
-33674814 -13070403 124
-33669934 -13675622 124
-33725261 -3407603 62
-33610744 -10507492 62
-33702308 -4830518 62
-33630492 -4641695 31
-33706978 -13623227 186
-33586581 -30014225 155
-33637467 -17701406 124
-33753179 -5029726 186
-33643699 -16928821 124
-33737884 -3937263 93
-33585564 -30171781 155
-33741628 -3589249 93
-33623088 -4871177 31
-33738992 -7668550 186
-33747958 -4000533 124
-33729121 -6336320 124
-33637106 -26619302 186
-33667915 -13925990 124
-33592141 -11660966 62
-33621240 -19713669 124
-33734216 -7130831 155
-33716554 -1973596 31
-33742178 -7076018 186
-33613729 -20645060 124
-33733316 -8724424 186
-33647122 -12378155 93
-33585405 -6039267 31
-33666526 -17622794 155
-33623062 -9743797 62
-33608248 -10662303 62
-33689686 -2806665 31
-33727461 -9813265 186
-33753307 -4171659 155
-33689381 -16896242 186
-33655425 -23212020 186
-33710508 -10805545 155
-33644147 -8436517 62
-33628674 -23489804 155
-33669203 -17207883 155
-33602250 -27585405 155
-33769177 -2054138 186
-33763582 -1547329 93
-33624496 -19309859 124
-33665743 -3548907 31
-33637742 -17667432 124
-33739643 -2515824 62
-33770338 -919136 93
-33726099 -10066610 186
-33683533 -8992026 93
-33746396 -2097096 62
-33595401 -34376583 186
-33747545 -4051824 124
-33661555 -18393299 155
-33614300 -10287034 62
-33669743 -10274497 93
587772656 479560203 7
-33699870 -12454331 155
-33769731 -1300686 124
-33774697 -1027520 186
-33628548 -28211094 186
-33708403 -2226289 31
-33589806 -23611519 124
-33644318 -8425893 62
-33765919 -2216715 155
-33646157 -12467982 93
-33664136 -7197349 62
-33658745 -7531595 62
-33694530 -10625743 124
-33584965 -24211820 124
-33656205 -23066934 186
-33656561 -19167277 155
-33646347 -12450257 93
-33669253 -6880019 62
-33652499 -15837435 124
-33674403 -19682194 186
-33706933 -2271865 31
-33620210 -14881095 93
-33734386 -8525238 186
-33768935 -699667 62
-33739314 -2536134 62
-33662763 -18205941 155
-33694667 -15913021 186
-33657249 -3812129 31
-33611108 -10484963 62
-33672072 -20115729 186
-33604013 -27312193 155
-33656069 -7697355 62
-33581740 -24611735 124
-33652548 -15831453 124
-33736106 -5470206 124
-33699222 -5021973 62
-33702402 -7237191 93
-33596915 -28412352 155
-33588406 -17838745 93
-33718049 -5782028 93
-33694636 -10612488 124
-33689261 -16918659 186
-33674098 -19738927 186
-33611251 -5237992 31
-33717700 -3876265 62
-33601451 -33251137 186
-33749406 -4776340 155
-33737416 -1327051 31
-33748173 -3973987 124
-33636511 -8910022 62
-33582261 -12273566 62
-33674126 -16444686 155
-33722657 -10706973 186
-33762531 -2741985 155
-33696204 -7813545 93
-33726420 -8339252 155
-33724989 -1712269 31
-33730850 -3060976 62
-33667790 -13941373 124
-33638427 -8791240 62
-33652607 -11868096 93
-33727294 -9844336 186
-33648008 -12295889 93
-33639767 -4354076 31
-33678136 -12658493 124
-33632479 -4579981 31
-33740246 -1239225 31
-33642605 -4266118 31
-33656459 -11509818 93
-33716399 -9892492 155
-33597813 -28273338 155
-33641501 -21501647 155
-33707690 -6745455 93
-33763602 -2060756 124
-33661950 -14665643 124
-33707456 -4511407 62
-33732907 -1466803 31
-33757320 -2129762 93
-33771246 -834743 93
-33745977 -2123172 62
-33695703 -10480272 124
-33672962 -3325046 31
-33710041 -13053499 186
-33641524 -8599140 62
-33697820 -15326668 186
-33616044 -15268419 93
-33770257 -308942 31
-33686085 -11672902 124
-33658426 -3775738 31
-33621445 -29532428 186
-33605544 -16245034 93
-33748269 -4952519 155
-33687781 -11462616 124
-33635268 -8987136 62
-33626781 -19026651 124
-33691090 -2763075 31
-33713375 -6216727 93
-33723393 -8808327 155
-33678343 -12632878 124
-33586344 -6010279 31
-33736452 -2713682 62
-33690974 -2766689 31
-33632285 -22930092 155
-33756644 -730873 31
-33760994 -1192144 62
-33652900 -19734689 155
-33639330 -17470429 124
-33615159 -5116923 31
-33768762 -355262 31
-33618577 -30065772 186
-33721662 -10891986 186
-33728326 -8043773 155
-33592316 -29125248 155
-33589758 -35426188 186
-33667755 -6972890 62
-33690108 -16761090 186
-33636276 -13386873 93
-33776258 -245798 62
-33611435 -15697100 93
-33732840 -2937553 62
-33729305 -1578427 31
-33735928 -2746104 62
-33737113 -4009018 93
-33715266 -6040739 93
-33667482 -3494880 31
-33679763 -12456874 124
-33744356 -4447340 124
-33631866 -4599045 31
-33678323 -18953030 186
-33600506 -11142392 62
-33663987 -21619444 186
-33650102 -20168456 155
-33629947 -4658505 31
-33626858 -28525425 186
-33653516 -23567102 186
-33589731 -23620844 124
-33762566 -2736514 155
-33585410 -6039160 31
-33601669 -33210711 186
-33593902 -17327703 93
-33678223 -15809707 155
-33658902 -3760953 31
-33682932 -3015955 31
-33688551 -2841858 31
-33771326 -1103038 124
-33587927 -35766737 186
-33733661 -4330167 93
-33689998 -5593868 62
-33633652 -13630930 93
-33650214 -8060398 62
-33714266 -2044636 31
-33621490 -29523964 186
-33647945 -20502849 155
-33596022 -5710190 31
-33648208 -4092458 31
-33743562 -3409317 93
-33639671 -4357008 31
-33717152 -11730848 186
-33712862 -4176259 62
-33707938 -6722240 93
-33668582 -17303949 155
-33672373 -3343283 31
-33705683 -4621306 62
-33701938 -12133947 155
-33615136 -25588224 155
-33779767 -84360 186
-33640252 -8678170 62
-33765028 -2355015 155
-33709591 -8758049 124
-33696924 -12911005 155
-33755062 -3899575 155
-33723757 -3500796 62
-33723377 -10572959 186
-33753435 -4982096 186
-33691511 -11000100 124
-33724573 -8625422 155
-33653826 -23509538 186
-33753694 -822278 31
-33650391 -8049505 62
-33610710 -15764454 93
-33759232 -3903936 186
-33720346 -1856029 31
-33664099 -17998851 155
-33770334 -612986 62
-33730144 -1552307 31
-33650148 -20161383 155
-33719028 -11381976 186
-33732544 -5911862 124
-33727316 -8200321 155
-33590450 -35297464 186
-33727557 -6530365 124
-33648637 -24474527 186
-33735464 -5549932 124
-33745172 -6519185 186
-33729167 -4747970 93
-33658583 -22624764 186
-33733001 -4391362 93
-33624817 -28905045 186
-33680764 -3083070 31
-33600287 -5578051 31
-33631177 -27722151 186
-33645567 -16697119 124
-33694245 -7995788 93
-33675795 -3237291 31
-33694094 -16019639 186
-33609909 -10559377 62
-33702627 -4810821 62
-33662371 -18266758 155
-33713281 -10375665 155
-33777636 -480746 186
-33769301 -677053 62
-33644129 -4218952 31
-33609356 -31780936 186
-33703519 -7133350 93
-33595143 -5737448 31
-33748807 -5842988 186
-33618588 -5010565 31
-33734163 -2855506 62
-33685449 -2937954 31
-33606550 -5383811 31
-33614265 -30867761 186
-33635833 -26856224 186
-33683733 -17946710 186
-33594113 -34616173 186
-33594679 -17255495 93
-33748714 -4883578 155
-33709912 -13077450 186
-33647685 -20543019 155
-33655848 -7711047 62
-33718360 -1917640 31
-33721463 -5464552 93
-33640208 -26042351 186
-33772148 -1501544 186
-33683682 -17956279 186
-33689714 -2805699 31
-33718660 -9541902 155
-33608574 -31926434 186
-33658070 -7573298 62
-33656112 -3847407 31
-33779385 -103751 124
-33657171 -3814471 31
-33742359 -4694833 124
-33649574 -16200142 124
-33649472 -12159592 93
-33671357 -6749585 62
-33637751 -13249750 93
-33614891 -20500840 124
-33581671 -12310093 62
-33660778 -3702804 31
-33629872 -9321544 62
-33736941 -2683370 62
-33594814 -11495309 62
-33628272 -28262501 186
-33581845 -30748333 155
-33752423 -2585224 93
-33730058 -6220217 124
-33584666 -6062295 31
-33657581 -7603661 62
-33592367 -29117460 155
-33688632 -5678430 62
-33581504 -30801196 155
-33767399 -397552 31
-33700658 -9865730 124
-33627586 -18926773 124
-33705146 -9309317 124
-33684978 -14762625 155
-33715649 -6005251 93
-33773333 -640656 93
-33731476 -7555498 155
-33625721 -14368488 93
-33639461 -13090590 93
-33655357 -19353828 155
-33760155 -1866190 93
-33768245 -742557 62
-33750436 -5540092 186
-33697767 -7668122 93
-33639596 -8718688 62
-33612303 -20821769 124
-33589090 -29625286 155
-33761752 -1717620 93
-33756592 -732501 31
-33695130 -2637915 31
-33702361 -12068309 155
-33764440 -2935316 186
-33779642 -17913 31
-33687043 -14442495 155
-33632417 -27491489 186
-33638947 -13138546 93
-33732333 -7422731 155
-33774212 -372653 62
-33763016 -533446 31
-33774185 -748507 124
-33611075 -5243446 31
-33626510 -28590255 186
-33609199 -21206806 124
-33746866 -1033954 31
-33722353 -1793925 31
-33729522 -6286602 124
-33780004 -40414 186
-33652808 -15799168 124
-33645316 -8364083 62
-33612632 -10390550 62
-33735622 -2765048 62
-33648181 -12279812 93
-33597981 -11298951 62
-33754172 -4037580 155
-33631396 -4613530 31
-33667449 -10487801 93
-33617064 -5057926 31
-33703358 -11913851 155
-33735090 -8394462 186
485376416 -289194019 4
-33597473 -22660844 124
-33695147 -5274653 62
-33722394 -1792682 31
-33762200 -1675903 93
-33651446 -15968133 124
-33590139 -17677707 93
-33586493 -6005510 31
-33699786 -2493581 31
-33743521 -3413054 93
-33755450 -2303656 93
-33760777 -602840 31
-33734926 -8424796 186
-33647252 -16488237 124
-33664991 -21432789 186
-33754668 -792155 31
-33645344 -8362364 62
-33616813 -5065716 31
-33750951 -2722074 93
-33673015 -9970171 93
-33596644 -11381866 62
-33762397 -552490 31
-33701005 -12278474 155
-33673981 -13173828 124
-33602632 -22021079 124
-33780185 -6704 186
-33669289 -3438875 31
-33706431 -2287588 31
-33705016 -11656845 155
-33591726 -35060129 186
-33621669 -14745246 93
-33725200 -3411363 62
-33724476 -3456156 62
-33726118 -10063156 186
-33648189 -24558051 186
-33606755 -26887241 155
-33672612 -3335827 31
-33625924 -28699235 186
-33667804 -10454739 93
-33665226 -7129678 62
-33634815 -9015162 62
-33726899 -4958993 93
-33717978 -1929612 31
-33636386 -8917851 62
-33628382 -23534955 155
-33679251 -6260049 62
-33595362 -17191815 93
-33604867 -10871912 62
-33603004 -16481262 93
-33734434 -7096935 155
-33707071 -13605952 186
-33661206 -7378858 62
-33757201 -3568086 155
-33588686 -23750438 124
-33736867 -2688025 62
-33610624 -10515076 62
-33710232 -13017925 186
-33715517 -12034875 186
-33683087 -18066826 186
-33721409 -3646267 62
-33723066 -7087286 124
-33615120 -30708750 186
-33620270 -19833978 124
-33772511 -238973 31
-33672523 -13354478 124
-33631271 -27704727 186
-33669306 -20630217 186
-33659636 -22428752 186
-33745702 -2140245 62
-33721906 -1807677 31
-33776244 -123361 31
-33606963 -10742088 62
-33714700 -4062258 62
-33611618 -10453400 62
-33624100 -24198659 155
-33741586 -7186066 186
-33776352 -119865 31
-33607014 -26847152 155
-33591502 -35101728 186
-33586090 -30090321 155
-33665739 -3549028 31
-33684921 -5908658 62
-33746474 -4184643 124
-33729192 -6327573 124
-33682516 -6057637 62
-33726757 -1657419 31
-33750245 -3716993 124
-33747728 -6043734 186
-33735112 -5593579 124
-33587665 -11938520 62
-33745417 -5394548 155
-33649434 -4054478 31
-33620670 -4946151 31
-33632544 -22889875 155
-33588228 -11903482 62
-33678618 -12598706 124
-33709882 -13082965 186
-33729248 -4740493 93
-33669798 -10269339 93
-33651779 -11945153 93
-33601348 -22180241 124
-33708494 -8894110 124
-33648962 -16276198 124
-33731526 -3019107 62
-33651042 -4004470 31
-33616468 -5076381 31
-33703845 -4735343 62
-33680396 -12378372 124
-33679733 -18690699 186
-33774833 -1002245 186
-33632901 -22834603 155
-33597137 -5675581 31
-33610645 -31541093 186
-33632283 -9172227 62
-33694094 -2669862 31
-33720682 -5537188 93
-33675869 -19409572 186
-33705001 -13990990 186
-33691313 -5512276 62
-33685282 -17658673 186
-33607390 -10715430 62
-33752550 -3431259 124
-33627079 -14242218 93
-33774985 -649346 124
-33617594 -25207246 155
-33724626 -5170390 93
-33710173 -4342939 62
-33770040 -1262484 124
-33720625 -3694987 62
-33650402 -12073068 93
-33655486 -23200723 186
-33710949 -12884656 186
-33779415 -149964 186
-33754411 -4000592 155
-33624743 -28918942 186
-33724201 -3473141 62
-33678620 -9448900 93
-33665348 -10683248 93
-33678902 -12563517 124
-33683486 -5997619 62
-33754891 -4711349 186
-33756348 -2960186 124
-33704658 -11712315 155
-33744098 -5599160 155
-33646879 -8267140 62
-33589497 -35474606 186
-33692984 -2704296 31
-33700205 -2480590 31
-33644690 -21007321 155
-33665935 -7085673 62
-33705083 -13975709 186
-33685467 -5874753 62
-33668023 -13912601 124
-33777818 -148961 62
-33701625 -9745846 124
-33763232 -3160027 186
-33757709 -697912 31
-33775665 -423713 93
-33778316 -118035 62
-33599182 -22448866 124
-33736221 -2728036 62
-33716425 -11866107 186
-33695911 -5227257 62
-33586032 -12039679 62
-33654407 -15600995 124
-33584844 -18170135 93
-33721532 -9096777 155
-33683101 -9032119 93
-33701100 -9811069 124
-33586207 -6014365 31
-33762237 -2787521 155
-33724703 -1721090 31
-33700009 -12432920 155
-33625154 -19228357 124
-33691284 -8271224 93
-33708775 -8859286 124
-33727116 -8231281 155
-33663256 -18129567 155
-33688367 -14237278 155
-33709132 -2203718 31
-33639489 -21813399 155
-33751705 -5304006 186
-33632617 -22878546 155
-33770683 -1478481 155
-33686344 -17461221 186
-33670710 -10184583 93
-33646975 -8261249 62
-33630614 -9275548 62
-33750763 -1826372 62
-33775202 -155575 31
-33629475 -18692435 124
-33726919 -1652336 31
-33629374 -28057598 186
-33644332 -16850206 124
-33631092 -9246092 62
-33585416 -18116794 93
-33661527 -3679601 31
-33712338 -8417587 124
-33770951 -1149548 124
-33700402 -12371850 155
-33633219 -9114114 62
-33673148 -9957836 93
-33763950 -504444 31
-33601216 -5549062 31
-33620911 -29631597 186
-33750832 -2733139 93
-33611589 -15682834 93
-33662350 -18270023 155
-33762246 -557246 31
-33636585 -22263516 155
-33608232 -26658230 155
-33614755 -15388376 93
-33780187 -6292 186
-33767784 -1927794 155
-33727207 -9860539 186
-33742533 -7009897 186
-33735118 -8389113 186
-33596263 -28513422 155
-33634042 -27189353 186
-33728806 -9563192 186
-33678410 -15780615 155
-33777573 -328291 124
-33646348 -8300119 62
-33607436 -32138030 186
-33666386 -14115606 124
-33635840 -26854888 186
-33754547 -3979378 155
-33703609 -2375044 31
-33623167 -9737437 62
-33680463 -9277495 93
-33746337 -2100716 62
-33739777 -2507534 62
-33755968 -2255581 93
-33591344 -5855181 31
-33688920 -11321406 124
-33760494 -3057671 155
-33604305 -32720424 186
-33646755 -12412294 93
-33740588 -1228715 31
-33693224 -2696968 31
-33724139 -10431200 186
-33753684 -4113168 155
-33767932 -2285664 186
-33707850 -8974002 124
-33685828 -5852384 62
-33753014 -5060588 186
-33679209 -3131440 31
-33735440 -5552839 124
-33630366 -27872931 186
-33643992 -12669304 93
-33649902 -16159563 124
-33650726 -16057454 124
-33606564 -10766811 62
-33759407 -2580937 124
-33631256 -9235861 62
-33653035 -3942803 31
-33599379 -11212212 62
-33763695 -512257 31
-33752980 -3377815 124
-33711307 -2136365 31
-33742859 -4632899 124
-33614873 -15377415 93
-33625915 -28700859 186
-33644476 -16832411 124
-33599935 -22355390 124
-33736870 -4031681 93
-33738172 -6517583 155
-33600774 -11125620 62
-33606707 -16136888 93
-33761527 -1159110 62
-33778307 -59423 31
-33693141 -5398905 62
-33701167 -14704037 186
-33690763 -16639210 186
-33601694 -16603021 93
-33709057 -8824318 124
-33661421 -18414086 155
-33664319 -7185853 62
-33666618 -10565116 93
-33589273 -29596934 155
-33736518 -5419078 124
-33714559 -4071111 62
-33735692 -5521594 124
-33595995 -17133057 93
-33764898 -2375134 155
-33657368 -22850647 186
-33690740 -2773891 31
-33635142 -26984708 186
-33626674 -19039841 124
-33627126 -18983856 124
-33749936 -1877733 62
-33640600 -12984719 93
-33592875 -29038705 155
-33644807 -20989092 155
-33673448 -6619962 62
-33634669 -4512087 31
-33663991 -14412513 124
-33730199 -3101268 62
-33725556 -8473157 155
-33654678 -11675411 93
-33680400 -3094545 31
-33742332 -5872891 155
-33682389 -3032731 31
-33652955 -23671407 186
-33776830 -525660 155
-33597567 -16986733 93
-33643176 -12745134 93
-33692952 -2705317 31
-33593813 -34671982 186
-33714606 -6102132 93
-33619921 -29815761 186
-33651539 -7978355 62
-33747168 -3074001 93
-33728004 -4856240 93
-33641608 -4297053 31
-33599260 -28048928 155
-33696385 -10395601 124
-33711290 -8547421 124
-33689536 -5622483 62
-33639007 -4377604 31
-33706077 -9193929 124
-33670053 -10245667 93
-33692623 -16293203 186
-33641050 -8628621 62
-33585209 -24181494 124
-33727389 -4913317 93
-33655522 -15462704 124
-33710287 -2167886 31
-33639039 -21883144 155
-33658556 -3771658 31
-33710735 -12924426 186
-33629578 -9339928 62
-33657250 -11436330 93
-33670485 -6803565 62
-33584537 -6066242 31
-33744556 -4422532 124
-33674115 -19735758 186
-33584537 -30330958 155
-33602137 -27603003 155
-33655409 -3869108 31
-33700692 -2465462 31
-33754058 -810974 31
-33597283 -5671027 31
-33727379 -1638189 31
-33684675 -8885831 93
-33640640 -12980950 93
-33646863 -8268259 62
-33596857 -22737149 124
-33605017 -32587978 186
-33745226 -5424257 155
-33714004 -6158278 93
-33680628 -15436818 155
-33664748 -21477975 186
-33694395 -15963713 186
-33753572 -2478263 93
-33763807 -1017706 62
-33736343 -8161266 186
-33587937 -29804020 155
-33619672 -19908059 124
-33775223 -774721 155
-33645688 -4170545 31
-33748268 -2971589 93
-33657726 -3797261 31
-33648031 -20489410 155
-33684619 -11854723 124
-33618738 -25029837 155
-33728373 -6429152 124
-33603722 -32828739 186
-33706206 -9177905 124
-33693089 -5402084 62
-33705722 -4618842 62
-33656130 -7693570 62
-33649046 -24398534 186
-33770257 -1853290 186
-33773662 -203423 31
-33588827 -35599301 186
-33690525 -13902860 155
-33749535 -2853759 93
-33704529 -2346435 31
-33625952 -14347055 93
-33600421 -33442862 186
-33646763 -24823277 186
-33661321 -3685954 31
-33644960 -8386225 62
-33735302 -6962443 155
-33640569 -17316901 124
-33585230 -24178828 124
-33618021 -15084594 93
-33646834 -4134938 31
-33621662 -4915268 31
-33684964 -14764773 155
-33617328 -15149138 93
-33614957 -15369508 93
-33586894 -29965749 155
-33607789 -26727042 155
-33581673 -30774912 155
-33701345 -4890339 62
-33623636 -14562434 93
-33734593 -4243379 93
-33679571 -9360411 93
-33742933 -5779634 155
-33681834 -12199916 124
-33594912 -28722984 155
-33758237 -1362934 62
-33629932 -18635742 124
-33767624 -781020 62
-33739029 -6384676 155
-33771944 -513269 62
-33740697 -6126270 155
-33774836 -333965 62
-33745520 -5378609 155
-33773133 -219725 31
-33620557 -19798274 124
-33679517 -12487210 124
-33753271 -2506402 93
-33733515 -2895821 62
-33755253 -4644014 186
-33605336 -32528692 186
-33682639 -6050128 62
-33620691 -9890799 62
-33656497 -7670830 62
-33635128 -4497953 31
-33649997 -16147752 124
-33610665 -26281159 155
-33708370 -2227362 31
-33709382 -13175985 186
-33696011 -7831599 93
-33749213 -4806331 155
-33694380 -13305265 155
-33702292 -7247349 93
-33672171 -10048698 93
-33764447 -489070 31
-33682510 -9087041 93
-33660100 -14895043 124
-33752178 -869274 31
-33757505 -2112633 93
-33757621 -2101863 93
-33688955 -2829296 31
-33717332 -3899139 62
-33706765 -9108482 124
-33718015 -5785159 93
-33629756 -27986514 186
-33665840 -21274794 186
-33750561 -2758410 93
-33660541 -3710131 31
-33584754 -6059454 31
-33693286 -8084864 93
-33759319 -2591807 124
-33683483 -2998971 31
-33727956 -8101025 155
-33737322 -3989649 93
-33756082 -1496679 62
-33648261 -20453762 155
-33587468 -5975373 31
-33652106 -15886245 124
-33719546 -5642764 93
-33696785 -5173048 62
-33772739 -1159706 155
-33737739 -7901685 186
-33741399 -3610454 93
-33692526 -13592629 155
-33675991 -12924428 124
-33770857 -870771 93
-33635638 -8964107 62
-33713420 -8283292 124
-33610181 -15813813 93
-33772578 -1421652 186
-33620718 -14833734 93
-33605623 -5412540 31
-33698640 -5058115 62
-33776712 -326313 93
-33621728 -29479740 186
-33757918 -4148452 186
-33648544 -8163960 62
-33584413 -36420288 186
-33739811 -1252723 31
-33629175 -18729758 124
-33739394 -6328185 155
-33593698 -23128800 124
-33725163 -6827174 124
-33730482 -3083883 62
-33580609 -24751883 124
-33613482 -10337864 62
-33767758 -1158968 93
-33778298 -297994 155
-33663707 -18059716 155
-33754401 -2401314 93
-33742625 -4661912 124
-33605567 -10828527 62
-33768734 -1424465 124
-33633456 -9099360 62
-33715242 -8057324 124
-33665889 -21265769 186
-33722861 -1778245 31
-33676688 -19257114 186
-33727535 -8166239 155
-33716363 -9898036 155
-33589231 -11841309 62
-33602537 -5508178 31
-33711385 -10669566 155
-33775062 -479702 93
-33657028 -3818936 31
-33631329 -18462678 124
-33582179 -24557221 124
-33687755 -11465799 124
-33646570 -16572755 124
-33604608 -16331958 93
-33774271 -553364 93
-33707221 -6788940 93
-33601518 -5539741 31
-33588233 -29758185 155
-33769107 -1378036 124
-33616986 -10120554 62
-33733167 -8752070 186
-33638183 -26419046 186
-33728309 -6437077 124
-33600179 -16743821 93
-33742016 -4737410 124
-33583621 -36567616 186
-33733215 -7286003 155
-33597569 -22648910 124
-33714805 -6083681 93
-33708149 -4468407 62
-33762221 -1674095 93
-33657774 -3795913 31
-33694238 -7996430 93
-33631820 -4600495 31
-33752334 -5187023 186
-33759927 -2516475 124
-33738146 -3912947 93
-33756701 -4374746 186
-33637126 -26615663 186
-33615909 -25468398 155
-33596229 -34222548 186
-33635190 -26975746 186
-33764710 -1442484 93
-33581782 -18454872 93
-33706531 -9137550 124
-33728659 -6393620 124
-33586951 -29956909 155
-33605831 -27030457 155
-33709856 -8725258 124
-33662952 -14541269 124
-33772079 -757176 93
-33701686 -4869234 62
-33743716 -1131568 31
-33664519 -3586687 31
-33643275 -4245333 31
-33630582 -13916380 93
-33622599 -19545181 124
-33719996 -1866900 31
-33647619 -4110743 31
-33648918 -4070457 31
-33731932 -2993920 62
-33603183 -21952685 124
-33623773 -24249535 155
-33670573 -6798270 62
-33768956 -1746013 155
-33766610 -843822 62
-33757066 -3589097 155
-33769017 -694559 62
-33589046 -35558478 186
-33745881 -5322619 155
-33644333 -21062640 155
-33660828 -7402320 62
-33669244 -20641654 186
-33648293 -20448891 155
-33601372 -11088650 62
-33641495 -8600935 62
-33753505 -1656460 62
-33674405 -13121143 124
-33621273 -9854712 62
-33663033 -14531247 124
-33692140 -10921989 124
-33736854 -1344402 31
-33674868 -6531924 62
-33695396 -2629669 31
-33594354 -34571173 186
-33725516 -3391710 62
-33609116 -10608485 62
-33743576 -3407894 93
-33584016 -36494068 186
-33648241 -8182675 62
-33628638 -23495271 155
-33717381 -11688159 186
-33585314 -24168546 124
-33622371 -19573393 124
-33619751 -29847443 186
-33751986 -4376515 155
-33704704 -11705129 155
-33668290 -20819073 186
-33748054 -4985979 155
-33606689 -5379590 31
-33627036 -4748694 31
-33664728 -14321137 124
-33633890 -13608806 93
-33619861 -24855779 155
-33735336 -6957140 155
-33610064 -15824554 93
-33622581 -24434168 155
-33585086 -12098381 62
-33699304 -10033772 124
-33604845 -21746547 124
-33772179 -997196 124
-33649879 -24243584 186
-33753061 -1683977 62
-33701320 -4891896 62
-33745102 -1088732 31
-33758353 -1355787 62
-33736357 -8158668 186
-33682730 -12088969 124
-33636170 -8931151 62
-33582970 -6114740 31
-33780167 -3333 62
-33701748 -2432583 31
-33722347 -1794023 31
-33729934 -3117870 62
-33602605 -5506001 31
-33752671 -4270290 155
-33672129 -6701774 62
-33666813 -21093923 186
-33586048 -18058044 93
-33629152 -18732550 124
-33743290 -1144884 31
-33687179 -8652962 93
-33723569 -3512524 62
-33673342 -6626534 62
-33711374 -10671208 155
-33708422 -6677357 93
-33758567 -671374 31
-33622557 -24437835 155
-33778771 -269764 186
-33646187 -8310059 62
-33613258 -20703393 124
-33610108 -31641043 186
-33603141 -10979010 62
-33687688 -2868619 31
-33731427 -6050508 124
-33588178 -29766630 155
-33773760 -400540 62
-33768152 -374230 31
-33686458 -2906616 31
-33684669 -5924186 62
-33770661 -889088 93
-33775524 -582441 124
-33652100 -11915310 93
-33777810 -224133 93
-33615487 -15320193 93
-33694856 -10585182 124
-33766439 -854408 62
-33654415 -15599925 124
-33666111 -10612280 93
-33610469 -21049260 124
-33649207 -4061338 31
-33736702 -5396349 124
-33690147 -2792384 31
-33682906 -9050212 93
-33580359 -18587260 93
-33595754 -17155379 93
-33730593 -7692424 155
-33738157 -7823995 186
-33590043 -23582137 124
-33709460 -4387106 62
-33690529 -2780369 31
-33600575 -5569079 31
-33596369 -17098332 93
-33661618 -22060159 186
-33635093 -22494756 155
-33650230 -16118960 124
-33775969 -527317 124
-33635320 -26951501 186
-33654398 -19502478 155
-33618324 -10037703 62
-33758714 -2000249 93
-33705706 -4619861 62
-33728821 -9560358 186
-33593462 -11579118 62
-33733748 -4321910 93
-33618200 -25113309 155
-33729507 -1572165 31
-33684019 -8946875 93
-33619831 -19888392 124
-33686088 -5836190 62
-33745974 -6369884 186
-33606163 -5395838 31
-33696232 -10414600 124
-33748427 -3942553 124
-33628423 -23528691 155
-33686200 -2914597 31
-33584935 -24215501 124
-33743279 -2290355 62
-33759669 -1274271 62
-33590792 -5872216 31
-33697649 -5119459 62
-33607005 -21478767 124
-33729647 -3135647 62
-33687401 -2877513 31
-33649941 -4038716 31
-33746575 -6258065 186
-33718053 -11563233 186
-33745067 -3269233 93
-33635330 -26949825 186
-33702634 -14431154 186
-33628369 -18829621 124
-33621825 -4910328 31
-33705308 -6966928 93
-33646053 -8318452 62
-33606310 -32347374 186
-33762040 -563541 31
-33649435 -24326289 186
-33660934 -18489456 155
-33692912 -5413221 62
-33684842 -8870307 93
-33696624 -10365959 124
-33695507 -5252342 62
-33652167 -11909035 93
-33633092 -9122069 62
-33599813 -27963268 155
-33751831 -1760189 62
-33738529 -3877331 93
-33585181 -18138740 93
-33637265 -22158169 155
-33632316 -13755112 93
-33597277 -5671183 31
-33681388 -9191385 93
-33768853 -1409681 124
-33639876 -13052114 93
-33695126 -5275963 62
-33769925 -1915088 186
-33731488 -9064434 186
-33738579 -2581797 62
-33612473 -20800747 124
-33611879 -15655741 93
-33752500 -3437492 124
-33723109 -7081861 124
-33768390 -1833745 155
-33637691 -17673776 124
-33580268 -12397041 62
-33773952 -583115 93
-33585213 -6045326 31
-33686514 -5809915 62
-33607386 -5357789 31
-33597344 -11338333 62
-33657819 -22766811 186
-33665045 -10711369 93
-33754842 -3933692 155
-33644442 -12627537 93
-33690972 -5533472 62
-33745289 -3248633 93
-33688682 -11350828 124
-33756053 -2996819 124
-33778034 -203411 93
-33606294 -5391777 31
-33653175 -19692191 155
-33581155 -12342113 62
-33706755 -6832283 93
-33661981 -14661789 124
-33640896 -12957173 93
-33701319 -2445895 31
-33612056 -26065594 155
-33699349 -15042251 186
-33744459 -6651671 186
-33681848 -6099111 62
-33586399 -24033951 124
-33736616 -5407055 124
-33580574 -12378126 62
-33742279 -1176203 31
-33645815 -24999485 186
-33643928 -21125451 155
-33685824 -14631583 155
-33628027 -18871983 124
-33617978 -15088587 93
-33593994 -23092168 124
-33598666 -11256380 62
-33759826 -1896638 93
-33623806 -24244370 155
-33643265 -16982551 124
-33645279 -4183149 31
-33750429 -1847074 62
-33619801 -24865108 155
-33778354 -347315 186
-33611851 -26097286 155
-33632697 -9146508 62
-33700139 -9930188 124
-33713136 -10398166 155
-33743835 -2255849 62
-33752792 -2550980 93
-33702362 -7240954 93
-33756352 -2219768 93
-33663182 -21769339 186
-33645031 -12572655 93
-33724841 -3433640 62
-33691113 -11049452 124
-33621108 -29594934 186
-33638226 -17607479 124
-33665874 -10634244 93
-33599735 -33570411 186
-33703392 -2381692 31
-33659533 -7482649 62
-33631411 -13839348 93
-33629588 -14008900 93
-33594283 -28820324 155
-33656925 -7644295 62
-33714713 -2030780 31
-33693219 -5394071 62
-33729902 -6239628 124
-33593561 -34718715 186
-33664915 -17872399 155
-33584448 -36413822 186
-33736262 -4088236 93
-33653180 -3938339 31
-33616787 -30398746 186
-33597552 -28313656 155
-33719504 -9411093 155
-33768396 -2199538 186
-33768080 -1881768 155
-33765569 -2271027 155
-33710917 -2148401 31
-33772509 -478230 62
-33729037 -9520265 186
-33629856 -4661356 31
-33679639 -6236171 62
-33715150 -8068796 124
-33644210 -4216421 31
-33618276 -5020376 31
-33640995 -17263975 124
-33767266 -401515 31
-33621022 -29610929 186
-33663900 -7211876 62
-33585786 -12055051 62
-33773272 -215459 31
-33697140 -12877563 155
-33677373 -19129815 186
-33706276 -13753718 186
-33721775 -1811747 31
-33633132 -22798888 155
-33604186 -5457047 31
-33632111 -4591394 31
-33713199 -12466169 186
-33659479 -11228976 93
-33588337 -35690354 186
-33658839 -11288453 93
-33643285 -25470185 186
-33710824 -4302588 62
-33623600 -4855173 31
-33767715 -1938359 155
-33770264 -926056 93
-33607743 -16040449 93
-33747827 -2008442 62
-33619197 -9983513 62
-33695094 -10555760 124
-33599047 -28081907 155
-33777463 -427474 155
-33708362 -6682982 93
-33624160 -14513763 93
-33682153 -18240645 186
-33613123 -5180130 31
-33674917 -3264435 31
-33667232 -10507900 93
-33683559 -2996602 31
-33657363 -22851550 186
-33726768 -3314067 62
-33730199 -1550589 31
-33728106 -6462189 124
-33638761 -17541103 124
-33631222 -4619013 31
-33596585 -34156278 186
-33747734 -5035550 155
-33687489 -2874769 31
-33716411 -1978088 31
-33627266 -9483270 62
-33672467 -3340275 31
-33754541 -3980425 155
-33757938 -1381467 62
-33642220 -4278114 31
-33638510 -8786082 62
-33625999 -23904349 155
-33679639 -6236141 62
-33634322 -9045772 62
-33707709 -11239450 155
-33744926 -5470772 155
-33610092 -5273964 31
-33596404 -34189916 186
-33589847 -29508025 155
-33664743 -3579820 31
-33674575 -9825127 93
-33634701 -18044394 124
-33694846 -13233065 155
-33585601 -30166012 155
-33714414 -10200046 155
-33728664 -9589571 186
-33634892 -9010364 62
-33679841 -18670593 186
-33733060 -8772040 186
-33681221 -18414056 186
-33729393 -3151296 62
-33597276 -5671254 31
-33695385 -13149657 155
-33648029 -12293879 93
-33615814 -15289873 93
-33726851 -1654445 31
-33677218 -15965536 155
-33731437 -4536826 93
-33730614 -1537754 31
-33609024 -31842675 186
-33621162 -29585011 186
-33702407 -2412210 31
-33593403 -28956815 155
-33760135 -1868091 93
-33747220 -3069058 93
-33723656 -1753570 31
-33602872 -5497809 31
-33738013 -3925252 93
-33586537 -18012680 93
-33730078 -1554380 31
-33672106 -10054636 93
-33610605 -26290551 155
-33629271 -28076696 186
-33739373 -7597705 186
-33652068 -7945504 62
-33584279 -6074108 31
-33653007 -19718145 155
-33677977 -19017298 186
-33608392 -10653479 62
-33760307 -3086573 155
-33641796 -25747114 186
-33709480 -4385876 62
-33706959 -11355640 155
-33683789 -14946884 155
-33583551 -12193612 62
-33593444 -11580096 62
-33593611 -17354649 93
-33626480 -19063890 124
-33725280 -3406434 62
-33741570 -3594589 93
-33649492 -4052683 31
-33592119 -23324736 124
-33675894 -19404811 186
-33750011 -3746098 124
-33595841 -34294755 186
-33742216 -3534563 93
-33780110 -10324 93
-33617470 -20181065 124
-33629567 -18681143 124
-33654330 -3902720 31
-33725902 -5051754 93
-33717009 -11757348 186
-33722744 -7127109 124
-33665254 -21383912 186
-33728385 -8034577 155
-33678888 -15706610 155
-33596768 -5687087 31
-33769910 -1598165 155
-33714187 -8188182 124
-33766415 -427938 31
-33581260 -6167845 31
-33637345 -4429105 31
-33767453 -395877 31
-33737233 -3997833 93
-33664437 -21535911 186
-33697841 -7661257 93
-33752116 -1742560 62
-33583412 -36606517 186
-33722839 -8894285 155
-33748265 -990686 31
-33709375 -10981135 155
-33651263 -15990880 124
-33639436 -26186035 186
-33699600 -14995461 186
-33619781 -24868262 155
-33769344 -1348767 124
-33743684 -4530652 124
-33778770 -45029 31
277730418 -742409489 5
-33766108 -1312561 93
-33721268 -9137677 155
-33638995 -8756075 62
-33739686 -1256512 31
-33587911 -11923236 62
-33672794 -3330222 31
-33733716 -4324978 93
-33754980 -3912286 155
-33716620 -11829711 186
-33676631 -9633811 93
-33584257 -36449364 186
-33751938 -1753492 62
-33648922 -8140519 62
-33581063 -12347778 62
-33613961 -30924410 186
-33623420 -4860794 31
-33682588 -6053196 62
-33643850 -8455033 62
-33763164 -2643854 155
-33666436 -7054585 62
-33677422 -12747057 124
-33714609 -8135961 124
-33756418 -737960 31
-33762329 -2218682 124
-33601177 -27751904 155
-33744209 -1116291 31
-33646505 -4145271 31
-33749004 -2903166 93
-33753406 -831196 31
-33755682 -4564170 186
-33664907 -7149528 62
-33611997 -15644796 93
-33702271 -4832946 62
-33604382 -21804020 124
-33714472 -12229333 186
-33749068 -965767 31
-33769952 -1273329 124
-33603305 -5484480 31
-33670129 -6825661 62
-33656849 -11473674 93
-33713852 -8229821 124
-33651689 -15938006 124
-33733193 -8747160 186
-33640269 -8677069 62
-33592818 -5809558 31
-33603847 -21870286 124
-33581470 -36967597 186
-33680249 -12396601 124
-33656855 -22946035 186
-33626579 -14288660 93
-33663866 -10820921 93
-33760500 -3056664 155
-33690803 -5543838 62
-33671751 -3362662 31
-33602318 -11029934 62
-33649930 -4039006 31
-33738605 -1290066 31
-33586655 -36003342 186
-33695713 -2619822 31
-33692832 -5418167 62
-33699001 -10071242 124
-33683464 -14997283 155
-33759077 -1966302 93
-33744518 -6640726 186
-33747374 -3054707 93
-33607068 -32206504 186
-33663934 -21629321 186
-33729941 -7793458 155
-33615312 -5112094 31
-33597090 -17031192 93
-33688320 -17093611 186
-33588084 -17868740 93
-33673158 -3318907 31
-33695355 -5261775 62
-33590088 -23576518 124
-33664832 -3577015 31
-33686331 -14552965 155
-33765288 -2314696 155
-33726508 -1665148 31
-33624751 -9639216 62
-33751135 -3606720 124
-33628195 -9425580 62
-33591047 -5864408 31
-33608926 -15930375 93
-33618076 -15079461 93
-33735401 -8336595 186
-33670461 -20415260 186
-33734077 -7152341 155
-33753849 -3270218 124
-33779396 -76658 93
-33653021 -19715964 155
-33591562 -23393809 124
-33684424 -17818275 186
-33598931 -33719862 186
-33736866 -2688101 62
-33651004 -8011478 62
-33736927 -5368544 124
-33612430 -5201553 31
-33694270 -2664399 31
-33734533 -2832615 62
-33654949 -23300597 186
-33587635 -35821038 186
-33749508 -952049 31
-33657457 -22834017 186
-33634440 -18076866 124
-33658226 -18909164 155
-33735018 -2802684 62
-33673251 -6632155 62
-33617734 -5037038 31
-33767544 -1964999 155
-33697835 -15323742 186
-33652600 -15825037 124
-33684867 -2955947 31
-33773522 -1245928 186
-33644626 -16813804 124
-33586169 -18046930 93
-33599754 -16783426 93
-33744271 -4457845 124
-33761276 -2936471 155
-33756676 -4379402 186
-33765590 -1360585 93
-33601013 -22221734 124
-33631243 -13854926 93
-33758279 -1360494 62
-33696333 -15603138 186
-33612961 -10370069 62
-33601217 -5549052 31
-33712077 -6337446 93
-33583349 -18309000 93
-33653067 -15767160 124
-33584056 -30405524 155
-33772154 -1250286 155
-33595668 -5721090 31
-33592997 -29019792 155
-33715714 -9998542 155
-33653587 -11777005 93
-33773110 -881757 124
-33701593 -7312336 93
-33622076 -19610036 124
-33701595 -12187081 155
-33758867 -661946 31
-33733760 -5761210 124
-33617068 -15173311 93
-33692719 -10850277 124
-33652132 -15883007 124
-33752320 -1729911 62
-33740255 -4955873 124
-33768787 -1772293 155
-33628255 -23554675 155
-33737401 -2654757 62
-33629869 -27965406 186
-33686425 -2907689 31
-33691462 -2751574 31
-33595619 -11445329 62
-33675287 -9758869 93
-33599653 -22390378 124
-33678672 -9443983 93
-33585059 -36300195 186
-33632157 -9179883 62
-33758275 -3401722 155
-33724457 -5186128 93
-33655665 -15444958 124
-33684416 -17819740 186
-33750385 -2774688 93
-33658921 -15041161 124
-33677380 -3188136 31
-33609837 -15845803 93
-33604883 -5435401 31
-33768414 -1830038 155
-33627473 -9470310 62
-33636653 -13351799 93
-33618879 -15004772 93
-33612463 -15601501 93
-33632987 -13692717 93
-33634008 -13597712 93
-33689195 -11287177 124
-33630940 -27766207 186
-33627333 -23697655 155
-33710208 -2170310 31
-33655277 -11619705 93
-33661423 -22096445 186
-33618247 -25105971 155
-33739584 -7558445 186
-33710503 -10806227 155
-33646433 -8294947 62
-33694998 -10567690 124
-33728474 -1604229 31
-33719590 -3759192 62
-33621801 -24555086 155
-33688560 -8524421 93
-33737912 -2623190 62
-33625210 -28832079 186
-33612209 -10416793 62
-33620093 -14891903 93
-33675787 -6474870 62
-33708949 -11047077 155
-33653419 -7861690 62
-33654467 -11695208 93
-33747874 -1002776 31
-33598600 -5630256 31
-33772706 -233046 31
-33765562 -1817636 124
-33610101 -31642402 186
-33662696 -10929859 93
-33758811 -1991061 93
-33641857 -25735674 186
-33751246 -4491026 155
-33615144 -25587009 155
-33689858 -2801237 31
-33714469 -8153334 124
-33609592 -5289421 31
-33760220 -3100140 155
-33628514 -28217469 186
-33615596 -15310127 93
-33655455 -7735423 62
-33705413 -4638030 62
-33594270 -17293498 93
-33621416 -29537750 186
-33764316 -1479250 93
-33589689 -23625922 124
-33775774 -827160 186
-33770152 -312123 31
-33762359 -3322309 186
-33711983 -10576837 155
-33588714 -35620339 186
-33637143 -22177086 155
-33715978 -1991500 31
-33628545 -28211724 186
-33696021 -7830593 93
-33752360 -5182221 186
-33723236 -10599124 186
-33617210 -15160087 93
-33710719 -6463759 93
-33706477 -2286096 31
-33581906 -24591102 124
-33680024 -18636659 186
-33755630 -1524612 62
-33690065 -2794919 31
-33685989 -5842478 62
-33745630 -6434016 186
-33594883 -5745432 31
-33698909 -5041277 62
-33645020 -20956067 155
-33589428 -29572995 155
-33624715 -28924045 186
-33629344 -4677217 31
-33761093 -592922 31
-33656451 -15347554 124
-33597318 -11339969 62
-33743375 -5711189 155
-33776078 -770588 186
-33625910 -14350951 93
-33620071 -14894044 93
-33704112 -7078128 93
-33606954 -16113746 93
-33647178 -8248718 62
-33677050 -15991487 155
-33718536 -3824432 62
-33628145 -23571813 155
-33698735 -10104275 124
-33688866 -14159974 155
-33664114 -3599406 31
-33633159 -4558987 31
-33640833 -25926218 186
-33742775 -1160890 31
-33748396 -1973158 62
-33686874 -17362499 186
-33697499 -15386284 186
-33706271 -11462319 155
-33603320 -5483969 31
-33651034 -12014324 93
-33639561 -26162741 186
-33614183 -15441568 93
-33704744 -4679635 62
-33616262 -30496379 186
-33611127 -5241972 31
-33754908 -784710 31
-33702480 -12049899 155
-33761715 -2294716 124
-33606865 -32244232 186
-33663893 -18030893 155
-33732878 -7338160 155
-33778907 -81440 62
-33685559 -8803496 93
-33585597 -12066640 62
-33705621 -13875500 186
-33591459 -23406557 124
-33630725 -13903084 93
-33722878 -3555356 62
-33705298 -13935623 186
-33655215 -23251159 186
-33728090 -1615982 31
-33765056 -2820598 186
-33735932 -8237743 186
-33602878 -16492925 93
-33726738 -6631872 124
-33706466 -6859268 93
-33737718 -3952842 93
-33700848 -14763428 186
-33746355 -6298992 186
-33779472 -116022 155
-33759563 -3842418 186
-33627346 -9478250 62
-33710744 -4307630 62
-33665843 -17728672 155
-33738507 -7758791 186
-33729343 -3154372 62
-33582026 -6143957 31
-33683763 -11960745 124
-33592578 -34901692 186
-33750459 -2767884 93
-33647579 -16447681 124
-33598337 -11276858 62
-33707375 -11291196 155
-33646005 -16642731 124
-33703068 -14350406 186
-33604852 -10872790 62
-33621671 -29490251 186
-33684283 -11896257 124
-33718647 -5726309 93
-33646402 -24890283 186
-33734868 -1405938 31
-33710726 -12926131 186
-33753791 -819357 31
-33613806 -15476653 93
-33708498 -8893562 124
-33701944 -4853181 62
-33634010 -22662636 155
-33634531 -4516436 31
-33744852 -6578576 186
-33758034 -4126791 186
-33729292 -9472755 186
-33653737 -23525960 186
-33583854 -12174813 62
-33622419 -14675668 93
-33624105 -9679222 62
-33631330 -13846922 93
-33667759 -13945376 124
-33671382 -10122033 93
-33758764 -665069 31
-33639368 -8732962 62
-33674120 -3289072 31
-33590473 -29411007 155
-33777873 -291196 124
-33693847 -16065475 186
-33589429 -23658304 124
-33756423 -2951006 124
-33643837 -25367428 186
-33719684 -9383248 155
-33727179 -3288564 62
-33629621 -9337122 62
-33765978 -883039 62
-33779369 -132095 155
-33643589 -4235552 31
-33595965 -17135751 93
-33764252 -2970277 186
-33612649 -15584267 93
-33780033 -5870 31
-33616975 -5060578 31
-33776752 -107543 31
-33597628 -22641516 124
-33655093 -3879014 31
-33652791 -19751651 155
-33651649 -7971488 62
-33605028 -32585866 186
-33707343 -11296016 155
-33674510 -13108171 124
-33643930 -8450094 62
-33619458 -9967251 62
-33680070 -3104684 31
-33693046 -13512092 155
-33696966 -10323582 124
-33598941 -33718001 186
-33637025 -13317177 93
-33702060 -2423065 31
-33666405 -21169805 186
-33669959 -6836282 62
-33623373 -4862340 31
-33613161 -25894254 155
-33774990 -324269 62
-33621527 -29517085 186
-33755922 -1506514 62
-33618600 -20041038 124
-33632273 -27518264 186
-33681312 -6132445 62
-33623230 -4866774 31
-33764362 -2949754 186
-33663535 -10851702 93
-33697335 -2569372 31
-33665491 -17783171 155
-33717823 -7737398 124
-33602229 -27588685 155
-33760723 -1208925 62
-33616991 -10120219 62
-33733847 -8625651 186
-33589446 -17742084 93
-33606103 -26988305 155
-33692636 -5430242 62
-33656567 -7666648 62
-33681569 -6116507 62
-33615844 -10191340 62
-33757306 -2131027 93
-33746323 -2101648 62
-33754063 -4865320 186
-33654944 -3883493 31
-33733642 -2887919 62
-33692933 -2706022 31
-33745930 -2126000 62
-33740833 -3663039 93
-33738582 -7744788 186
-33600810 -33370503 186
-33665608 -21318105 186
-33740032 -1245781 31
-33603253 -32916044 186
-33593636 -23136565 124
-33717040 -5875785 93
-33675597 -16216809 155
-33648668 -16312561 124
-33734870 -2811818 62
-33598362 -16912933 93
587714665 199747640 5
-33642568 -4267252 31
-33696582 -12964129 155
-33761071 -3561830 186
-33659469 -7486703 62
-33651367 -11983477 93
-33619707 -14927712 93
-33678212 -6324477 62
-33742545 -7007708 186
-33613158 -15536790 93
-33774089 -760356 124
-33733826 -5753062 124
-33769491 -1330523 124
-33596287 -17105871 93
-33604408 -27251060 155
-33720705 -11070062 186
-33599567 -28001386 155
-33752836 -3395816 124
-33739980 -2494925 62
-33723147 -5307955 93
-33592983 -34826225 186
-33603621 -21898368 124
-33748201 -992700 31
-33680573 -6178195 62
-33596954 -17043848 93
-33690058 -13975194 155
-33657396 -7615201 62
-33713457 -8278782 124
-33681061 -15369708 155
-33686139 -8749602 93
-33631271 -23087211 155
-33630391 -13934110 93
-33617476 -10090245 62
-33703351 -7148898 93
-33642457 -21353449 155
-33582994 -24456210 124
-33774934 -983326 186
-33636967 -17763529 124
-33666777 -17583786 155
-33642491 -17078450 124
-33644416 -4209863 31
-33682508 -9087349 93
-33750910 -4543195 155
-33626803 -9511947 62
-33625510 -28776308 186
-33694123 -5338058 62
-33705983 -13808212 186
-33759785 -1900586 93
-33624659 -9644760 62
-33662347 -21924546 186
-33749144 -5780298 186
-33626848 -4754602 31
-33732004 -4484164 93
-33732752 -5886178 124
-33766668 -2520782 186
-33632257 -9173770 62
-33715010 -6064600 93
-33648629 -8158605 62
-33752156 -4350158 155
-33771002 -571660 62
-33592250 -29135594 155
-33607626 -10700946 62
-33667673 -17444903 155
-33711413 -12798207 186
-33611422 -15698260 93
-33643668 -21165769 155
-33712778 -6272227 93
-33603692 -27361984 155
-33720886 -3678775 62
-33748791 -4871589 155
-33685336 -5882911 62
-33769360 -2020208 186
-33757031 -4313430 186
-33583525 -24390239 124
-33689946 -13992708 155
-33594248 -11530275 62
-33677651 -19078105 186
-33649766 -24264659 186
-33614446 -15417049 93
-33588772 -29674664 155
-33597011 -22718023 124
-33737606 -7926462 186
-33732948 -8792706 186
-33618793 -10008581 62
-33753461 -2488670 93
-33602720 -27512742 155
-33613986 -30919804 186
-33612527 -15595463 93
-33624956 -9626358 62
-33769393 -1678277 155
-33664959 -10719432 93
-33690241 -8368200 93
-33648059 -20485060 155
-33687099 -14433874 155
-33653084 -15764925 124
-33692104 -8194955 93
-33593024 -11606253 62
-33641786 -4291536 31
-33746901 -1032986 31
-33677716 -19065899 186
-33756841 -1449460 62
-33774184 -187177 31
-33753309 -1668478 62
-33679822 -12449496 124
-33666071 -17693217 155
-33752781 -3402539 124
-33590483 -5881815 31
-33771880 -1292942 155
-33629793 -18653003 124
-33759364 -1293201 62
-33626132 -23883825 155
-33714307 -10216625 155
-33702795 -4800372 62
-33658399 -15105865 124
-33632203 -4588593 31
-33666619 -3521605 31
-33632348 -13752089 93
-33727627 -9782518 186
-33699110 -5028810 62
-33637404 -22136729 155
-33693904 -13379124 155
-33713364 -2072663 31
-33691529 -8248428 93
-33594048 -17314139 93
-33717773 -9679489 155
-33640827 -12963728 93
-33621619 -9833233 62
-33643815 -25371576 186
-33719648 -3755466 62
-33756542 -2202242 93
-33602279 -16548632 93
-33599984 -27936796 155
-33613524 -15502741 93
-33761146 -1773881 93
-33679216 -15655737 155
-33600057 -5585099 31
-33582572 -30635527 155
-33760845 -600655 31
2509418 -55017786 3
-33727043 -4945600 93
-33587835 -5963963 31
-33726165 -6702990 124
-33690901 -16613440 186
-33659348 -7494038 62
-33735826 -1376319 31
-33757165 -2144291 93
-33580227 -30999102 155
-33726644 -9965227 186
-33592840 -29044059 155
-33732137 -2981236 62
-33756430 -737572 31
-33721989 -1805113 31
-33648128 -24569234 186
-33748063 -996907 31
-33600884 -11118836 62
-33772159 -1249547 155
-33598219 -22568221 124
-33675540 -9735382 93
-33621406 -19693049 124
-33630933 -13883771 93
-33675178 -9769037 93
-33765536 -1820962 124
-33729335 -3154952 62
-33654686 -23349488 186
-33729150 -1583201 31
-33729394 -7878164 155
-33642651 -17058592 124
-33681950 -9139199 93
-33590935 -17603600 93
-33665008 -14286498 124
-33655638 -7724160 62
-33622243 -14691936 93
-33684746 -11838819 124
-33719650 -5633151 93
-33618191 -10045913 62
-33765717 -1348787 93
-33705774 -4615814 62
-33644087 -8440391 62
-33763636 -1542460 93
-33638533 -26354020 186
-33655043 -11641649 93
-33754001 -2438406 93
-33599993 -27935424 155
-33751566 -2664844 93
-33747835 -3011812 93
-33722785 -5341507 93
-33587155 -29925329 155
-33665231 -21388240 186
-33701034 -2454720 31
-33582673 -24495870 124
-33701188 -14700152 186
-33713836 -8231761 124
-33582105 -36849501 186
-33750281 -928240 31
-33702309 -7245846 93
-33662089 -14648382 124
-33609241 -31802258 186
-33722991 -1774053 31
-33713187 -2078078 31
-33601839 -27649261 155
-33754496 -4784837 186
-33673542 -9921165 93
-33606233 -32361833 186
-33764594 -968900 62
-33619178 -9984597 62
-33594428 -17278770 93
-33597525 -11327105 62
-33592081 -17496927 93
-33599821 -5592302 31
-33597102 -28383504 155
-33614065 -25754141 155
-33604869 -16307733 93
-33684106 -8938702 93
-33703121 -2390086 31
-33636269 -22312597 155
-33681577 -9173889 93
-33771099 -848324 93
-33728916 -3180879 62
-33649200 -20308303 155
-33716907 -3925435 62
-33630279 -23241016 155
-33684635 -14815913 155
-33768413 -1098111 93
-33662453 -3650816 31
-33613918 -5155401 31
-33727016 -3298743 62
-33757710 -1395775 62
-33690579 -2778918 31
-33727926 -9726962 186
-33625509 -9592060 62
-33756479 -2944032 124
-33633903 -13607581 93
-33750831 -5466605 186
-33705764 -6924584 93
-33613991 -5153149 31
-33714932 -8095869 124
-33594841 -17240366 93
-33654604 -15576475 124
-33675368 -9751381 93
-33609042 -15919582 93
-33719914 -11217189 186
-33672713 -19996455 186
-33775656 -565982 124
-33671874 -16793811 155
-33740289 -4951578 124
-33693397 -10766234 124
-33701765 -7296431 93
-33641533 -17197221 124
-33714860 -10130894 155
-33709501 -10961538 155
-33589063 -29629549 155
-33624529 -14479278 93
-33641548 -8597803 62
-33776646 -554085 155
-33601168 -16651887 93
-33648391 -20433728 155
-33605069 -32578183 186
-33720571 -1849075 31
-33680671 -6172061 62
-33670046 -13661794 124
-33725768 -6752252 124
-33634686 -13534849 93
-33664282 -3594097 31
-33672377 -10029546 93
-33712799 -6270248 93
-33709606 -13134397 186
-33657528 -15214028 124
-33658510 -3772952 31
-33760896 -598978 31
-33769502 -996878 93
-33580483 -6191858 31
-33598430 -28177585 155
-33716572 -9865570 155
-33655345 -23226881 186
-33684954 -8859741 93
-33730209 -3100827 62
-33616319 -20323821 124
-33731100 -9136554 186
-33612836 -20755755 124
-33623616 -4854843 31
-33625898 -14352056 93
-33710859 -6450754 93
-33724803 -8589738 155
-33702021 -9696712 124
-33635266 -26961622 186
-33645935 -8325719 62
-33762989 -2670986 155
-33742494 -7017133 186
-33600571 -16707401 93
-33683327 -18022197 186
-33650414 -24144187 186
-33618383 -30101780 186
-33721191 -5489697 93
-33662756 -14565601 124
-33710161 -4343779 62
-33629544 -28025884 186
-33587244 -17946826 93
-33629482 -23364527 155
-33641710 -21469302 155
-33768577 -1804792 155
-33738709 -6434269 155
-33740291 -7426999 186
-33706610 -11409686 155
-33676020 -19381468 186
-33705405 -6957894 93
-33659077 -11266417 93
-33726487 -4997347 93
-33698759 -5050630 62
-33613243 -15528994 93
-33714747 -2029773 31
-33587657 -23877883 124
-33615512 -15317853 93
-33707708 -6743808 93
-33663001 -7267681 62
-33642900 -21284705 155
-33587242 -5982420 31
-33745631 -1072332 31
-33651723 -23900649 186
-33616872 -20255335 124
-33674950 -9790251 93
-33737881 -1312510 31
-33778216 -62079 31
-33711155 -12846316 186
-33607043 -26842617 155
-33596814 -17056932 93
-33650491 -16086502 124
-33715471 -4014459 62
-33772446 -723156 93
-33733401 -8708577 186
-33721031 -3669690 62
-33714498 -2037381 31
-33617233 -30315818 186
-33699843 -14950340 186
-33746509 -3135210 93
-33649247 -20300963 155
-33607416 -16070778 93
-33729060 -4757933 93
-33687908 -11446884 124
-33699909 -7469093 93
-33765165 -933500 62
-33697219 -7719142 93
-33768911 -1753128 155
-33588003 -29793792 155
-33648030 -24587569 186
-33641584 -17190901 124
-33762780 -1081303 62
-33732702 -1473109 31
-33599565 -5600294 31
-33749273 -5756313 186
-33652427 -3961580 31
-33733210 -2914687 62
-33614717 -15391862 93
-33628155 -9428149 62
-33711932 -12701785 186
-33678164 -9491250 93
-33728156 -8070101 155
-33767356 -1595196 124
-33673697 -3302171 31
-33779371 -158116 186
-33742736 -5810144 155
-33723382 -3524095 62
-33642838 -17035474 124
-33679519 -12487054 124
-33656243 -3843247 31
-33685429 -5877104 62
-33708856 -6636994 93
-33627645 -18919423 124
-33747871 -4011468 124
-33774470 -713176 124
-33744485 -5539141 155
-33649115 -16257092 124
-33615885 -5094337 31
-33703164 -7166242 93
-33778937 -119353 93
-33653730 -7842381 62
-33596252 -17109110 93
-33668857 -6904595 62
-33695525 -10502397 124
-33671100 -6765479 62
-33629065 -14057521 93
-33611134 -31450270 186
-33763830 -3048682 186
-33780114 -19853 186
-33747486 -3044367 93
-33722411 -3584147 62
-33698264 -2540573 31
-33710260 -8675110 124
-33766961 -1233176 93
-33643650 -21168536 155
-33752839 -848894 31
-33604665 -27211138 155
-33588276 -11900490 62
-33581002 -18527407 93
-33740903 -3656612 93
-33639966 -26087478 186
-33760815 -3609533 186
-33714302 -6130556 93
-33692255 -5453830 62
-33767340 -399293 31
-33664450 -7177830 62
-33629405 -4675341 31
-33674654 -3272609 31
-33673663 -9909939 93
-33598734 -22504312 124
-33763620 -514599 31
-33737900 -2623812 62
-33667244 -17511516 155
-33721747 -10876088 186
-33765711 -899604 62
-33668483 -20783318 186
-33584316 -6073048 31
-33642649 -21323694 155
-33674089 -13160398 124
-33686217 -11656474 124
-33634032 -22659318 155
-33619230 -14972152 93
-33601700 -22136643 124
-33595562 -22897682 124
-33765147 -1869082 124
-33718781 -11427934 186
-33733088 -4383335 93
-33738220 -5208203 124
-33682527 -3028417 31
-33707523 -6760948 93
-33745634 -3216629 93
-33622368 -14680387 93
-33737335 -6647296 155
-33740086 -3732500 93
-33652512 -11877000 93
-33652105 -23829476 186
-33724315 -10398416 186
-33604073 -16381794 93
-33695965 -5223878 62
-33759471 -3216166 155
-33763596 -2061509 124
-33714913 -2024493 31
-33656523 -15338577 124
-33734272 -7122028 155
-33617133 -15167224 93
-33745058 -2180136 62
-33727640 -8150085 155
-33696129 -13034305 155
-33629018 -4687235 31
-33656666 -7660383 62
-33744974 -1092564 31
-33600047 -33512301 186
-33639748 -21773245 155
-33765149 -2336185 155
-33611947 -5216528 31
-33633752 -4540528 31
-33742896 -6942435 186
-33778706 -140894 93
-33621466 -24607025 155
-33741520 -3599201 93
-33714015 -6157104 93
-33777840 -221409 93
-33766978 -1642086 124
-33635134 -13493163 93
-33666339 -7060655 62
-33758398 -4059169 186
-33631392 -27682105 186
-33625375 -19200940 124
-33664317 -17965148 155
-33768445 -1460322 124
-33602110 -27607253 155
-33650166 -16126920 124
-33688381 -8541178 93
-33674483 -19667285 186
-33652574 -19785277 155
-33734322 -5691570 124
-33725403 -10196204 186
-33727395 -4912727 93
-33769262 -679419 62
-33728631 -1599313 31
-33583971 -36502563 186
-33706348 -11450288 155
-33633854 -13612127 93
-33648293 -8179589 62
-33762791 -1621025 93
-33712933 -8343622 124
-33588378 -29735575 155
-33774754 -508527 93
-33689979 -8392603 93
-33678628 -12597624 124
-33752928 -846050 31
-33735895 -6870574 155
-33626871 -19015428 124
-33642596 -17065565 124
-33708676 -8871597 124
-33651678 -15939320 124
-33719419 -3769771 62
-33692713 -5425552 62
-33609856 -10562717 62
-33669451 -20603139 186
-33707459 -4511224 62
-33751279 -3588770 124
-33751144 -3605643 124
-33667220 -10509159 93
-33633064 -4561897 31
-33692216 -13640785 155
-33619552 -14942241 93
-33634898 -4504952 31
-33679347 -15635396 155
-33629340 -18709296 124
-33585254 -12087866 62
-33722279 -3592348 62
-33720345 -1856153 31
-33642475 -17080505 124
-33622059 -29418140 186
-33650861 -20050897 155
-33747057 -3084168 93
-33601102 -33316228 186
-33671862 -10077463 93
-33767248 -804285 62
-33605117 -5428246 31
-33584170 -6077671 31
-33712127 -2110961 31
-33762084 -562162 31
-33734457 -7093462 155
-33600589 -33411480 186
-33674030 -19751486 186
-33654433 -23396664 186
-33711443 -10660688 155
-33632434 -27488449 186
-33587683 -17905951 93
-33758290 -4079154 186
-33610310 -10534576 62
-33580985 -30881671 155
-33736235 -2727096 62
-33619845 -24858225 155
-33689604 -11236573 124
-33700333 -2476516 31
-33650727 -8028581 62
-33668342 -10404751 93
-33632467 -22901880 155
-33727467 -3270706 62
-33775043 -321092 62
-33725242 -3408739 62
-33605701 -32460799 186
-33743697 -1132253 31
-33728823 -4779958 93
-33590971 -23467084 124
-33750579 -3675647 124
-33589736 -35430117 186
-33635577 -8967954 62
-33681807 -15254073 155
-33726624 -4984453 93
-33699254 -12549916 155
-33609307 -31789926 186
-33770218 -1550368 155
-33683841 -5975604 62
-33686374 -17455524 186
-33733984 -1433341 31
-33610824 -31507764 186
-33693763 -5360306 62
-33580699 -24740811 124
-33729896 -6240351 124
-33653622 -3924662 31
-33722437 -8956616 155
-33752353 -4319575 155
-33775338 -756901 155
-33669525 -3431554 31
-33622369 -9786737 62
-33603110 -21961748 124
-33591842 -35038413 186
-33734724 -8462471 186
-33604823 -10874769 62
-33739255 -7619759 186
-33680767 -9249122 93
-33751408 -2679640 93
-33670908 -6777367 62
-33595877 -17143932 93
-33740696 -4901029 124
-33692526 -13592717 155
-33598100 -33874572 186
-33722738 -7127877 124
-33742772 -6965585 186
-33655675 -7721853 62
-33737148 -2670501 62
-33727287 -9845772 186
-33581335 -36992850 186
-33757440 -2118725 93
-33710797 -8608489 124
-33776725 -433576 124
-33710954 -10736462 155
-33684606 -8892114 93
-33773790 -1196252 186
-33621801 -19644056 124
-33611026 -20980276 124
-33665276 -17816517 155
-33729058 -7930321 155
-33580400 -37166805 186
-33723305 -1764403 31
-33688580 -5681831 62
-33607212 -5363222 31
-33762137 -1681756 93
-33724167 -3475314 62
-33590233 -29448119 155
-33776187 -500156 124
-33584520 -6066797 31
-33640763 -12969523 93
-33603798 -21876402 124
-33583617 -30473560 155
-33646638 -8282153 62
-33744686 -4406320 124
-33656478 -11508016 93
-33667505 -10482494 93
-33708751 -8862273 124
-33663162 -21772896 186
-33737653 -7917733 186
-33700483 -12359472 155
-33634015 -18129539 124
-33739017 -7664006 186
-33684569 -2965289 31
-33666604 -7044311 62
-33656799 -19130370 155
-33590025 -17688168 93
-33655319 -3872038 31
-33604072 -10921237 62
-33728301 -6438180 124
-33754557 -3978016 155
-33755557 -1529162 62
-33664477 -21528462 186
-33689203 -14107885 155
-33595531 -5725478 31
-33751050 -3617258 124
-33695356 -2630900 31
-33640736 -8648097 62
-33601169 -33303634 186
-33759625 -638523 31
-33701641 -2435904 31
-33594890 -22981028 124
-33657186 -7628120 62
-33614006 -15457934 93
-33591087 -5863225 31
-33739547 -5043549 124
-33750469 -922237 31
-33689671 -8421187 93
-33653259 -7871550 62
-33672099 -10055372 93
-33626119 -19108661 124
-33643264 -12737063 93
-33621846 -19638561 124
-33685092 -14744922 155
-33626966 -14252739 93
-33774637 -519395 93
-33660841 -22204713 186
-33729755 -1564476 31
-33678551 -18910644 186
-33623187 -4868032 31
-33661968 -10997528 93
-33591572 -17544324 93
-33590430 -11767071 62
-33587793 -17895731 93
-33705294 -6968289 93
-33663658 -10840368 93
-33778409 -112361 62
-33606986 -5370245 31
-33745420 -2157703 62
-33593095 -5800984 31
-33778073 -66530 31
-33707824 -13465930 186
-33646210 -8308585 62
-33610421 -31582738 186
-33722000 -3609770 62
-33735091 -5596216 124
-33745588 -4294526 124
-33636093 -13403939 93
-33658202 -22695596 186
-33626547 -14291698 93
-33696210 -2604353 31
-33768960 -1047324 93
-33592683 -29068387 155
-33750808 -911736 31
-33590682 -35254208 186
-33601452 -22167276 124
-33631937 -27580809 186
-33635322 -22459329 155
-33625576 -9588074 62
-33599280 -22436736 124
-33694190 -2667001 31
-33764235 -1982360 124
-33652458 -23764013 186
-33607108 -16099543 93
-33580263 -18596070 93
-33777763 -228561 93
-33590468 -35294008 186
-33728553 -6406906 124
-33677505 -3184198 31
-33742103 -1181681 31
-33706129 -9187352 124
-33756585 -732616 31
-33674080 -3290299 31
-33715720 -9997632 155
-33697024 -7737246 93
-33708391 -6680271 93
-33743151 -6895059 186
-33747087 -6162946 186
-33600459 -22290475 124
-33580630 -30936705 155
-33674106 -6579158 62
-33755537 -3825999 155
-33670810 -13566924 124
-33745544 -4299865 124
-33733672 -8658042 186
-33691727 -2743401 31
-33723561 -5269399 93
-33611995 -15645064 93
-33701097 -9811433 124
-33585782 -30138134 155
-33621610 -24584668 155
-33689005 -5655387 62
-33668217 -17360640 155
-33634423 -22598643 155
-33602575 -16521073 93
-33678297 -18957890 186
-33704501 -4694714 62
-33584272 -12148753 62
-33614246 -5145142 31
-33691035 -13823902 155
-33726670 -3320209 62
-33699671 -4994172 62
-33614993 -15366247 93
-33602217 -5518224 31
-33662807 -14559434 124
-33712662 -12566002 186
-33588166 -11907361 62
-33757735 -4182384 186
-33622563 -9774720 62
-33581598 -36943923 186
-33717628 -5821149 93
-33584627 -18190245 93
-33671268 -3377512 31
-33583199 -36646009 186
-33585301 -18127621 93
-33711336 -4270868 62
-33689109 -14122394 155
-33621821 -4910419 31
-33618896 -15003153 93
-33691643 -13729673 155
-33701476 -14646630 186
-33743795 -1129282 31
-33656427 -15350385 124
-33596648 -17072377 93
-33740651 -6133384 155
-33601869 -5528819 31
-33696279 -15613128 186
-33698400 -15218746 186
-33615641 -5102008 31
-33716167 -3971359 62
-33730972 -9160411 186
-33662789 -18201872 155
-33739556 -5042488 124
-33731118 -6088676 124
-33658701 -15068471 124
-33621147 -4931304 31
-33757100 -3583796 155
-33643536 -25423455 186
-33681417 -9188772 93
-33612123 -15633184 93
-33584978 -12104972 62
-33608762 -26576191 155
-33719860 -3742331 62
-33750506 -2763519 93
-33718891 -11407408 186
-33755442 -3072688 124
-33617636 -15120338 93
-33628059 -23585155 155
-33727293 -9844509 186
-33653770 -3919997 31
-33728343 -1608209 31
-33750038 -4678362 155
-33652554 -23746010 186
-33698779 -7574095 93
-33675608 -9728931 93
-33701706 -7301965 93
-33641200 -4309698 31
-33733966 -1433833 31
-33771438 -1089162 124
-33691448 -5503899 62
-33742019 -7105642 186
-33651808 -15923312 124
-33653578 -23555641 186
-33665523 -7111335 62
-33751511 -889999 31
-33646733 -8276329 62
-33597033 -5678913 31
-33630585 -13916146 93
-33752835 -3395868 124
-33706796 -11380928 155
-33720481 -5555810 93
-33606423 -26938750 155
-33773087 -221146 31
-33724531 -5179140 93
-33607143 -21461611 124
-33675192 -13023561 124
-712272149 -603663540 5
-33753670 -4938511 186
-33646509 -16580218 124
-33698911 -2520568 31
-33757223 -1425950 62
-33599303 -5608432 31
-33696121 -15642644 186
-33746765 -5185648 155
-33691002 -13828917 155
-33680289 -15489537 155
-33581653 -12311137 62
-33712656 -8378140 124
-33687842 -11454973 124
-33610924 -10496351 62
-33685063 -5899715 62
-33689478 -8439057 93
-33711243 -8553284 124
-33717988 -3858487 62
-33736954 -4023768 93
-33745216 -3255441 93
-33671055 -10152466 93
-33679158 -12531715 124
-33670168 -6823385 62
-33656542 -19170313 155
-33755167 -1553305 62
-33751409 -1786268 62
-33736734 -8088536 186
-33715815 -5989670 93
-33622588 -14659861 93
-33719256 -7559696 124
-33758373 -2709129 124
-33696208 -13021958 155
-33766655 -1261738 93
-33743518 -6826841 186
-33779199 -95003 93
-33711855 -8477399 124
-33629810 -13988194 93
-33749024 -1934153 62
-33690116 -8379848 93
-33684270 -11897913 124
-33762130 -3364965 186
-33599884 -16771400 93
-33589886 -17701072 93
-33776283 -488319 124
-33657116 -3816207 31
-33712122 -2111099 31
-33750013 -936388 31
-33583971 -6083808 31
-33736963 -5364089 124
-33637102 -22183347 155
-33714282 -4088274 62
-33642086 -8564452 62
-33601335 -33272770 186
-33736567 -6766404 155
-33603209 -10974677 62
-33759607 -639071 31
-33743274 -4581377 124
-33744900 -3284920 93
-33586310 -12022398 62
