5000 2000 1000000000000
332330190051 332371371056
275596712266 275997448877
270851775731 271152095983
110336693005 110361959189
77955500140 77955500140
964585092208 964894941800
270685553269 270721543940
617485696256 617593393153
178774514542 178895597264
426329856849 426420648802
130982664351 131157737524
970759378526 972050926244
403785748285 404192734055
157237577436 157319082920
761441106075 761441106075
823876974636 823876974636
91374123385 91416640747
184332460742 184456482224
50216602240 50216602240
28443254815 28443254815
147338351628 147338351628
47385349651 47463803260
979802165792 979828657317
399136665712 399213679466
41142410872 41474947085
459037459491 459318615216
750047460651 750363532783
728333011636 728579179057
745291317532 745291317532
300289790785 300438349010
111130481486 111396873770
978502878606 978502878606
952477996370 952667968491
531240390007 532346480289
580577651229 580605550563
347691299354 347691299354
330897109257 331082899955
472624763550 472694609432
738597087054 738639820669
38432908929 38554638884
530482516407 531100339728
148512790808 148512790808
42808654856 42828646818
671925707830 671953496044
108720545631 108885434677
8215115558 8905610477
987962971349 987962971349
896541773017 896581439982
698171682510 698392880653
251995523995 252010179987
279569941600 279689570344
581720439245 581739079259
762090937931 762844331963
969374258224 969800173530
513650854001 514244516021
29686073876 29716576546
148675798844 148863451233
945433897400 945567987242
193678370224 193932359555
434339800664 434785787463
177086395313 177792082432
512776852001 512931959110
588331996568 588331996568
984218752050 984218752050
165412418434 166052367418
146561209589 146979140750
745442406069 745442406069
707488515572 707488515572
336886843920 336886843920
284597819197 284719719183
998901854884 998907632577
439147076923 439147076923
389763835733 390632255573
692570890385 692587706755
450897053274 450897053274
481496779297 481569507412
791703110552 791852547436
70802045290 70802045290
418954059030 419025721933
407567573260 408071538660
876825384537 876825384537
539190530498 539190530498
609708003770 609827189102
501064410454 501064410454
876192409394 876448815642
129864350807 129960924788
347393440979 347393440979
814147184519 814695821699
424214799751 424281611502
577033031571 577033031571
749687152815 749817625983
748572736612 748908913659
574030996857 574595385587
34475417034 34475417034
704554859654 704575030367
614544034798 614544034798
793625119663 793625119663
741714008363 741729025546
380109424423 380178031950
87155244223 87192988957
296709340072 297008410287
104801047913 105155404547
575238543146 575850131596
314525805932 314825970680
716059131800 716059131800
769859957084 769859957084
646139145134 646141785575
388859770941 389268400011
628850023718 628850023718
365567524444 365926715793
914840046794 914840046794
157353530649 157853984569
528769399218 528769399218
138852953465 138852953465
805791069131 805806606131
262845531225 263061956305
360203561694 360511377633
159258720752 159258720752
675164007090 675164007090
306480276551 306765976532
343751654031 343751654031
826895678463 827113752218
174496257361 174524876391
792102981191 792188378472
167569391876 167569391876
782058203926 782058203926
341662387829 341938018455
246718833040 246805289949
789035995372 789052313440
483180749615 483180749615
347883871732 347883871732
453964558673 453964558673
640931813355 640931813355
543000596136 543000596136
470604119230 471165717345
759353364245 759435781488
117692771220 117692771220
363088882517 363176580139
325490273656 325747280581
898588903598 898588903598
927592129516 927592129516
393382092269 394010291609
151776710083 151776710083
70429214414 70429214414
989363939904 989627123198
805141399506 805414443644
90569865932 90661477919
286314792767 286322674636
207975478981 208745763820
138400250319 138801231788
982368221829 982380096485
938671703209 938910809193
164031486224 164031486224
284923110650 285147520114
523176565277 523435647744
78741358316 78741358316
13361601651 13408635976
440953107476 441189008513
151886610965 151886610965
492647898234 492647898234
506261880986 506538317050
558959568343 558959568343
452892168375 453191741230
989964686891 989990505171
163339452405 163469055765
937259133809 937761930819
310367345152 310402547361
974543657371 974543657371
574772907773 574939211166
397767377462 397767377462
621388887690 621388887690
582666883892 582666883892
499066199257 499123938284
240365661510 240365661510
921991615064 921991615064
240692155743 240841774592
906712471827 906712471827
652545041635 653928115860
417186927053 417223786537
364614618156 364614618156
886059502214 886690129841
52673990920 53002477983
557554349724 557554349724
85354832688 85422515643
882227249245 882328497446
431340607999 431340607999
500488525963 500488525963
863459417302 863459417302
173459036967 173819662416
277835376681 277907930347
996109791571 996154240476
810775731336 810871186240
571227361439 571305741083
644259710449 644369460314
640203328972 640203328972
904129216684 904129216684
169586629441 169700007119
506902259009 506998706949
51831036894 51857797736
426540229780 426748064138
794492197945 794841933223
135841360694 136258727720
288923141778 289015358609
83951944739 83966547583
457155189722 457227829802
915772823751 915772823751
466391387048 466391387048
832226872576 832265826016
256054123803 256452229157
444102718362 444134123230
394896964713 394926848446
775607213765 776035764852
149640467716 149640467716
481159759989 481225811506
741140165866 741140165866
668595739942 669141384813
481396542654 481448232684
463857076157 463857076157
489658581340 489703017213
243408133181 243408133181
185628480302 185628480302
819816970889 820099926828
830558652160 830558652160
730163307517 730472298972
716899925810 716899925810
896108790049 896119552022
404325790264 404325790264
803533349587 803625958902
938934012359 939536360474
885309479711 885474909092
323431893116 323448336371
450490112201 450490112201
150172727549 150172727549
462180616432 463083601923
569929041808 570768636148
630822091542 630822091542
825008495137 825049649349
863949989085 863976908393
715342586643 715573725179
293738593573 293738593573
474511837697 474517419874
39997570194 40163515064
430340713021 430340713021
704003208242 704003208242
793188273962 793526375301
865820389472 866115523308
695942091573 695942091573
543114987280 543114987280
570839181847 571131614186
511483505438 511483505438
578149728041 578405441723
667776395316 667776395316
230771699154 230883679877
286452258014 286542788908
773301271088 773301271088
495907914984 495996682280
104268350058 104268350058
21444419554 21444419554
568255843198 568546057376
948685717837 948790961838
752443391322 752443391322
563836972775 563866639636
323058740839 323203785767
484630078307 485031915814
95230770764 95230770764
478339804636 478339804636
65999382300 66423057865
566262235126 566658064783
871331479747 871331479747
811382992706 811415393879
194484276151 194784361999
193260366721 193260366721
664533103803 664533103803
985712871378 985900149501
159474379730 159474379730
309075677950 309075677950
167168718939 167357195711
399467921796 399738163409
235046920946 235293433162
863574750529 863705539907
284034655955 284357140087
62111492191 62592267427
908027904891 908027904891
844669994438 844669994438
351959671342 352024328589
649884624436 649884624436
799014650901 799550354623
691649677549 691649677549
945977385675 946045729696
747549478256 748259557350
839883722421 839883722421
851453733389 852987361012
555153715604 555564831880
933234823698 933234823698
807538821327 807816803533
200866617116 201219751532
714273379666 714470203777
897475550964 897526406315
532729394815 532731882448
3595557207 3892675371
499178116431 499835053432
270003484507 270060522160
660952204829 660952204829
38749104825 38932650163
295356002307 295554955341
718725104847 718935181552
685013723835 685015843176
630167599378 630468052800
232196188785 232282734792
172961560761 172961560761
255009066502 255105971402
33234208812 33388225027
940122028277 940207873591
339293345012 339551475376
482341795781 482484015965
655961251495 656217722005
763666678780 763666678780
608293448513 608901942285
751597964042 752001593673
305362997990 305405300957
113202711970 113402393127
809211802337 809861756677
454036312472 454097452307
221112109235 221112109235
310195796023 310254823465
551368859544 551815822673
215887195881 215996383786
418578559776 418691475277
568966201050 568966201050
411741567946 412460440608
493719510402 493719510402
239112672000 239112672000
474273050785 474317668183
765727020443 765777289412
629906426313 629906426313
918447660360 918616425779
679482753723 680104559785
167096708262 167096708262
672258398579 672628786262
886691074994 886895329416
410973194173 410993010278
946404572678 946404572678
14895320966 14895320966
967731612107 967731612107
17175376147 17291234826
573399492348 573399492348
858620814079 858623247609
904769958027 905044256655
639596215492 639596215492
763125744232 763125744232
335118249242 335382534379
853861786960 853861786960
942615966902 942697285977
123704884582 123704884582
205163294166 205457284351
491851747714 492227439867
914215446571 914271455713
353865768791 353865768791
444988847656 445342713199
392408076378 392408076378
979655313846 979782232534
701186891418 701186891418
759876982950 759962963530
929891035705 930139022052
891949843304 891949843304
137488466525 137678151666
407288870943 407359665342
189768268146 189768268146
142980592314 142983470095
673423519530 673731189963
320787933039 320838903588
721973142315 721982299630
374438598947 374438598947
981991737229 981991737229
994579025401 994581276322
372515178396 372515178396
3103776610 3395820832
648255265132 648653467714
330057613407 330057613407
646238442069 646385187920
512359540547 512361931889
777360839970 777733344792
655045543257 655214407910
741206044888 741257044280
542638819694 542638819694
498208105042 498208105042
301189103483 301222458451
197041175806 197041175806
706513626871 706918058593
887648951255 887940750272
425744576641 425883030473
96347288400 96347288400
172193975761 172193975761
487679186485 487879776050
504756002516 504862732529
497382432693 497477364756
641972005093 642062426028
801555583762 801555583762
195604954152 195662593258
768913964226 769131069337
455513931503 455578504370
67260889007 67293451991
126267775440 126748916547
137686749769 138289158505
444484635555 444621362978
707920431650 708057442534
302996101270 303282233644
184927329999 185163679612
186918334091 187384378917
553853025123 554366768230
893953875852 894355566450
115247038079 115831612209
705677222141 706052992228
606987696589 606987696589
218818465862 220122159285
68202945091 68202945091
915417555694 915417555694
313169313488 313296537321
695023640905 695023640905
874955020882 875396697635
976577778379 976577778379
327195822138 327508545595
99928650792 99954163674
171770539707 171770539707
713005413604 713005413604
288255427523 288255427523
414458691713 414755371895
350055869548 350115865989
936853146832 937107334609
236558149869 236866967904
764523514613 764523514613
374395667228 374424894909
249982661619 250478631926
842025257402 842700049870
920143510587 920147110582
900565226807 900679119702
787680689195 787713498770
805991268150 805991268150
821215115807 822101896474
668264727388 668591938512
988292528141 988386905497
882777363810 882777363810
939775271219 939775271219
170011215554 170129972866
513465219508 513636211399
41582616714 41582616714
352920787490 352972279684
893456660638 893921087862
815550320265 815936795444
756546236644 756863832375
549231881788 549231881788
402374164576 402739529978
376555238701 376701998260
861420533900 861420533900
658027627057 658027627057
47482085728 47602696577
765296959539 765296959539
316094087660 316094087660
548158282662 548650244910
71523050108 71733342039
303970863269 304002229832
545950280134 545950280134
656403042443 656429112171
53005335689 53005815282
676834863098 677233706891
796857878555 796857878555
242199360718 242199360718
840146691164 841443125331
243511048725 244141982529
735271159967 735699761768
622462448232 622462448232
152349029105 152655426245
893033152803 893391230810
671500577781 671702358632
435451052836 435451052836
48452684598 48452684598
318959597769 319028704834
665555399870 665555399870
580393976484 580446209007
155534677648 155849192443
582038744180 582038744180
18455063605 18472956277
661291581336 662369906907
441412216700 441544693857
977741481318 977743600048
301750987503 301750987503
703909692048 703991069455
421840910470 421840910470
997396003890 997762540945
337984901086 338015020303
573249812856 573249812856
35863752133 36118796160
385017735472 385027419344
225241453589 225496031117
784354185790 784552541826
483289632575 483289632575
976101791081 976242864988
106507858464 106878352469
22348099800 22564519582
601778491083 601778491083
592650560007 592905487260
19054809607 19275176596
228212050141 229079826537
342230893590 342421156788
926176871591 926192144649
707183310098 707350822840
245523580813 245531719111
190147822275 190466382441
533204506006 533678253909
835953381695 836414673342
993732518386 994215602643
990585097633 990585097633
714001709487 714104523078
960753751330 961037536129
529197943022 529388715562
670458053229 670532281197
639115530542 639498691949
212983156073 212983156073
710815338585 710815338585
867866083370 867921378560
81496501412 82193882985
204928236388 205156137905
784591959145 784591959145
713129431367 713425467523
895648233773 895648233773
744103435324 744103435324
566754267804 566754267804
373249612828 373405164278
359080710500 359080710500
324586153895 324586153895
665909269857 666688992783
797036627388 797036627388
902062464961 902412423819
675612333984 676192105111
593962597046 594133262004
274420747493 274510833809
833161467152 833161467152
626803438680 626803903749
424703252846 424788535573
903341226780 903343530186
902982254983 903293207647
491022432455 491275462965
746900668550 746900668550
818904060096 818904060096
12014695201 12683908391
153036387440 153036387440
883257203473 883257203473
680853980986 681166779063
282525918196 282525918196
154297355649 154471289518
654127578198 654127578198
856239657660 856268663264
866602748325 866686625387
27535997432 27535997432
605479914959 605502256462
775340199474 775551982841
101287636499 101287636499
64087253940 64607071965
963707648404 963707648404
914282292322 914790445945
862827880590 862851495121
646150393932 646223036515
132511263903 133479424690
748977452387 749323481402
300727559110 300727559110
202160851661 202348050249
788204339124 788220557210
285681618793 285681618793
854039086099 854310144310
752737760927 752896214148
640505436412 640643840815
311259180117 311498607484
356013145982 356202049377
723095650168 723661491477
56764419062 56764419062
341528306622 341528306622
963383534448 963383534448
418207776565 418570349622
727979491101 727979491101
251522087126 251892674723
315015908087 315080322700
50485859632 50865371114
108627951386 108662800813
638032543151 638055069009
293890739594 294156913083
891573218513 891573218513
337710082405 337759485588
66717355332 66726764212
443283314738 443283314738
645066575362 645807721905
491672888383 491794587816
300273015887 300273015887
587317347168 587879691575
131812138735 131812138735
486562551158 487226640759
856975361968 857052946083
107645072035 107645072035
636220910320 636326274209
20297748652 20372183354
920919863685 920972620829
671077493659 671077493659
752038280949 752173646256
341947272659 342068810853
642571424700 642571424700
289714952699 289717974982
757516452203 757516452203
559955244044 559955244044
500746966558 500774645103
92163823158 92851074468
460480316562 460531734680
460149092959 460149092959
753020598011 753020598011
827329367607 827373608135
812759592866 812808099608
161521591669 161521591669
494086818749 494318116745
744477724959 744481894892
101071296939 101172673543
216336232859 216336232859
799630058328 800076386468
214206716854 214209769907
928558451455 928619615993
128101285600 128133597082
720564712629 721222599926
875727705692 875822420284
380061732398 380090292628
926388715990 926428176528
408277321248 408855283601
264381040197 265119120944
749889605911 750028403795
244606125588 244677631377
430078661906 430121967347
123976127871 123976127871
619977757547 619977757547
635048815046 635634223951
183968825826 184233101838
943015644271 943115435729
178570378160 178570378160
354361543933 354462213267
139234885087 139350810416
612984782085 612984782085
115091122822 115091122822
156026898517 156026898517
830214472737 830214472737
660584419349 660762078047
29172619630 29675041964
609073197628 609703776226
901943807463 902033751223
479877826137 480050868939
501658214568 501695298798
572021678708 572021678708
36226120336 36228216009
46782037218 47354706715
576098140479 576617997965
932859269487 932921033453
238284446477 238685162467
927435443045 927435443045
708441257967 708441257967
651805322299 652302914606
476985530037 476985530037
377720862249 378100382485
295748358108 295854745551
687666942080 687708986671
997929360702 998284687772
477457942630 477457942630
717251250026 718091815545
664996501160 664996501160
986949982478 986949982478
937923048405 938480452896
445646463239 445646463239
324010967634 324010967634
589805993186 589805993186
631586149172 631586149172
543226312581 543513400355
427397837755 427453089955
214223526258 214508485897
539351867688 539687620918
170660060602 170729184081
85519094548 85579923962
705247373862 705247373862
816446340044 816687426483
998343255515 998368636757
394108818251 394323717404
429517364336 429639241542
485426135353 485850927490
663679440798 663679440798
141268558801 141268558801
291595856195 291595856195
890223840307 890335726776
866223096081 866569717985
422699024637 422699024637
964100894777 964420742777
498384023908 498836972854
333371197175 334163495653
496578036090 496578036090
87384856513 87658232248
770674995703 770902818342
972112781245 972315452707
382053391493 382053391493
4805696071 4805696071
40429291707 40429291707
908920147175 909225634014
795600019883 795682337857
631920507157 632309373484
142974354937 142974354937
305773628754 306190708284
984971816907 985001768699
266965924370 266965924370
999120074471 999120074471
873071921224 873071921224
7174491158 7174491158
668174243862 668174243862
688109444700 688305015858
422930351433 422959398162
820144600158 820144600158
600657940575 601166454687
42589432320 42589432320
463949384249 463949384249
378251449376 378406922377
972901237998 972901237998
917395005239 917403749262
245306092392 245306092392
538931499578 539044701388
961904383124 961904383124
359329193607 359329193607
538125142442 538125142442
651305484495 651354193636
143742660314 144553511771
26622743315 26633128527
63184719416 63184719416
603199794654 603530248475
838899659352 839296078908
64612984991 65311707624
683207168481 683363934071
445792996843 445891533819
308135739517 308267154167
731375684669 733102144352
743147842289 743147842289
595294078151 595510614151
105572471175 105572471175
193367698007 193367698007
961090009602 961262239982
993407237871 993609983166
275300865276 275300865276
659885951484 659885951484
970201008293 970201008293
171786749847 171925164564
170991124471 171201208201
156539054259 156550818066
72979863317 73159325017
316509719200 317224503945
823164718786 823321793866
796471359645 796730589032
559409469543 559537346956
557373389696 557485702485
116197201263 116559088884
546159592994 546304473222
712065893309 712324391551
636466716712 636526427128
84428749275 85163982807
636186490190 636186490190
896303036555 896303036555
376326175456 376326175456
709397126803 709397126803
96200315499 96200315499
845256373928 845256373928
360720974171 360899125610
776448971204 776937035815
379013404018 379197910161
837768902176 838002902549
321206660324 321206660324
975000227439 975030420339
191131067446 191770396667
45444511228 45572536843
724501532919 724501532919
979023530399 979383540480
699175178033 699572583880
49575873679 49647326392
376966813226 376998933964
103765279722 103901995663
588088174063 588088174063
658049959646 658528776138
465816153384 465903523381
871869673219 872652527623
103485140605 103485140605
686334930006 686488674485
350522678390 350522678390
471192731270 471860485850
309642864035 309817140649
201700257809 201700257809
645903519984 646094287678
846974357573 847070837995
416419257311 416441837845
968886585676 968969655571
496037236678 496155386835
192634436191 192755474985
736622188190 736931328413
521130899345 521187626788
591164162543 591240292490
585617073935 585617073935
684741387416 684741387416
295889238838 296014819065
435870011549 436182207842
863070562533 863216761875
769250408904 769502978290
874448514563 874448514563
336459425583 336460171273
354117617521 354117617521
94139092000 94735584716
516985711597 516985711597
335862220591 336245642069
438332261454 438332261454
69488559472 70243323704
960041186762 960041186762
506699353664 506828836547
47894319534 48435795744
419125265495 419125265495
865649784511 865667173478
856103637728 856143455856
992918787902 993152555985
585253027531 585333339674
930887290915 930887290915
124728157079 124846482829
771396065525 771869740897
880560702401 881026050997
155068097240 155148471660
320274539682 320274539682
868293336469 868584260077
812964521618 813057240021
719145306910 719280182744
149093452956 149250898115
476198823784 476198823784
178190299248 178193541765
506051233321 506051233321
822736671005 822738729951
632371621250 632553058628
89694024578 89804994589
275191396521 275240478504
11476479280 11497670089
153331248654 153331248654
651751601848 651751601848
96238517028 96259580855
439451341657 439520671810
118477908128 118477908128
758429006554 759019037993
999689648767 999689648767
739016586814 740341106834
265161278563 265200448758
203394687370 203394687370
490768438386 490813504566
399861800424 399975376897
554513004359 554528118393
807419347018 807419347018
437910517235 438137618776
849284035196 849542145947
447656700045 447741538472
226815392368 226942607276
829645580549 829880584581
124977392707 125239920119
813176497314 813176497314
892879431239 893005510664
557752513533 557752513533
456588298282 457129200767
182116911776 182290209014
828768307716 829436383579
690319609712 690319609712
953910513049 954067767859
40721944623 40721944623
503217203891 503357417391
258518027613 258518027613
265996106409 266727002812
789441324376 789441324376
454889232896 454889232896
628587111261 628591783074
556754249035 556850560517
692668488891 692668488891
472774896235 472774896235
887386695898 887518022745
277948360827 278184488105
160668717365 160668717365
455027137985 455122769577
468945096758 468945096758
486340558287 486403843724
602827210208 602827210208
855810889128 855810889128
473571295215 473710099483
289989776917 290219393090
931914121932 931997568444
368762887905 368999373242
83528232965 83863556537
599745055293 599745055293
538451805849 538451805849
120948278020 120999344847
759779623574 759779623574
481679263846 481679263846
777877146387 778276705177
501992561131 502375338339
651280176726 651280176726
611128315633 611220086638
109789739142 110123732846
834015594833 834325798307
611850095056 611850095056
234417698085 234483499587
346922699680 346922699680
369797114113 370974147871
774062366426 774433706324
520187320881 520192274335
909801306699 909801306699
527297458024 527570060034
670175734022 670185639768
273322610468 273362449527
304364532560 304364532560
625157688907 625632285155
697110641093 697197157610
2773908943 2773908943
542699797024 542903039346
484289868448 484343623955
198448116541 198448116541
134209185680 134210802746
36376691247 36776496426
847241821756 847472351580
567629660752 567629660752
725923688530 726272465696
476570789782 476913662101
328793062762 328976875810
711454363385 711461545366
809051128733 809051128733
523476613039 524073464556
788272219733 788634044286
16980020195 17111816579
96363492389 96792654635
224606986443 224606986443
933542358999 933811010385
509275272744 509685583393
362833430346 362970853195
929756163251 929756163251
647014847410 648206685552
301136898561 301157664057
779508559781 779565031996
590858958031 590858958031
9171336495 9195276295
737515517927 737515517927
185744350788 185744350788
795463014085 795538746002
128269679729 128281392686
267927066651 268072492011
738148708691 738490714450
634110633169 634110633169
158138317032 158341302586
281732269323 282479365159
676398390600 676398390600
602049820975 602249157637
207311914045 207495807280
748456263021 748461866511
340858576794 341147242880
549490540493 549490540493
159965906037 159965906037
467553189583 467669995528
935377097682 935839321507
433408420199 433673658635
384630743803 384630743803
290449115980 291000093984
162567258539 162567258539
224794023532 224908153342
542255803998 542255803998
335661662164 335661662164
761457991458 761845983926
328284500250 328284500250
813667609922 813667609922
660031799839 660557382672
169245087733 169496628055
232173028973 232173028973
776165288935 776377929758
253961721175 254835439818
847201331 1021003848
179183743751 179573365193
766688272745 767124304367
139879071580 139941670490
629231772855 629673527268
200314763300 200379403418
459651334453 459777906766
772004017487 772004017487
423429679999 423544631391
649178846190 649495589888
127978853622 128048422107
40443183029 40537799472
540727587226 541126285496
987355541955 987579449410
838029235933 838073600336
659026759475 659026759475
80026236996 80605451072
161742056808 161818386155
537347068943 537520938008
460650938702 460660486276
190664533673 190740132792
387672427702 388190047305
247342398070 247434098189
94840931808 94840931808
223281569158 223382231654
824579371959 824579371959
604444828679 604635221186
962215242198 963095205683
861468732924 862194459489
346477319208 346632092040
201870851712 201914272251
686263812455 686305878057
726450741539 726986239137
313873720606 313873720606
573891236115 573891236115
22944759819 22944759819
859391210021 859506016824
44404972811 44697076018
59598301197 60120642741
427486372280 427706331148
808175526532 808175526532
621148773631 621347755091
782350386866 782350386866
409922924556 410774313329
341220358263 341368044526
298458293452 299591843479
106077947497 106077947497
328628289787 328649156893
819510546852 819538056856
389433582191 389457634216
837707458044 837727935181
486484415971 486508340540
711765098814 711765098814
293645172127 293645172127
522241629661 522241629661
596942613161 596942613161
995322470078 995483118196
454492771709 454492771709
673790102900 673794007877
19628436489 19665326116
987682000019 987682000019
299774931580 299777976293
948212686820 948241200547
643484565023 643484565023
402802856966 403412171610
21791391706 22000917918
965917371345 965917371345
543695073699 543890391055
394442979217 394655494955
672654871016 672798452862
80900076606 81192307631
354516758232 355283150862
358989782463 358989782463
741988690287 742170402693
930324432904 930430423607
774950611931 774950611931
139383497053 139383497053
805526455517 805596303322
698058806299 698165366079
572093581532 572706323470
348535589622 349140773199
596269378705 596360039122
344390430589 345567090363
638121795938 638843617014
583115980895 583115980895
195966286820 195966286820
572874020785 572972364694
194998869304 195358141072
292010066709 292010066709
446180545913 446847630590
199915375004 200074383610
975369275369 975369275369
436770008771 437081782485
132137165751 132404888602
14192146139 14192146139
651437892025 651503180947
828328797754 828606773691
983835051992 984049061320
733158781747 733158781747
602269281287 602529119135
903389347108 903412356534
327794267381 327794267381
226351227054 226690043758
234489577796 234500685761
932170914101 932170914101
649597940869 649642556770
890851057850 891447367380
943544068960 943890581017
928151573182 928518499069
789847840233 789879135023
270749925772 270820546381
63808767782 63891713175
26397898380 26436386380
990422276475 990466745607
340084398229 340135295895
715799552670 715894258860
197672138724 197672138724
225541379665 225610257450
617248969793 617289016324
822715457895 822724730193
2144693786 2144693786
89193438982 89484981435
579898502027 579904107871
55724122203 56450127900
321982855861 322369257555
74472881246 75196862673
654286795031 654336063113
605940136452 605940136452
279817674394 279855023570
912666581915 913860648186
929166677079 929203103673
505021509160 505308799687
787089819277 787177776082
328335417547 328372068863
24147877732 24147877732
123382657902 123582037774
188510293278 188703597861
811740984771 811806093345
593077746369 593521351173
232581845035 233052932576
999466243804 999466243804
558600985781 558600985781
2087776110 2093208523
953259360572 953259360572
729374276603 729888018528
489870372681 489885081467
416876207753 416876207753
767475797884 767588309413
473953765853 474215867654
636763648743 637135952225
109567997807 109606324296
957807369917 958056920565
749594458209 749594458209
812458185441 812458185441
463656726456 463656726456
929282327201 929739770571
279857817432 280725065187
15607476632 16375354820
643171417236 643243844890
874814905174 874814905174
624035301014 624176678216
813379489899 813580763124
941691672656 942174448638
363867708039 363867708039
864766979804 864778709517
584254287522 584841865933
189996766146 190060104892
49063564445 49160958351
807478061490 807478061490
22688299029 22895771962
183049722304 183049722304
894945442495 895137730693
787015015851 787015015851
846445701546 846537519151
202415075404 202542488689
227219769513 227930443752
318076661053 318076661053
314833537291 314967044007
119637445046 119850198161
862383643499 862383643499
83263450131 83413064962
588504625413 588504625413
700466025285 700798659655
765832929291 766332682338
457338857782 457742575420
241377808457 241377808457
439664063748 439716905006
128957246662 129706204455
106991046776 107081585312
988566858187 989232192868
678653764794 679059876903
994935114583 995052475638
676590129167 676590129167
54872525580 55614791033
369363508261 369551143346
185406476361 185488900599
367238403042 367427008655
684258948874 684258948874
644856599670 644982090368
803684576358 804228873776
831569931100 831696423735
330581656406 330757116362
740934963191 740935808734
820627316826 820627316826
966442845230 966892789707
350914264297 351028424767
153637588788 153637588788
69131611950 69477407521
325089281971 325089281971
51600176873 51692049700
615939278993 616080587345
417334010647 417422226835
358228245523 358381186494
702953817486 702953817486
734376976786 734861278702
818008489600 818246975820
30877183952 31148609983
89552158337 89552158337
518283055982 518608569102
486056749424 486172948777
490110381793 490371808267
984422792540 984609958280
986218520927 986218520927
93276946815 94082092388
224129573933 224252256385
51077949452 51077949452
881223309373 881410790319
859032060895 859161362777
646633931021 646953328257
685290916326 685295482063
433696986643 434084475248
175549725247 176051338527
540171948162 540591139227
753930039078 754227746865
767206209604 767408000877
365085988845 365085988845
311904660319 312038233565
669704109077 669725310577
862705931141 862705931141
600388822257 600523563883
437312696029 437374554862
375649294069 375649294069
901332571270 901332571270
104653060504 104778858185
945236872050 945236872050
68958918435 69049213501
15169205651 15222899514
857992014254 857992014254
780095356819 780095356819
134121859113 134183493897
144619502389 144709854853
2297820317 2475398115
641816759960 641816759960
538706489100 538853020795
855019094115 855141238409
183681163617 183835110516
312178028810 312376917263
512560983121 512560983121
901549386827 901549386827
4011111138 4011111138
435310080881 435310080881
210397195241 210757177536
547845102860 548144458509
512119634691 512128539373
663288672658 663612848035
267523652055 267523652055
362710465864 362710465864
735759791380 736270827671
53264740005 54038522190
218039063951 218039063951
94457220 634758792
233106610588 233430718983
843439394360 844166485803
451046977292 451286723468
229101381491 229217841754
355467424906 355506504664
491303339767 491596859387
349234094772 349245622002
265658999341 265902313909
980243964788 980243964788
961371983302 961439488986
351110099927 351718137427
894382254403 894382254403
832415521587 832618125922
651653407001 651653407001
898305553066 898322343531
577283128958 577903908830
582234566682 582234566682
468055003654 468055003654
136765271183 136986328626
97994717689 97994717689
495002024599 495002024599
808450180425 808750539092
802754347634 802880660151
536043140513 536043140513
68800658550 68804297062
868724357933 869315890259
867702099050 867743856174
623632914664 623632914664
719435220030 719853782321
262425111068 262425111068
910566705350 912292969950
46469227767 46565943047
75545621106 75545621106
421938832627 421938832627
124594581387 124690798798
924949053138 925153455487
244534742126 244534742126
423673194350 423673194350
586013113359 587222916005
508959648025 508959648025
686157603107 686157603107
479501559121 479776157625
248013611193 249293156479
90916805962 90916805962
447467153216 447544977134
958898883087 958946336469
15520054282 15584394260
618113411835 618201907616
873603765302 873732867391
713775630956 713775630956
122028809964 122028809964
443414807626 443542051258
120627488773 120627488773
400001981748 400210142969
626096304156 626096304156
124909101522 124909101522
956498142769 957044526177
116730884337 116832062331
88837420392 88837420392
113006945559 113041655256
66903111609 66978632012
688866442716 689131530295
488415645554 489144466633
681533194113 681634307084
956397416115 956437716994
540045658756 540149246855
860627566931 861307866644
461964395482 461964395482
472202549051 472202549051
268211694707 268686852674
526330815361 526333247474
272421646678 272464262513
306858388046 307364408394
745698828385 746138696212
655381752229 655563794965
780666821702 780721805803
759473725436 759473725436
457931473161 458008059628
884326448933 884860299079
703505290896 703637582007
848733624403 848912374625
864115155417 864115155417
800788535171 801266109231
770001514486 770630809214
568066598885 568201555276
802610987610 802610987610
595611407945 596032466134
650838387242 650982964786
952871087400 952891795695
737708854674 737825734123
590349209779 590475292710
41689295721 41730446657
438874417675 438874417675
460762290631 460858354012
65381636992 65444898890
834476096132 834527625576
353150239888 353150239888
925162362298 925918139402
781620686070 781620686070
427026849511 427026849511
249818261824 249875860612
35212645265 35640563334
235558910257 235741615805
79474257541 79485791169
951276324550 951605646667
76086757879 76652194264
786110444849 786110444849
82792973089 82854756301
287331075827 287331075827
271290190251 271786490473
515683600844 515683600844
54314310882 54603257355
603644602702 603666804360
850142232148 850239765226
850359545380 850359545380
774715776448 774716554501
795743240061 795792988971
272172556914 272172556914
578977791632 579126670171
396532646543 396935904874
697459944146 697485892052
91009859073 91271991614
854584803894 854806868417
82705138656 82727158566
368048530928 368048530928
172619288027 172619288027
200250667540 200277001234
977012756075 977112122160
722295282468 722478506084
927049933012 927241189315
45170113442 45170113442
737963026173 737997665197
527727557410 528317894332
598937959522 598937959522
440845585589 440901153290
536974490486 536974490486
771168238882 771237544106
941208587169 941516469447
168421520896 168427320770
889323335737 889672937378
680336361718 680681516972
637376512623 637631136338
532353322740 532384983888
194809095116 194902344843
229091807812 229093912125
798747139740 798747139740
975053729227 975074126963
207786810637 207825399138
210987894098 211029742164
61154934293 61946814655
616367889649 616367889649
707034072208 707041561468
897080575236 897080575236
820981896232 820981896232
931427699594 931626687212
311774967141 311852873772
781004666219 781170068480
898045744509 898045744509
252574825406 252574825406
70505806761 70505806761
849117147039 849130310143
795386835393 795386835393
180605027770 181197294374
38341445590 38352812253
392819104470 393066151361
877003595157 877436698235
345990214922 346287014368
979930882026 980024083274
721746995125 721752859635
65468460726 65648220832
239497790781 239699614189
996373747694 996878865562
918027909366 918027909366
81193479401 81480270065
461236545326 461458881870
181495496667 182034442888
627737508137 627990673011
382309290736 382806071903
784243541693 784258845089
589009792768 589009792768
754542068986 754862864738
926453950055 926774164888
783110681182 783518982415
202806288253 203054311646
234668966286 235018752900
792467069589 792539782304
272917259909 273321224621
324881947106 324959525859
405290064403 406289414482
642656189802 642690184282
514848057541 514848057541
52516847519 52578089250
556365800180 556616216468
427884688232 427930733710
670215787920 670404823771
348263117635 348430777145
699686344989 700095883074
843005922266 843241968848
859930608385 859930608385
464745806830 464816289925
673264506108 673264506108
690972722503 690972722503
685529502354 685541406233
128420177394 128420177394
303758407202 303758407202
616487258565 616884185580
246332319001 246332319001
236932902858 236932902858
86984106499 86984106499
213811905486 214159713770
952446517085 952446517085
682002988303 682247592457
892238588678 892776297765
788776011407 789022014504
25767836149 25767836149
846546365017 846721085566
1485421587 2027310973
187952629681 187952629681
905754755176 905853805554
120007275561 120007275561
277622754822 277720675383
261190044936 261190044936
700241461159 700393764372
391426405093 391426405093
896021455442 896021455442
460986660212 460986660212
619085379228 619641904395
253290506159 253422404661
7905603402 7905603402
183494271910 183566835805
890179919222 890206751801
295340024989 295340024989
186138048777 186383497074
931193275794 931193275794
802985609968 803101096563
320856241609 320856241609
355584077590 355952170550
787506894073 787506894073
120839383807 120839383807
320494698644 320494698644
337099636124 337580713281
694054173700 694923134246
249517560730 249642052744
145138804910 146380798870
882464082782 882528325091
409424257404 409424257404
469485486730 469487971605
970485510536 970521342899
121286865993 121858662832
271236086806 271236086806
181277953890 181381469802
51166721236 51560172497
546756046441 546756046441
483810090576 483810090576
211037147769 211037147769
769727346451 769727346451
856686878015 856871227268
896763976945 896763976945
718496386754 718530632655
5843283257 5843283257
151010785505 151434097196
186807212737 186891307838
449206328279 449683671556
782582858612 782809236737
428834575535 428834575535
746629512361 746675085843
395367066144 395367066144
815276498694 815276498694
903413063795 903774813449
149374096594 149539679204
28154666858 28154666858
536294436179 536320378085
881525377689 881525377689
37588612764 38135744186
909231413224 909695699974
17388020717 17948033417
756137937024 756137937024
703194036048 703379397010
924048551895 924658750865
156990017180 157041990764
111977055838 112452343405
565201203850 565419839936
206432858366 206849238394
566956033007 567066609742
618930063442 618930063442
326345439123 326523724984
693395438370 693598420313
920760515950 920760515950
324687250777 324779428693
10712227519 10712227519
231013699031 231013699031
326750111014 327002174003
380883900513 380883900513
957287095418 957589410637
298078682798 298078682798
91570597495 91825251320
252525605358 252528637367
836785892044 837449124939
955694972115 955783051512
352512827847 352900808599
561453264275 561459455769
789998743261 790996508727
995074061640 995235797800
374660259956 374737907024
420151014043 420151014043
667281948824 667308559892
287429887086 287531547382
655222268536 655307239006
294740897725 294995068298
558229217036 558229217036
881593247894 881605471319
826071674640 826085551490
827822047724 828171529536
33898658332 34058954862
426218145375 426273564595
622526399908 622981014108
292150227193 292292003772
214897141280 215100291279
469786090411 469786090411
401110012800 401450645106
168581526612 168653467424
941019216996 941117437780
377093209615 377093209615
292577445043 293426348032
832110990016 832110990016
550420856736 550705256064
4420260389 4457177090
746367329574 746587865193
447870882765 448453943019
393161498805 393248886508
826399300651 826399300651
659180268970 659279074504
797602575494 797602575494
199061828012 199185253268
656461747890 656525621539
334339930119 334339930119
685798014294 685798014294
435069681605 435138984051
19919115268 19919115268
251502752941 251502752941
203871353452 204614690226
423774259176 423873334325
977890026018 978029803269
277211800560 277446566369
997130789331 997346633514
544378203342 544851255119
400385195100 400385195100
527092768936 527092768936
474951641985 475103778873
839425810708 839630237057
702323045451 702759755236
710123620371 710123620371
136715372795 136744413741
701701188472 701701188472
460467148978 460467587248
373910325064 374100266299
980794742533 981398758874
366951179334 367157675512
241065392974 241065392974
134518976967 134548623589
141740012865 142239684248
920028724020 920028724020
503710546041 503710546041
867347757682 867347757682
968511482894 968511482894
606351795696 606351795696
781345264577 781425668172
2207934695 2207934695
888113494733 888113494733
724917832165 725752941359
662370068159 662548798328
982734309129 983257297285
125809785927 125809785927
43670677709 43687644343
660787644034 660787644034
381260076956 381892581285
168387155162 168395227004
578071920167 578071920167
341399345142 341399345142
656619006272 656835247612
654608844800 654608844800
211752401433 211979336911
885048983533 885128609721
202754901361 202754901361
991412038562 991808652149
889704902681 889718460442
633107015714 633107015714
607851394828 608250493787
915961295693 916038577141
422237528203 422237528203
163124996960 163255627541
817795329399 817876966995
497089806070 497121987372
338336861035 338336861035
462102155085 462102155085
641373050097 641373050097
975724323838 975724323838
382837881702 383526488346
428344954811 428344954811
841712416980 841712416980
464859118634 465672765093
342918474507 343396923643
563304998098 563304998098
101712879005 101843112433
567182440089 567245303046
57314798055 59023612643
693092667357 693092667357
917470512818 917654083912
995749063286 995749063286
908605548373 908690201691
310041752102 310041752102
755544153925 755544153925
626885711647 627388673864
665737198587 665788997300
202392720854 202402108169
530407940875 530469253600
830045839018 830054247267
761053038208 761244736039
591834719438 592612320238
849657229731 849812920662
21167982109 21174091558
796413700495 796413700495
781179548008 781279272871
847661252880 848331447497
172247990969 172247990969
642918479410 642918479410
767673882104 767766706298
727586735717 727947370522
916074814083 916317117850
202060645681 202060645681
158403060637 158775922630
947364440861 948024749439
605061781110 605322384351
436225551593 436628511579
241928147629 241982144077
319481368247 319784297172
552259753943 552259753943
273646301736 273895940755
907085270596 907304352496
949038074190 949572092131
923360982372 923831491122
398785460892 398785460892
992380895338 992906121713
112513528473 112513528473
610483324631 610847457012
416501249823 416531434626
507371761740 507467429726
846237862871 846237862871
583983255767 583983255767
479379689047 479431036363
107864816247 107940062734
406631497758 407039649616
118280186004 118280186004
944819040390 944819040390
686548254720 686548254720
113460764125 113460764125
639795512373 639858956554
779019793670 779261090880
93035148772 93214146378
677425834228 678598301278
959269628099 959435974639
941535939413 941557455775
315412427267 315412427267
664106754106 664106754106
475540897105 475540897105
282722677375 283629002238
286627049633 286627049633
581185242926 581185242926
65732589316 65837211107
361336746590 361467699175
920189230291 920404201963
440616201493 440616201493
657770589993 657770589993
188953954166 189200812051
22141956578 22293070128
786552067697 786552067697
385546054549 385838971391
85730021429 86100794210
413429863470 413543562185
420998624221 421500318495
63495466735 63627489140
959771879038 959771879038
733705905089 733745133770
514523872637 514734476207
589192757650 589192757650
743473856580 744009320214
196676425270 196912459544
772801092543 772801092543
490649538058 490711109236
84372950698 84372950698
478560442700 478740964906
750403248833 750788483658
825434891467 825646628837
611621977234 611621977234
783880982638 784012366519
53025274965 53085973328
200696543919 200727438136
398558239196 398558239196
253515249182 253695333621
215681982839 215681982839
879655394276 879655394276
956023254546 956023254546
622125533477 622416980467
900977202814 900977202814
247538502629 247996427220
378752444795 378919442652
810906091705 811270827157
846728293702 846728293702
71073333014 71518990850
590012767728 590045589727
654687190245 654815388468
634241677887 634884957960
804681662278 804860766551
197872182313 197872182313
429466159812 429466159812
179711349204 179857922003
316231798650 316231798650
715631355097 715668921541
818472503780 818472503780
339688239630 339688239630
466237589787 466310095924
360989254980 360989254980
744572028529 744982596825
525032648525 525370449027
263187325948 263557397902
213024862733 213659538000
322490720385 322490720385
108263130603 108263130603
888669797212 888669797212
351949470707 351957272064
59104719769 59528029975
705368556223 705397360182
304082852072 304082852072
222157617885 222777798218
24648723980 24718116265
888793880633 888793880633
534494485464 534494485464
908485035850 908536787908
609999050855 609999050855
946548622511 946839532725
176052234411 176437141070
104469019726 104469019726
933831708833 933831708833
127355535959 127436676682
209520057302 209520057302
736277316492 736437502417
541227313930 541398461250
785034943079 785290941451
738697367791 738995887593
755810877694 756118660251
367695957377 367723914222
547141155568 547639337626
183328266721 183328266721
950364671553 950848343767
765019834465 765046189365
439951473129 440437532932
206319934591 206407644974
235887037389 236211367105
149704438928 150017194702
822390391013 822428419467
484221719371 484221719371
562279857314 562279857314
349268365442 349323999216
806745559648 806745559648
508240384896 508258688319
98968125698 99657810551
263840709365 263970257876
755181757017 755181757017
555843376536 555966285217
792938865996 792938865996
510132796307 510132796307
853976474301 854032437735
174744598590 174744598590
386531191221 387542295451
730954597291 730998334560
239738173611 239835507460
362463000575 362602316974
342446455521 342916868254
897379540741 897474548353
631822914529 631822914529
607412889266 607593546476
157991594049 158014384442
800357377751 800414628198
808779213292 808882391998
315873838017 315873838017
288049725697 288096612209
662777296410 662943790918
223792599652 223882954298
807943838878 807991286991
215341363174 215341363174
366605679992 366923654432
621602748977 621602748977
503965566552 504735456612
27702479399 28005277643
894876389312 894884585098
131356725756 131418200948
67684693459 67684693459
43406983245 43406983245
550807410866 550824838984
313959886106 314519989442
417499666825 417822873901
470098055690 470212604823
265210139522 265252827084
507602230663 507651361039
384102581421 384420114533
79545338250 79545338250
312383169254 312714977214
898829069222 899581527626
618569816163 618850014439
77324275071 77602583579
723865343557 723865343557
848532492122 848682974271
488241665914 488269841488
31352001105 31412152487
153401689985 153474413368
274381819635 274406807895
209795171449 210124430999
546844423791 547117193385
218677587868 218810413196
13065542683 13197993865
548784342565 548784342565
835406710831 835406710831
43811380575 43811380575
317379643356 317568448603
373707082712 373707082712
451524789095 451524789095
199276350205 199300005885
480788830705 480788830705
42675307634 42675307634
884006097535 884006097535
29836409244 30849304719
832707400999 833033309061
319261320531 319392970862
100094679491 100252017509
878672903151 878672903151
583929794247 583943735710
169073022143 169073022143
509086085417 509195343587
21258095160 21258095160
72845735534 72845735534
72087533251 72216842182
37244607892 37537967531
524674303165 524982279514
142241198404 142684222046
519654124738 519654124738
10802416444 11281102636
107251288981 107251288981
297104864073 297447424348
184746699919 184891390001
936036036307 936564770367
233561117413 233833704775
466586628031 466586628031
650003986607 650003986607
235790667137 235845079110
708675211555 709202077815
130116864474 130744798906
533121825408 533200568214
870145341367 870922342186
783620647658 783853867964
337761399654 337846432935
371960407356 371960407356
631147699398 631147699398
390828717373 390828717373
143620042981 143620042981
985194820243 985194820243
73268765504 73341687023
165173156654 165173156654
753569830855 753569830855
858283526544 858351966282
444230927856 444230927856
113921146992 114337880260
250933197718 251226042494
613419437588 613419437588
203686929528 203721202238
229296022066 229296022066
468558619916 468695210206
644461807507 644591640018
349677292365 349677292365
325804669859 325804669859
521896181840 522201256332
279281809348 279496914979
560975242407 561372982613
97448166370 97448166370
974143091496 974248675365
613881738651 613951868091
453233328405 453832994844
522371374968 523034234740
133613033512 133911971892
549807188332 550367892384
356969960633 357167651988
578665450330 578665450330
398369812727 398369812727
787740431359 787844049101
437698650177 437699651196
322798228048 322798228048
831327352710 831327352710
591243922717 591688176131
224704939485 224723204902
697752287223 697752287223
51766902192 51803750896
792307717859 792438356477
541721730665 541935281844
334621655561 335052285395
32803991466 33127776044
111092578969 111092578969
28771900164 29159441656
276701839707 276701839707
130777943578 130872703924
562552329521 562741959118
511247843247 511247843247
412763538652 412763538652
365269029079 365269029079
143142140248 143159461815
171452117668 171499109274
463236648699 463287325682
193934540756 194481134450
220412689533 220412689533
567707233295 567882218158
6531623704 7059029060
686684302859 687168238072
725798056966 725831888455
289640750959 289640750959
731294811598 731294811598
614387688255 614387688255
620246672603 620881995109
261621245883 261694059560
517995107729 517995107729
890532549538 890532549538
192852879427 192862656625
766365582365 766421051776
203142906745 203142906745
839860497844 839860497844
780358566432 780358566432
211532754176 211532754176
654827085544 654923195580
261051837137 261051837137
708147273988 708231602115
119243230953 119243230953
16663537951 16663537951
624567122123 624567122123
414936895804 414936895804
822487778706 822487778706
88021647589 88042955338
815227253388 815227253388
432815120172 432826435556
259221066450 260056472402
296642475308 296642475308
395431638231 395802324255
835028057966 835028057966
239383489320 239442339957
13517919910 13517919910
46122071096 46396048092
231069212382 231436736961
319794943691 320064188886
495246992119 495822302524
