5000 2000 1000000000000
576750827331 576893798024
771481016910 771690770365
787070240127 787400152323
430976288984 431235852876
173850633115 173850633115
105768207215 105798363680
537029197239 537038374220
676991576626 676991576626
459750701583 459802479615
494412191425 494412191425
657484872264 657795457457
709406025036 710012050641
223245428214 223245428214
281269519161 281269519161
148015884020 148015884020
907051232491 907100766883
161073637044 161260935468
794039586363 794200819233
527006475606 527006475606
517386488389 517677916641
92514710939 92736234608
497333117324 497422011979
721625815470 721834390018
758009342685 758216292685
202842032007 202842032007
577723144024 578206456214
501888342114 501889263539
723293067093 723293067093
239818874595 239818874595
271070280470 271070280470
713610136539 713610183012
151051965335 151188275389
29808972386 29969980396
109799496223 110352074127
791763514003 791908551243
837861147313 837912319015
692584247097 693112204050
906943790067 906943790067
673826987868 673826987868
323755314535 323968247387
128343449877 129151086958
25125989490 25195781824
473398722262 473573381793
418231052707 418598319269
182978532483 182978532483
810502019716 810880367942
166978306781 167545492263
137561543997 137759401121
376361176326 376366027813
545080379411 545442670953
404827892706 404970442991
671909644028 672318482973
986478120221 986522965104
593781058699 594033233213
10474420349 11116783612
233653816746 234133971009
628592645215 629000349856
456908411917 458040241702
546615074928 546628099351
639659224681 640243892983
244463219987 244463219987
777288561387 777340246029
560713593417 561395480065
175271792694 175584069083
448600231796 449316129590
295568034735 295767109680
509020429289 509335143786
784547280939 784655089243
34108181976 34108181976
762184510816 762184510816
395130406609 395130406609
413558678896 413558678896
774472138053 774476662339
204412857313 205135205941
486727377075 486727377075
339105877205 339105877205
710667008664 710723382449
534066185388 534105978529
867780586611 867780586611
988357110730 988357110730
159453318419 159453318419
631198043456 631204273665
27450603235 27450603235
255786605198 255786605198
510117358105 510269283950
705812454146 705990801577
496472517601 496472517601
199666690121 199666690121
579538219199 580149824973
21113075373 21113075373
528436065711 528436065711
812904037400 813355621678
383557619198 383557619198
657268427904 657268427904
236064294600 236064294600
595342882346 595430708684
4668164144 4705666977
386813326209 386813326209
64060739968 64157424127
138776728953 138793080108
62438405534 62564417377
207802623128 208335137165
203735948219 203950014610
815681584359 815681584359
856596377120 856668481564
367831213891 367831213891
50771914765 51255644508
171558913358 171558913358
700484603950 700484603950
548365700817 548738247562
729756010675 729765235732
693435036460 693505053745
313124359613 313124359613
587143054678 587395475235
607419916310 607538582040
631595974042 631599973807
174696313965 174843575450
893479940775 893586226169
704374472234 704658481094
959311927742 959551247941
963482637289 963871493883
973490359589 973630230729
710630150053 710630150053
425369776685 425589918270
664315289456 664315289456
415346347471 415346347471
499310780371 499918540059
630550202379 630602634631
555008156346 555008156346
687915432758 688039108588
517209034560 517314601270
523521771488 523521771488
246957594996 246997355087
826786578917 827544685257
118419594819 118542343329
502693373578 503392668637
623010241045 623010241045
116115836 310275406
569833914716 570020743793
189865753793 189880780707
5165876553 5295731000
982433220631 982460175178
206939213699 206939213699
751286664464 751563849839
562269422013 562269422013
869005924717 869437730121
226729242345 226729242345
220412355177 221036011131
911737903837 912032904469
614213888479 614853201623
993793958230 993793958230
532660371591 533150596484
53615020844 54898572210
263036451706 263381538030
406999500795 406999500795
710940083316 711071455307
753146969858 753184612401
658582152905 659467927698
441278973451 441278973451
627369470413 627369470413
732951258802 732951258802
830628243571 830860288885
481008485365 481192529817
926296090112 926296090112
551281442125 551281442125
173359079282 173359079282
844282852362 844282852362
706548424214 706753883104
280909172213 281024514757
661644009085 661644009085
380563573791 381121448856
800719542835 800719542835
81630164262 81634665704
123868182635 124084344467
119314296655 119334517104
530391907140 530453682515
112931503546 112931503546
583909995039 584143223442
752803550221 752880237364
9963593570 9963593570
863617406478 864266753674
142875160650 142875160650
124732440792 124732440792
78151247134 78557451526
371889333215 371889333215
800062177912 800062177912
378786116416 378872190683
742087323442 742705138568
472079913483 472721870857
333807345665 334367406648
106769505509 106769505509
631325043280 631480890545
117129053051 117501378719
962521423286 962612031596
822324922187 822347408735
449585509998 449795926921
685364382229 685456880312
523199006500 523307016407
344219416286 344356605380
564909865036 565566101256
289650994550 289761603234
902665802707 902665802707
824770149709 824770149709
851726906942 851726906942
673138950581 673138950581
62184339061 62410136763
112595910503 112848540350
744985989478 745119573840
805304977717 805423179985
559105531161 559208422658
452346439595 452445721151
789069649120 789069649120
543084920501 543527095275
432247705676 432327747691
132155439174 132155439174
530248285696 530248285696
836993148312 836993148312
208744444315 208744444315
437847813845 438057764197
614003848 679066486
258474072453 258474072453
777341207476 777667833883
426650774207 426967676571
12333041385 12333041385
907773543143 908229787701
945359073914 945895512917
591108805035 591108805035
178517331807 178517331807
987180508495 987387608699
407469732163 407505021337
76237122420 76296573874
786397236368 786422693920
367903255746 368375217466
722144645531 722198640235
242406130402 242504701999
301001828700 301577951260
875975223386 875975223386
382897988280 382897988280
69021544119 69173577727
666923784829 667047723128
620602629542 620602629542
8296422356 8437721647
131044052196 131044052196
721118101293 721570974159
237614712017 237690253361
136183734575 136183734575
984821422354 984821422354
652684409456 653096695197
680597221392 680597221392
56522840520 56522840520
600038242803 600600289276
590075482132 590075482132
405008562199 405078734588
97118619435 97118619435
358562131234 358967854947
483848532329 483878926009
776363433975 776445155451
964365409145 964436906180
520113602527 521785818181
958907988891 959047800361
399625326410 399775795081
348174602196 348203945713
848380493703 848574082999
405344477008 405364808142
730813774223 730813774223
501982758602 502391849898
965238402622 965810466746
796788562603 796810894994
275828370814 275883759067
797626885341 797626885341
336978367642 336978367642
585531216763 585531216763
737231329885 737824216685
894384200685 894435047430
546478628298 546516886272
37716187357 37766243101
800173023197 800173023197
750926364127 750926364127
969518598945 969518598945
883499171373 883949332588
889882062569 890221820973
103060588291 103060588291
107434324438 107497257421
518357502296 518557406281
868670164124 868997692287
905784270462 905890135250
463749508791 464486845874
336296876627 336404860435
852017576434 852414010045
598663091148 598663091148
813818189094 814101451167
699695108240 699695108240
80430108543 81131167579
11464578404 11464578404
798301472758 798537036255
456826388784 456841375277
896200709197 896200709197
870522718959 870522718959
257980280883 258268596419
530171242606 530171242606
490824358396 491937758873
299413721507 299413721507
702405914854 702712253295
645896710609 645896710609
386322748074 386322748074
693519321586 693877620234
400044643774 400599157345
165096813112 165096813112
266968040734 267300609624
819250390702 819817334713
375262583630 375440936483
722236505908 722236505908
132697899470 132755564014
682270443206 683146538012
990690262828 990798243149
832522024566 832808816226
47740407759 47740407759
202269712600 202291578254
859966622925 859966622925
303271574727 303800930698
235735589088 235755285336
61847499866 61847499866
141372480694 141372480694
290701181397 290886157651
99599294766 99827447178
938340627216 938415680536
887173607779 887395607630
932261856631 933070649358
247152110300 247319340909
313768082590 313941147384
936208959195 936358136142
498484310626 499151175874
325418473740 325418473740
995935411280 996113891515
772888646909 772888646909
421248160262 421432411796
677369706646 677369706646
444092186853 444237499888
386155775288 386174932608
978198946214 978871792472
826699278009 826699278009
653203312950 653833408447
817536692928 817536692928
853446298373 853795068625
998946468574 999123132910
881112720740 881178876259
901030684735 901033103244
208868715361 209172428646
630396753975 630396753975
322444977912 322599530482
317948162783 318040057252
379975431591 379975431591
433744404516 433849865200
141027386816 141037213226
673479944945 673494558042
623783159508 623845862527
736527985183 736596825929
70878172292 70878172292
317390838125 317595968022
888439899438 888439899438
407255495028 407376018353
842468516127 842633796304
597011350085 597110783424
97442376025 97442376025
597968696943 598545806653
71581759786 71651595524
323981334124 323998901303
927187817653 927327610215
281095325784 281235977210
111694686738 112252572334
518984028630 519050281382
462412685950 462499136791
701370475210 701414140578
898508628217 898906530060
487921100441 487976504964
310673837383 310912861068
152322097392 152590964939
304858643903 304858643903
942868294679 943155252616
842040001008 842234360201
125822764026 126601377983
530845470465 530845470465
958619295740 958850591400
102556402742 102556402742
914734074389 915163644603
213635285491 213640648626
445592452319 446663231002
536422619472 536674215202
261900113579 262104011140
43067272745 43329378843
715815482377 716788425724
397957689572 398019127757
456043852080 456113328912
860347143729 860359478214
260372754440 260947203783
154648270334 154648270334
720177751162 720177751162
748676440576 748676440576
1767218549 1790563772
381228553505 381545766785
792063554319 792063554319
487261145458 487261145458
947464959912 947539628695
704021511544 704021511544
53275871206 53275871206
981275600056 981443058795
298594902190 298594902190
479533216092 479533216092
782045275999 782045275999
407716896954 408199219915
992138857860 992282806332
838346816075 838845306331
398911094197 399438097858
146126740140 146126740140
443403660469 443681079242
503832503713 504093567482
504733194303 504733194303
756456684315 756456684315
118145494370 118159772529
626297311899 626297311899
593189660495 593189660495
440223073082 440623020413
44347479639 44696408188
840824241750 840843995042
403395800109 403395800109
166553932797 166553932797
528061620951 528142889958
512525076713 512563865998
2631812040 2631812040
32821540347 32821540347
681538716618 681543069200
613062373176 613066946807
703571229775 703607501900
747792751086 748448520564
306597827627 306597827627
551451131201 551451131201
448364281978 448441716154
824345972057 824425550976
662000497067 662703563847
515394087408 515716840597
773526149937 773632633560
32724244941 32806795761
253263793732 253335965289
77194625368 77194625368
204245860502 204245860502
388256890830 388382807638
458443566270 458443566270
328374399567 328642766120
483014136599 483218243960
809535488502 809535488502
843568244383 843568244383
134927435529 135069669060
267648692868 267701390965
993124689186 993124689186
237854251523 237854251523
801966307683 802011485763
581354886380 581354886380
252146918121 252146918121
725684975375 725692993519
642381784926 642507743139
832962991854 833000509655
379513122264 379566486473
43579474285 43579474285
122033217322 122116521431
66333447154 66434082324
539639417038 539930804092
92852248890 92852248890
340212265342 340212265342
265379448964 265379448964
361758186029 362112554934
887858609978 887858609978
309583881503 310087573012
955569715819 956683872439
570646141264 570773782924
217692430467 217900693152
390119693915 390210961360
438531086288 438573093852
275441091266 275511800980
955413153166 955413153166
175999472952 176055912771
726740384610 726740384610
466675805514 466675805514
374374954359 374374954359
200639268850 200947113204
595715910941 596152084602
288312180279 288435890629
526486568977 526608233509
228387374441 228387374441
93864621415 93864621415
38524569562 39124976481
758726821793 758873470327
510457541279 510491919318
681737546265 682105999686
725313036974 725371348988
783623757687 783645419964
81499283009 81596022568
943606631753 943769871633
96259812519 96529955699
251864135910 251912627800
3027291328 3045726270
198254929783 198254929783
178623138227 178697767328
706217669360 706349421308
156745313882 156788285176
882416441294 882568595760
839738374610 839997874637
783893853666 784404154577
333601185292 333692723671
976290656592 977177811516
376184877193 376233828817
892489187986 892529270508
739334297544 739546581674
418716506598 419414054145
985532319159 985948125283
740673147433 741531563002
696627146494 696717118767
888881963349 889566928157
462550031855 462557564678
93140989593 93140989593
1079147250 1211753075
612359880569 612591457915
248040116261 248040116261
265220948231 265220948231
655418548594 655476374996
650978831717 651901351359
320133248556 320765957136
221287604903 221634065010
949649057469 949758360293
669997082265 671263368694
202571454169 202707720079
906263945633 906490591511
11922648062 11937145980
492586499679 492586499679
906798626364 906831645643
942443679380 942574128595
613079531883 613155173563
668725147235 669148738144
954335077329 954335077329
268699013838 268957610216
947006212439 947464607115
387405606494 387405606494
800546257759 800636504664
136671987520 136675881898
873553872140 873595283452
665980181425 666562135632
188582891687 188582891687
278038246105 278038246105
135398227369 135398227369
67249703367 67249703367
412577897932 412757822719
255919581709 255945248583
717342748059 717342748059
689069607573 689069607573
870170183837 870170183837
90971705150 91454392298
990999137766 991565983712
281709626981 281793195701
386409933457 386409933457
843921503605 843921503605
527493307865 527493307865
646830527847 647176533163
104612588666 104818831128
236176479073 236251254321
286985595930 287278491267
789253069990 789253069990
238508828447 238508828447
745223876388 745666832805
217648473607 217648473607
916859096385 916859096385
431865121051 432166766320
250731153011 250778796225
231882683969 232127142692
130804587032 130893774595
427780252404 427780252404
72679368084 72716576597
973684865924 973839237496
798656214038 799297506872
393381839821 393381839821
375489870279 376014891652
353687896202 354029965914
195640823074 195640823074
443192824037 443232593603
175787263767 175856972410
400869454062 401281782389
64227426928 64427947045
607691792791 607994944611
140611302586 140872748110
374954273198 374956667547
324232423790 324232423790
451266407590 451266407590
982962533226 983142380380
568448171153 568464154440
66641794496 66641794496
170970685749 171107010002
837457768776 837603092732
435760692395 436258026000
272024494561 272135108664
546975506395 547252321663
707873860081 708803649417
898438327491 898438327491
276497717623 276821468216
372199544351 372199544351
394679412869 394853128837
805051221489 805296723572
697111071849 697750572279
603699261688 604190916620
986141471841 986430414545
782944632307 783184075770
46849017871 46948951449
231259861002 231510776875
954412269004 954598024594
652298867732 652546041365
540039164156 540302846733
860538691808 861004079564
638335263075 639629377483
226150964434 226389647492
108003353115 108003353115
574506639641 574673337087
249255260002 250370288065
77124577205 77124577205
772520831544 772610798037
788478271419 788568270229
191254666743 191254666743
300387590120 300799786760
48937890217 49746429193
75633232167 75633232167
123247083958 123257156557
601024261228 601024261228
384648568878 384699869237
164656301954 164941047195
130081807602 130081807602
647750598818 648008986246
560221167750 560221167750
465213331896 465996859375
322772608164 323419368616
813553026942 813563321720
257230281961 257230281961
750218350311 750252807338
356841474096 356905277053
387926829293 388173103742
644083586565 644452721989
366325600998 366325600998
31268057812 31458669995
419455542334 419508650500
279614407156 279708145529
218297957185 219200097811
711303829435 711584309897
43423283838 43484556667
150084947857 150313448613
173249862792 173249862792
362961910242 362961910242
970342503095 971026937498
163978333331 163978333331
719918751008 719918751008
106477424853 106491394112
64560702764 64773521740
115830436529 115833826386
704662439004 704801348719
416247903643 416481479297
168675597329 168675597329
852753413539 853352424614
602221315429 602400134694
343274887358 343274887358
71678781272 71752287418
240090585745 240197105323
259913149966 260136089586
419776888087 419870172471
327473566760 327473566760
141479830839 141813130139
629258173152 629352509683
89887807692 90184546362
429823337705 430476948668
874630803308 874907010778
655597326396 656249049979
186030495241 186030495241
928844313627 929458236776
377651520151 378349382104
811347345946 811347345946
912120345469 912224456404
15245513896 16259945968
634327356634 634327356634
933352295871 933555333778
556670078866 556670078866
334519056566 334574903242
115196438023 115455876337
536014400046 536407907593
237115377296 237306334548
525768800851 525768800851
487890394294 487890394294
992704137240 992704137240
51731842356 51731842356
961082019475 961082019475
439786545138 440144071150
11819225059 11858725356
364920448803 365079167446
241700592879 242023125638
405627675027 406321936350
152222047652 152232395719
102799589766 102799589766
864654695676 864894921307
757591976269 757591976269
919233296001 919424682238
57254979555 57254979555
164264237074 164267435748
176178363150 177264186932
293621060432 293797637230
937460597378 937460597378
232624549423 232909393986
216963007499 216970187710
175136742557 175136742557
327844978516 327903547190
942251122796 942324168995
50227765681 50473484111
338384152745 338635869141
905155622170 905155622170
508156014094 508356549535
153437600593 154482884477
307127153190 307127153190
460182875489 460599286373
729446843789 729480699046
594223976557 594464718188
506996163154 506996163154
219528566373 219730538301
87963613131 88125905755
972745239947 972745239947
582571453901 582571453901
951222972039 951236634569
720963245055 720963245055
471702388768 471919920520
517047681630 517111969959
304490625057 304693655352
949411978483 949608019689
661148154686 661430525696
319593692350 319593692350
9228282007 9228282007
212027332707 212271625361
696785912911 696978138021
473702764032 474808915188
580623025376 580727267404
849711557175 849711557175
736377398018 736377398018
522841137176 522960741884
105810503320 105810503320
136533503852 136533503852
900170440264 900334673700
884267370523 884267370523
558266826412 558304356227
99041937157 99041937157
14281564343 14281564343
754485643334 754769804115
363845017412 364015174774
634857543959 634857543959
183174868810 183542797754
909518416681 909518416681
146908509569 147251114636
964727666162 965155547724
5520012754 5528523986
713977200145 714002170956
431317529962 431825719731
518632244190 518632244190
407085224367 407196594240
575521367377 575521367377
424924468397 424924468397
366882143837 366882143837
55544028591 55750172758
895476274062 896089360020
646420264975 646424208739
705337574026 705337574026
172161385945 172742175542
119998054792 119998054792
241262839994 241262839994
648506963874 648898232171
785744682895 786008426560
681321166463 681461299561
931073456256 931293878278
364407124165 364598163265
171305293745 171455226892
344703720645 344703720645
786851586106 786930595163
127673252638 128270963126
712685997082 712685997082
732167137003 732190452495
267870627058 267870627058
353358455863 353584354154
164347753071 164362725058
841707523955 841707523955
816520134814 816645243878
525057662179 525097206627
350197201948 350197201948
126736368457 127131576089
452884317383 453463293538
57032996050 57044614129
326900061389 327104343101
339427461387 339468250602
138717845190 138717845190
585962408506 586419930496
271848931939 271997924046
214444328219 215024967468
493858300918 494314698446
103295147590 103295147590
872773935652 873072779631
897643467783 897643467783
155828637795 156523609602
632825514123 632832039057
526797998495 526901681079
526643973903 526650812747
120616292914 120616292914
538648382476 538697177900
263836047080 263836047080
557402845951 557402845951
610356754934 610356754934
969920526841 970012139167
363274794515 363720347206
219798851029 220266604361
985990754277 986068944197
294112575115 294112575115
532097288514 532304214723
797205361550 797217637572
360613826248 360613826248
458065137252 458065137252
763175331300 763404706628
181451993852 181482568851
552970916114 552970916114
148315327985 148441428199
381960224927 382084183551
274345232723 274380483630
447645523026 448350787363
502448169644 502500670297
479265611863 479265611863
21639629131 21639629131
23762664878 24035863504
275947531472 276076769165
378518854153 378621555337
942608479221 942811267142
321637105088 321954128415
749825632050 749832337774
5603085475 5985131032
202120512736 202131424093
972341868134 972341868134
285128760791 286822735312
471503081734 471503081734
540911288996 541111629977
211645338631 211767332563
740426705974 740547244214
727129963518 727129963518
856700428141 856700428141
904738849939 905106691887
790030226576 790137277857
278212009791 278369083210
794246087419 794459473384
316647201125 316790482784
78608043366 79473268166
271406833980 271776336344
474881412633 475370899674
290189955323 290437194759
941224007070 941224007070
31839680404 31937624956
98569749855 98670993198
915972388790 916055381174
368979690609 369774178456
314935463050 314935463050
769404730085 770327093003
379386659618 379450881391
398486428493 398875188789
297158566023 297259812540
48275779265 48430562673
444827457405 445333849720
505263469072 505455061833
230702978363 230814841504
485797510341 485843883578
489169071892 489169071892
152780311654 153424994654
608525416385 608934676790
949826601300 950287221837
12587208025 12707915183
187262425888 187599949308
428647767723 428675392762
184815372791 185325065168
210946772643 211234502762
396354133808 396427982354
345288429725 345461162721
513654680255 513654680255
636302436509 636783987962
768854259746 768854259746
186238166406 186361280273
346049204936 346080294282
23130470358 23130470358
301680104776 301752682544
212629145078 213587567700
595446528743 595534391602
242109419739 242224137040
733321002442 733321002442
197390456783 197647140669
61386418933 61703660587
346752161124 346752161124
6094067310 6324056425
123515055918 123731175137
977181872161 977541567996
129155762444 129164467264
809276630638 809276630638
212366793063 212467249779
207279179471 207295154436
787837229828 788133346852
497450415254 498387491469
385244467682 385987545451
439187837348 439241950559
752132778506 752263801689
815351990500 815405627498
524423826035 524635068961
696287134362 696394852805
611891831968 611983000730
635900142650 635900142650
469479422735 469479422735
665530058761 665530058761
511614114333 511891054685
731830281696 731830281696
101453245062 101611820008
950296101023 950296101023
359230902084 359715141911
679890349706 680048989518
791309138017 791321143893
315301153132 315590652082
779765357401 779886113648
948508487415 948508487415
979471937296 979643672755
272141007088 272241831328
719160921449 719228531251
450112755362 450112755362
251675378770 251675378770
666847668614 666912354167
844358249083 844864317753
156896176769 156973889348
35919984651 36028371667
289214330337 289247528399
182181106335 182898505402
429218713661 429489319665
693391533999 693391533999
86080246729 86910343794
59566846001 59687776212
959779946528 960174910423
667492277441 667566015745
551946116864 552403910419
119081401316 119164296565
961488842447 962011561299
329202845519 329202845519
80156752759 80271581172
101083401931 101083799649
684897162055 685217875811
711213458349 711213458349
992026408525 992026408525
761468792505 761541613633
753577184509 753981400934
315748036368 315907088515
9478571976 9559538033
646601634948 646601634948
701725065566 702087304604
547433462165 547433462165
909010013549 909133986658
523777522518 523777522518
566229963389 566323834613
267786936781 267786936781
257503175699 257556979237
436972360125 437685182407
678961794862 679326773417
739568914133 739672471305
892755217210 892755217210
663272031836 664082381472
724698743038 724736763510
621703924385 621948512183
369958268210 370374770893
774375463177 774426390170
142041279646 142236228125
259612967570 259727911901
702829145577 703325230056
823137046342 823186287038
134382308606 134382308606
732209204709 732341400313
43731487078 43831697632
171151297600 171287267105
833252204739 833252204739
959050265856 959114982911
20067854109 20078123865
129206376892 129303928615
534840430209 534840430209
1958860136 2103167375
115555453537 115628992428
116734676329 116822671412
919041833142 919225076903
847664965950 847664965950
847568744432 847568744432
623632135730 623637205358
733564797488 733571736078
713536072320 713536072320
24397090542 24722489587
612596955568 612596955568
572286302696 572286302696
658313040280 658381037787
941660258962 941660258962
188300842841 188300842841
944072973341 944072973341
938788533697 938935439782
602652805797 602652805797
936769110834 936769110834
829189419968 829740380713
797217854950 797415821831
189372864562 189555538042
55961313952 55983053336
801861924624 801872871608
538961405857 539521983413
875361703118 875689081428
565728601945 565728601945
778818853297 778882971371
913057206564 914113424041
271289078312 271405571574
802075646190 802178979848
826417840163 826507839459
691478050065 691478050065
515920441670 515920441670
36591530398 36652385670
872154296817 872154296817
962066601997 962350402177
161325680154 161613649412
127164887307 127312079539
145601298940 145601298940
940657636881 940657636881
89445426997 89715970611
273050746029 273231403314
103767974034 104600340392
196454499250 196478603037
254846929819 255160202832
781752679841 781969096273
372248679423 372476685313
589534962250 589633589545
744586300004 744601126298
947699525841 947699525841
463300937480 463300937480
833567491691 833576828576
642581563766 642984020458
756297236057 756297236057
569312137108 569312137108
22531162845 22788710506
935823146603 935989101621
650198533762 650718755573
921618879642 922056307084
272588435664 272960043979
292559378499 293409713417
347629157945 347629157945
342045720721 342045720721
835386738655 835422094109
671819383292 671819383292
262877815023 262877815023
40056168544 40947928587
557509926782 558165703121
248230764446 248266360270
472776808378 473022829572
637952573220 638199031215
196976701461 197277458856
331579617050 332116246207
224983188076 224983188076
901831589085 901831589085
488917398954 488957440157
904481706996 904693763168
253519352048 253598553723
729295514199 729389578028
158138900325 158330355499
910506274188 910506274188
837195834986 837308726082
131228523717 131300537163
100614555901 100885321453
556509375135 556631019465
629959037765 630163001423
144207986355 144207986355
73256710429 73256710429
215246735220 215340831887
764156232422 764649084539
376540037318 377008334577
195306150577 195589941761
483766048580 483766048580
370473233285 370970118016
550379598893 550379598893
306024232257 306096354497
597938791992 597938791992
318385864948 318385864948
631694370783 631694370783
605168681767 605168681767
396628394470 397444525208
752571735124 752608405438
893755702228 893755702228
67957691736 68128987994
373337127993 373337127993
255337637609 255505606095
411910707238 412187714310
269023819597 269610180765
190370633817 190370633817
409967154231 410514852602
922781264144 923191786700
553950523539 554820391601
997659786557 997898637244
14821725734 14901546307
769169505261 769169505261
770814721800 770921541147
210798838717 210824334105
553502624205 553856364141
253703530680 253703530680
188076615150 188076615150
802334573196 802778769013
162638531475 162849888056
37070589590 37422870730
381795166938 381847603318
888549299330 888825955002
618775040479 619042096532
794665673186 794741611834
832878917816 832897305581
294476877902 294594909413
26127358981 26625239669
261042931048 261042931048
735031456461 736086219542
414761640389 414930034477
564239308098 564364462235
7002444409 7546684528
953274402336 953274402336
19861646848 19931884412
508623654230 508623654230
476104216848 476104216848
877956767440 878479374450
926399649479 927126500761
728832589831 728832589831
604404424742 604404424742
149718465732 149718465732
643746750230 643746750230
792498053768 792724241049
669551386601 669725454083
461099682819 461099682819
995530371972 995545945704
648237650669 648311924986
360653965413 360653965413
615581127572 615977620925
276313721992 276313721992
205561675239 205712994480
530728673227 530803642407
832681120 832681120
857127374526 857127374526
216038840195 216082253598
479924154936 480369691727
601728371865 601728371865
591927196791 591927196791
944191589864 944191589864
920702142528 920907101479
273844883933 274165984955
53525925430 53552496181
513844857922 514305220174
258868811554 258953181562
568898295981 569148730697
118341433812 118341433812
714303585480 714590085612
951671377087 951671377087
750611523483 750611523483
51319741243 51472543419
432575885883 432942782676
881679412270 881739689649
401756409215 402396905428
738349420001 738417170194
758926436758 759019131545
200155949230 200396280779
994788281447 994788281447
993024871498 993089948594
357156149258 357888112114
563839892612 563839892612
28255934336 28255934336
846685950785 846685950785
527163106441 527326415818
142373920776 142377445594
880172135529 880233581805
195972518941 196277238708
152166840043 152166840043
398139928001 398344612305
140196018013 140384488208
84719632182 84719632182
132913451687 133034327603
620154618010 620154618010
241331434996 241499262573
793158694734 793158694734
951251984805 951440457643
528950146752 529201933040
759568114265 759925281317
94745848809 94745848809
158372829243 158716321655
240931612759 240931612759
131537977337 131537977337
859094517334 859911999898
566986903180 567839761607
675064610045 675423179751
757167045157 757167045157
648464158216 648469587316
37903807573 37924576685
866510096048 867306698623
335614260466 335614260466
804418300650 804418300650
921142020045 921438350721
885067740911 885249520422
594163314707 594163314707
476276671056 477232932606
107902180607 107902180607
458913732831 458913732831
179915411077 180278762663
922134869118 922396465713
106255318070 106314453686
738653041001 738653041001
9339703360 9339703360
232151366662 232157674320
428707233191 429025260328
576542575886 576722161430
243489298974 243881968176
462774376537 462774376537
314357934702 314404337359
811836523432 812121738212
119376311334 119376311334
111442989866 111442989866
664483146948 664483146948
393672395331 393732208217
654527648446 655341657231
330481594402 330481594402
347862291603 347862291603
579221789832 579221789832
486110156676 486212643179
348155631860 348155631860
321315633585 321315633585
496147835480 496281783311
316198852544 316587257165
31786563279 31797889325
88716363614 89285190437
18925459789 19207199896
790883228387 791130352726
927650712574 928612902921
441510828507 441510828507
609042639003 609308617799
233546574160 233564851333
968032405274 968032405274
178806791200 179099822958
561837404219 562052691070
950477903680 951101696550
994625833307 994625833307
890398982734 890553032863
461879542795 461937308685
190679949972 190679949972
330322361931 330322361931
825744051779 825974823627
344504088168 344655237106
840232486557 840435454584
174482277015 174482277015
210475901581 210475901581
873329670507 873524787528
878757280192 878767030406
649577923322 649642334957
96643731814 96643731814
606317773929 606446037371
700996024273 701033753502
776867314155 776867314155
995236173528 995236173528
179618984138 179618984138
6478781587 6612753628
734442171748 734710370119
985177533061 985235865597
122330961187 123131564915
849894693891 850008546574
836340262437 836340262437
766214247601 766214247601
219413895784 219469509271
516088863144 516267285761
615197049315 615269176831
225575986594 225575986594
230912709754 231250808933
927401793394 927625579814
943192752674 943537975744
305069605123 305661547924
762961432861 763062460974
61989998384 62053940089
4078181072 4078181072
667882839899 668100407561
374796833975 374886276328
8149328000 8238573106
582690575603 583464243609
767182305715 768061048530
351959445433 352521282773
335051954259 335051954259
966003039276 966075567327
951451410699 951517995526
134168254359 134168254359
243951467721 244152541026
446782094581 447374854689
999128149921 999198217599
748884331424 749530031905
125280897404 125280897404
941784054050 941784054050
590244325497 590452584606
758516321133 758609745132
304394665911 304394777886
514606254030 514673539980
640331794293 640529450226
633849698463 634073453044
916220562410 916264340637
587733971639 587830474925
302211930435 303260325563
35603962995 35738825425
99417324037 99417324037
555649153477 555704289800
863067811613 863067811613
686419198168 686890024193
31620910799 31620910799
931448282824 931624118112
580370755870 580618402837
19511875365 19511875365
340372938129 341173472754
130760289365 130792978439
321422629260 321422629260
363239613335 363239613335
908542205945 908802099659
899893762693 899953922650
141094852473 141096613272
96101714365 96126523603
619560857757 619582153468
424525806477 424542857144
803336528453 803872230617
616474678873 616577492416
90649868775 90693398566
33298614312 33618995215
157392533629 157467993642
73938474003 73938474003
270364325399 270604440980
813687288847 813687288847
494765665907 495210092092
484485776282 484650515083
956875793532 956875793532
441039160040 441039160040
16499319138 16615098542
249012591410 249012591410
356706100488 356706100488
605408260247 605580127726
496803281669 496803281669
67600832326 67600832326
960325022300 960433665971
899302898055 899628929587
790411109445 790686300433
687023450378 687210327729
773753554439 773754427489
783501902159 783620996024
230033525476 230162744820
615320715877 615575310247
858468273870 858475942742
737017083249 737161064829
568847665546 568847665546
745772329616 745820947610
438920095780 439001962331
683331834290 683671254412
715002009604 715531201093
930646005967 930837914242
63086109061 63716938574
305944410524 305973493651
973901031535 974117906186
680998737605 681293981447
531366969724 531366969724
573392264128 573887613447
116103348422 116579839809
580882070558 580882070558
842968125139 843177809495
998665035219 998665035219
41429938317 41800826160
537298364621 537298364621
81985277990 82230997753
537120158230 537232057718
641643663723 641643663723
694450082340 694658269642
64432426955 64488486773
580228771186 580228771186
746267318787 746267318787
840873993480 841385750400
772125103821 772125103821
761254370527 761409782519
675519306146 676009100493
206344077144 206344077144
786639631858 786639631858
883226517289 883294758195
151962964431 151962964431
592963045266 592985743223
807040867439 807172255718
863213493740 863361029511
264921451599 265011641206
746919286476 746950272668
980318187303 980318187303
867901864314 868655385273
46716929539 46756431627
900542076061 900542076061
958332949156 958332949156
517883276697 517883276697
13644443221 13704365241
845768295961 845913392955
211877212117 211930616083
885287864681 885287864681
508084702467 508084702467
70095549640 70172575880
529561697339 529730884498
28748505311 28748505311
222446085587 222446085587
708851432596 708851432596
980421452471 980483819537
917657802207 917657802207
478066620550 478746593308
531120071659 531316214483
633656359303 633656359303
227491210998 227589914156
981466661757 981659564500
420536448833 420759571031
69942033781 69950078249
806684108815 806730161444
821832753689 822235762406
329616041524 329743667566
185336582529 185985367508
519057369314 519226197524
766981869517 767055207576
808472349908 808472349908
333108648401 333301776394
599758515113 599974823318
58044995007 58600538626
939874210327 940120223115
433116352635 433645107868
750713401222 750810029217
608122880402 608496726556
846757351766 847424655758
823659525771 823701998545
392111097684 392211634080
742833421909 743041574243
689728901283 690292176013
728051006026 728728541093
209956672948 210396846431
67841906515 67918917434
666668718240 666668718240
776006360680 776173476250
595226137419 595269496933
766308089921 766430374770
896677694200 896977530696
46152403038 46379394787
22498110409 22498110409
96157751473 96250714675
439656650932 439747503886
391376445472 392072851002
203956427757 204066052721
919717794122 919770295729
129651512713 129660810228
993328938755 993512981370
368672422932 368672422932
876298991534 876451586337
709315538158 709315538158
468547771418 468547771418
39862379355 39877007618
62835988496 62912205159
526617072073 526629587595
192095332435 192208015363
252508472563 252548862995
205903302807 205944671616
240512960923 240512960923
873256002979 873256002979
861072032309 861692935836
550056632856 550092314612
119752915826 119780350592
701435290591 701577821151
452215166878 452215166878
226426444540 226688306206
213687766808 213687766808
59349107002 59349107002
165395430014 165441571165
353595578084 353595578084
730024973990 730024973990
157474897709 157847616595
674677185952 674690282256
751051541860 751082782675
426600336011 426600336011
234224663180 234224663180
712557184794 712557184794
680062405184 680094830942
90729605752 90729605752
834737887026 834787844176
923508841639 924060002116
8548927106 9071083213
71369568747 71486657183
644841960987 645089990166
543893618907 544119030314
599192100044 599339220814
918275847806 918275847806
927332549130 927392544628
47152989956 47222780120
518749367387 518778919978
32538041580 32693449372
398078347685 398078347685
411021240810 411909027137
967503553417 967503553417
493019682348 493019682348
427888853306 428083722150
610838587264 610838587264
747065543297 747306129176
169803443662 169878385130
966663638067 966663638067
106840528623 107278404175
596219214576 596641528327
858798611004 858798611004
778985700566 778985700566
865776692188 866441891005
821085449465 821175660735
846252662664 846260000810
719765455299 719812873070
17608668304 17762885880
839487682238 839688833219
803167970127 803167970127
540445858539 540448575541
408727228494 409416966032
558748347991 558748347991
676353405798 676359904443
72734409528 72853268203
288769075706 288889314112
362129332017 362177597807
820504948043 820524162015
425610634334 426170245385
482286336388 482368632580
367145384526 367659316553
587599554906 587685657038
466820880661 467066487812
52721738032 52939568757
486421002811 486687840258
442103733219 442103733219
97744644450 98189898100
244909098467 246322291451
452045300030 452162940672
537827881305 537827881305
848777054844 848777054844
201796846146 201895275794
308253288220 309217517187
73399666613 73845321153
774692322981 775166110795
104819860783 105151029406
574343983298 574501866928
99936233175 100366773654
416824361898 416824361898
937199153435 937344122652
282165652901 282225574014
461542471465 461542471465
144746276199 144817713917
736217199006 736217199006
940367818472 940444009943
231696501415 231696501415
155126996763 155437645594
392270964189 392345770562
804617896750 804691357706
835573219191 836283124553
582060809718 582360391298
284167999851 284167999851
901604440147 901739499206
533532051968 533532051968
999722365029 999722365029
874265736159 874265736159
692305290414 692487000205
270768585084 270768585084
649864796737 650072515229
288621089157 288768611885
974217872525 974428621267
430535488144 430623896057
105187258709 105196152864
870387786531 870426264840
630777619747 631093395612
92211390686 92211390686
573979715146 574126199435
6815036381 6872765844
390640283008 390640283008
604969050098 604969050098
586647939258 587015260876
821360307914 821360307914
542978405861 542978405861
236632582085 236632582085
192563891320 192637263666
527687002796 528023541517
568048818196 568323018722
320849973213 321225889745
167965900497 168237760211
93370255709 93535114985
623867905519 623922859140
629762244468 629902597976
795251659904 795834464208
233165967516 233450730643
981682327869 981804071847
731162589208 731162589208
987898631060 988088352987
625265053976 625376341318
777091495654 777262424256
256961949084 256961949084
501212349534 501402056445
668276415425 668276415425
17394594099 17394594099
27671290792 27671290792
493710584351 493710584351
751793968554 751830061713
788723043603 788723043603
957442203675 957442203675
481829491586 481829491586
861818150331 862271184461
578385381737 578667667175
907140446848 907340722006
15122842180 15138049319
649346573604 649346573604
625772918732 625772918732
79800308512 79945433999
465059849564 465196025009
954352780 1046754939
817791741031 818162768911
313992774966 314144472713
744175837266 744175837266
870892072892 870892072892
500370061626 500694567261
136830819847 136842307377
45032325580 45651871892
571144303881 571144303881
635262600505 635262600505
388399404481 388766216319
492275794228 492275794228
323528090301 323572468813
468031563977 468050686286
367024533012 367089705229
76627073578 77046725630
920056751828 920056751828
426309250468 426491246373
488283496077 488283496077
674305904834 674457151344
664749180727 665130440919
833880245146 834611120770
24769906121 24906193852
656665412479 656665412479
232254857943 232491751930
467736837818 467751783977
478770834106 479011154795
397916508171 397939436054
84263805515 84626232468
274753857748 274753857748
984589960055 984668618453
914343676690 914605977917
659878651203 659878651203
332328371708 332517286222
725824266251 725830079711
60121079904 60458236200
389798536439 390105116625
481213340050 481341366855
163847583430 163847583430
496934725356 497221612256
418642957408 418642957408
95077184734 95170359210
350972555026 351900243459
82536788025 82742899953
563862071283 564030164458
986906418832 987036668184
194254152673 194765097299
669261806846 669262684675
687248589714 687829506715
23475227847 23629322414
453934865467 454055569541
18336859303 18336859303
287405454158 287466014396
700005752751 700182859693
409428141795 409594437911
588725258770 588741065032
854037123352 854037123352
727870668538 727891651245
576394383953 576534571785
55151959025 55151959025
789972180105 789986033282
487048809199 487104781125
880301374077 880539423518
187101184291 187101184291
904401469476 904401469476
477369178544 477615812772
118632438850 118632438850
667156513568 667349632811
937876693748 938249532829
850423052809 851250802323
154920141709 154920141709
512062442574 512268804121
1499831736 1499831736
485072764565 485072764565
339212309884 339212309884
785413060870 785669669266
434185139152 434857004175
43712376402 43712637339
815582300684 815582300684
890621761411 890851728198
254804731694 254810428703
690465674224 690589743460
337612190892 337748321489
716983367182 717264542685
28913531641 29057478421
711232985906 711232985906
751848806356 752041056670
603212699500 603259219220
456335839159 456335839159
269732144350 270053995042
501667547743 501667547743
501181501540 501181501540
840000521753 840232270791
918643929593 918643929593
781223946875 781223946875
611291210596 611512914256
98821255223 98908484876
177799488386 177799488386
330819109525 330819109525
234861350165 235069379759
543758914137 543865788665
809561609816 810209225293
545628299700 546435848148
733396504257 733549020232
589693622929 589882610602
915559911272 915822940682
624358369660 624689485223
950393416460 950420826585
547658803991 547888690548
516383402581 516383402581
109014489688 109014489688
77319438535 77319438535
722974746553 723143021724
697757991206 698641041787
469952297165 470175667423
389393506466 389471707320
640787129768 640787129768
252700977911 253121436228
621569389740 621687858395
886176764641 886197463567
83358302170 83975261559
849315770894 849360317331
825440771851 825440771851
954053296693 954106503748
929844543564 930399563786
805858811921 806017279249
677529321306 677529321306
588932310201 588932310201
683763688385 684341098092
509580089796 510004856330
355393853589 355393853589
599125181796 599125181796
924264988057 924584495409
121294573324 121964562115
113605524940 113605524940
827677097054 828238977619
983750379424 983808427964
766456764656 766621570181
871033588671 871033588671
881329715353 881513944551
519946997152 519946997152
746708401676 746757629216
39384474674 39588220383
577054915770 577054915770
947849688839 948244763597
627704169163 627889381159
146606721053 146606721053
221787385545 221932040068
422615169775 422845763020
282983202635 282983202635
619358804655 619484925939
178053086938 178227916726
897941654921 898061876229
193313400341 193745944962
20204717457 20310664065
229227534328 229227534328
267470393606 267503007865
334574959139 334753564797
617345183494 618269708898
406389035225 406923471220
455767623179 455767623179
971235227268 972040566898
454402537236 454562712380
349366824840 349366824840
686144464845 686272996429
946503563835 946503563835
962803090484 962803090484
349701442085 349701442085
488971441806 488990573397
240648270958 240648270958
18808320496 18808320496
930509717550 930509717550
894753508871 895052532916
480759490626 480787936262
569422637862 569708930937
785199283719 785333762653
791200378701 791211777263
625076809251 625142940603
339551107202 339625151852
694662543167 696203344510
521800003181 522189128995
883082079961 883114724575
965850184214 965932694343
732389459424 732599323432
886201411355 886878420492
487714202609 487858924273
951851262076 952063352873
155713954876 155775439902
12776141462 12776141462
933621180194 933998758283
277294610689 277399699954
930933655596 930965065828
170245101196 170901308291
396048087508 396111070010
694302977138 694302977138
816735514938 816755016616
35000815089 35000815089
284495514052 284728470883
826106738214 826106738214
470557993540 470654415436
41208895633 41246350129
13157795467 13560544900
241131317024 241202538908
839404079643 839457878028
148792585977 148792585977
865170101230 865590773229
542537371333 542556705453
284946621429 285119962310
559473006720 559620319076
65068784483 65518249003
591445903448 591740597637
562752227328 563129380157
297956202617 298514221609
439754281725 439754281725
169627224458 169768809036
239478479620 239513908501
413036124503 413208201022
770356586977 770789435139
667836533001 667836533001
291818597765 291842050917
206743974691 206828645551
833622537701 833810540854
383859874573 384506853775
355838099753 356641978018
167732558255 167844953810
205749201728 205894176056
555065507123 555546873635
616697370654 617120960370
466477872721 466477872721
266503027526 266503027526
552422991184 552481313903
72104353801 72319200134
755153968663 755929426710
633001472361 633565067565
150511438502 150955865664
329931172185 329943501148
823188106536 823354646847
934914425844 935101180817
698976417196 698976417196
113899063262 114034700773
252239810991 252411995617
905238606555 905288928196
812165631476 812581513324
524780885804 524967260383
627003285733 627031721567
399954028315 400007229602
929616453092 929616453092
217162848902 217162848902
688043170406 688158584381
641813110610 642202311884
3581085749 3722028326
514878856783 515058845888
726043068168 726178550690
147725057215 147756818761
635942461859 636119093108
588282379253 588282379253
254426071106 254569794029
467580102890 467706496219
983675071296 983675071296
601337453830 601705220154
188843909387 188843909387
768737275871 768737275871
599493188955 599723274385
262264723809 262308843671
641326839476 641326839476
173271743088 173271743088
799496575400 799943869122
555770812864 555961438038
787555961981 787613345183
493785360969 493792066829
745135284130 745135284130
129331672012 129624317621
377041460098 377172344386
251023016773 251317358689
311537122558 311537122558
114214026462 114214026462
567924462351 568025716882
299827616101 299827616101
717352776388 717780852582
461247601402 461376379971
576026844936 576073097199
662732445526 662828254670
384978323362 384978323362
925190007680 925683495097
854761902971 855190006822
998119809454 998216225693
562415383329 562498987118
181264973403 181375920588
677755058916 678555449819
332747584890 332938810922
133846158255 133846158255
968996143035 968996143035
32240872746 32272726719
42465593999 42465593999
946824210326 946824210326
818751077634 818751077634
120057939588 120355646404
991731787740 991748977073
564865362032 564888020738
637457261307 637562489089
647196313041 647356467835
59805639582 59805639582
125753094988 125753094988
982284875428 982284875428
389217788146 389379702523
981806897916 981908698299
462284507617 462342521528
829992796689 829992796689
200063100201 200063100201
845980681719 845980681719
460069912853 460069912853
584937135491 584937135491
403654133005 403836230283
685935955431 685974290133
52501073772 52501073772
361383617829 361383617829
197876717805 197901020401
744529108761 744529108761
314996496473 315300846466
536916912884 536916912884
784829649870 785051866011
151767470939 151772095478
191445068127 191527006963
734405749570 734405749570
32916160174 33158598291
900132788218 900135273819
162174903229 162465858608
30680200748 30680200748
17246892245 17246892245
144664509221 144690714448
658055830381 658238654656
420033229720 420227846041
345049044843 345179906373
34334024306 34801316523
243217848980 243309420745
413896678026 413896678026
341711378129 341711378129
106196294209 106196294209
525256541266 525256541266
468859879610 468859879610
737851853388 738250640502
944596221715 944790283760
317154967753 317154967753
541338064486 541717848912
989718128385 989718128385
346949808137 346985010466
901938595381 902053984029
987547866775 987547866775
373814590324 373950168877
624936748288 625005610372
196285151034 196414020990
348386965200 349232104980
261640863442 261640863442
151529109363 151529109363
996649780099 996649780099
132615063299 132615063299
81652638733 81652638733
806293386727 806293924161
47352148775 47673141865
184157687277 184157687277
256646286515 256748900202
750537292809 750537292809
359803962473 360152563962
117883115370 117883115370
434881254155 435552891163
66019248653 66267011709
623210504598 623445928099
490143153500 490800276819
998854210665 998909439954
522352688534 522369993452
377226161294 377288019239
875150967916 875150967916
743398671582 743617371383
238724745308 238724745308
193963738922 194001736267
591316818161 591329158625
516701836684 516790660010
207420904347 207533471464
835168068197 835336514382
840739660905 840814530002
236808373572 236884096693
912337720351 912888011049
394168175919 394282725996
75770571338 75840219395
996387573561 996411359611
454872320960 454984981400
551024278114 551024278114
978073586664 978073586664
952289054153 952386979376
511011902321 511331578243
318922204877 319161143796
