5000 2000 1000000000000
526875683140 527415780030
204828654631 204903496414
748175866389 748178140357
962674571501 962674571501
285959005472 286068770645
998228952095 998292845550
726135615930 726135615930
707374183503 707637218896
99894590480 99894590480
45150440230 45200506359
328177689693 328450508420
833784904877 833784904877
41219903680 41257269049
483852724494 484508813317
141361499917 141571352917
666539290817 666834952647
731334751938 731352182991
594656223927 594674055847
760427941002 760427941002
651510682158 651839569428
922176809719 922334058284
481782374106 482174466367
487669582941 487843649736
458232670650 458321386787
490341393714 490341393714
825687843784 825687843784
781252702306 781350170341
31521657547 31569735384
667227752927 667961265368
520188008469 520188008469
450771447949 451368639788
420012061925 420086630754
255738154109 256931698189
902938070099 902938070099
603447541021 603540224879
687287220680 687287220680
754862410150 754862410150
924079435006 924106827808
951926470321 951928115760
585279528893 585645996874
949935210400 949935210400
815001748453 815007203249
101564088095 102135594372
864320229248 864614650611
966076564794 966076564794
226036283028 226107274714
810047163792 810047163792
711592497243 711592497243
437958851967 438002940544
355800481572 355904136005
581112107572 581194949840
371916927006 371916927006
469041054674 469041054674
815303219758 815303219758
879453280845 880201254321
731693087293 731693087293
287293204331 288421990418
527942995180 527976605555
65805902976 65805902976
160291771172 160919474110
890071360248 890090756519
588199515029 588771693543
285555261657 285673294481
557192446277 557192446277
753572223759 753669914947
190315274650 190653048333
712601408708 713251647537
426498468600 426502605389
202863802702 202863802702
307675662393 307675662393
177123768306 177123768306
934151587101 934151587101
362144495293 362148374257
868127069434 868321621775
727134922885 727144481051
517183169568 517183169568
156766715811 156766715811
3832378077 3946835254
77778929042 78274617949
877602193130 877706661576
565887384626 565939359003
426612264857 426700862485
943130677131 943191499168
583292679739 583417269195
152928757115 153169412941
494421189384 494421189384
588121666765 588125851268
979450395717 979654917254
103086125374 103086125374
494909183252 495585312986
648416302660 648677700249
757160455652 757462808239
4416012073 4492752731
41287900482 41614013745
993693166122 993693166122
131564035800 131633995864
325974240206 326244427181
108373569920 108887507784
637041875760 637460756091
46391212968 46928218912
926873307932 926958308651
947219118126 948042754707
203484096584 203782934696
370722870233 370722870233
105791627542 106004984509
272993155537 273109683053
365001472529 365901072907
916017600303 916017600303
959134099851 960180208359
237547496643 237905265744
841543629668 841809425605
463072160581 463188622759
840909876446 840909876446
704551438998 704576334273
355008088494 355019377385
871878941040 872165998772
715692628172 715705220380
89649835979 89889951866
394590821009 394590821009
560548555212 560548555212
7094893847 7094893847
266049869320 267106847365
444078146100 444971607521
590511453029 590631581597
703332172435 703332172435
579044522673 579229940454
603739107221 604137239474
698746329747 699050887120
704861822182 704861822182
831561038845 831693187278
629809434036 629862365948
411154138625 411154138625
8393155401 8563447721
859204177289 859204177289
709187615994 709596855100
95849422698 96343439520
462498194605 462498194605
409480559024 409529553591
914400080496 914678796508
374978272867 374978272867
26440032682 26900600287
551482385013 551850741886
802599891730 802895702908
650227709442 650600120926
945950455983 946068309487
240918116299 241024541983
129941670408 130610719494
575008943720 575285968078
980965569184 980965569184
647057285732 647245989121
110694845880 110694845880
422011875673 422011875673
492245529920 492245529920
912582700714 912657027019
79676767359 79798152458
737114148786 737718989716
6310136297 6396070646
747824151136 747955982300
38236222431 39599689446
210415994425 210696473710
500426936430 500574305169
488052505398 488345347011
497741285364 497865225147
930038395104 930622903482
103713046335 104429330457
312012714309 312012714309
824142690631 824142690631
29037031249 29364514864
366320459247 366364842784
114516591207 114545498856
953044370805 953081433032
490029609224 490231994847
42047990017 42047990017
952195903368 952195903368
897145911223 897354617731
915493867573 915787811383
777354222089 777591534234
528875491256 529151929217
932159922824 932174714283
18738620659 18788919146
353012142016 353079559985
562044476626 562317875516
350342238617 350538403695
653349954122 653738855579
79442169168 79442169168
203060791422 203088347582
357206660470 357228084810
257986087520 258152033854
803938799183 803938799183
132908347978 132908347978
510632325363 510806274222
702965152456 703223706125
683490118702 683854069871
692517385214 692766969825
133830298781 133866447176
600741839938 600741839938
63870501499 63870501499
774430667773 774430667773
589053337656 589053337656
28792658764 28856117990
197152068985 197342210073
345412789094 345418704268
987576486536 987722999042
546511083825 546646040583
397237874339 397237874339
230856805390 230988314370
991939030954 992163480194
994669347693 994882525481
495840186521 495840186521
244301491621 244301491621
714641692378 714656689240
279806096637 279859586347
166987734506 167025097703
717412726076 717529867454
584362014522 584518781387
126823602530 126893719694
567422307230 567461563911
295697620912 295821490052
568944556799 569624212419
247983346712 248222561690
377631906005 377631906005
990805689588 991110812996
111210611333 111279956972
578809997707 578940207430
463556930857 463556930857
827401798977 828886660522
522737749631 522996357036
405369992554 405497447581
165128499479 165159302077
120624133156 120698207836
557398628042 557739979820
224641041767 224848779157
683357029352 683485797707
32636965381 33538259895
899682701233 900146173469
970516857357 970742851119
182851520953 182928696510
154296245812 154302603831
792689055923 792928512662
598799273411 598959242380
698287375463 698287375463
160066073705 160184531873
660788573255 660828148859
961036326754 961236757584
234742240222 234776618382
508084472625 508425599245
955344960961 955344960961
463541271205 463542454476
806315143187 806630151494
236228989619 236939226308
728311201990 728494899476
181265150880 181349652702
644771567438 645395335536
836782536175 836782536175
282500545715 282648892745
924303148796 924428491169
478655173216 478708992901
41072693035 41080489573
250010104107 250151921434
462906073740 463053596366
622710077547 622911331807
769597947375 769927094224
64790004631 64994387472
22259796369 22614797413
211793958044 211843105245
428433438367 429024242587
675504684027 675504684027
706034948812 706034948812
801230284563 801230284563
752434600137 752575045242
779659425724 779917570156
52867699478 53100413733
877978428946 878687671154
576999228012 577304167431
364234011552 364234011552
412775866952 412813806169
948666326898 948683377487
714075416993 714156274235
37903531672 38075507474
384862837728 385133393738
711897637011 712206867944
140610871572 140611849021
230295118191 230295118191
182453725119 182518102364
201357411767 201701101000
739719703208 739719703208
353975547679 354950962125
178642362392 178776400158
897698626979 897725687491
861287566156 861339582040
566485911757 566537187934
636448072801 636448072801
307019813184 307019813184
963450437671 963485902247
290729741517 290850987750
327276899761 327498037082
432250608396 432250608396
518111213675 519089130797
489067662403 489067662403
247846594128 247907558281
697135739279 697216824418
794432322877 794523912193
157087984881 157402342963
608846069890 609048747527
45696734820 45728212189
21824925092 21824925092
376507004942 376999154334
991205834675 991502654723
648679881066 649156011967
772668105680 772794072888
992700635065 992931808199
772276533304 772276533304
650849969498 650849969498
748544385597 748780619696
509670195119 509807695795
919087516891 919201022004
781866685702 781866685702
226161097367 226161097367
867705230828 867877324020
674100047749 674300411009
782162537660 782162537660
627982548537 628289645749
611036997566 611173023485
373268761824 373268761824
786957248484 787329377771
489919770525 489963096586
630101448503 630164404498
756841588538 757004045821
466748446351 466774831717
399034242533 399034242533
710860868011 710920366622
352784912136 352906217979
117333498135 117482710290
408767670285 409033247714
171713603069 171874455918
72655854358 72737037493
532222438515 532222438515
661864927595 661951931921
893922349955 893922349955
155151760316 155191529218
278175920177 278513911710
721068543438 721177736487
856860601413 857031404346
550916044793 550916044793
968362290660 968466950593
946390222579 946638095432
407359281422 407589880688
148699751502 148757979602
264148047253 264271307114
691683877888 692273850858
856552834804 856557435108
401045543395 401122902755
887323539346 887562505648
25539569772 25539569772
671338603245 671355360409
721382619800 721519540268
60485463383 60572592387
58988378491 59024068558
643414799407 644707807245
61960296004 61994304250
68961928452 69193987977
433268408882 433403084471
720230159166 720307378481
728933865385 729019180013
176163619376 176163619376
693389717400 693425489744
435941723182 436051460765
863273090132 863635260941
282941329083 282941329083
774044320874 774044320874
873402395474 873410676646
535210317434 535222573335
536900851115 537500184458
390427073757 390859911728
163053993878 163171473977
260216402598 261686682480
161753375510 161809831089
722307397784 723011679937
570429973854 570441646778
395339155718 395512747053
770045673811 770289002623
319108134065 319149254357
983850085976 983850085976
92859594210 93142996177
806637354796 806825619820
848569619756 848569619756
419662295735 419884447265
545860948370 545870667631
350163134494 350270875479
577522031063 577553373072
535962240677 536094002819
357615020683 357978385184
617217701326 617532260667
663407043759 663483589731
810626598020 810654806174
501498458230 501572009469
734015719169 734167252922
819365811448 819622283639
189192837232 189288491549
182666628057 182723110211
222450928662 222450928662
473181364224 473283978819
774712276861 774712276861
553620052501 553964503760
51516751384 51532337293
816859748833 817116809793
716992749909 717314901363
726664394775 726664394775
779108024370 779108024370
540400466151 540916794941
27687659850 28699810339
514779675761 515887447042
410920062628 410920062628
105044622057 105199661816
868609899918 868609899918
958762397029 959005990076
832899852801 832899852801
289880309320 289880583537
842113282106 842143913342
283351935613 283392735340
564806251938 565002239432
701963925828 701963925828
238840249127 238973560499
985776339240 985880007023
477508665230 478202132576
522668158068 522675460825
402071650857 402156885665
37462948206 37462948206
715507606246 715538995301
803683069843 803721153883
107344979372 107776410639
897492999981 897492999981
992537164029 992561039796
983661599143 983673937299
520020614392 520109212904
901549002577 901558265446
446384197659 446385012063
305141613965 305141613965
533260512214 533367067079
760957786745 762045787402
976464645874 976480060058
402865183943 403308036615
638424495567 638452288383
873052882315 873228709887
648051448460 648080129482
149524398683 149615470534
745159236117 745159236117
280483425886 280640291743
320729834428 321198633687
265438290408 265694918773
6667271922 6947315633
595848986869 595848986869
864774963457 864774963457
193243786984 193268188440
82825913842 82985233609
142632251809 142866547699
847413195769 847429755649
551065866277 551337477898
400479378501 400545222983
653094761454 653094761454
497340829861 497340829861
310409111180 310691361208
589832004006 589933727678
475647481363 475824460247
999946726426 999946726426
309330964818 309598583546
860389074767 860452694159
375815669987 376091016645
807347909386 807367268501
592784034271 593084648380
805317180811 805438192254
159585647790 159867853051
575971747041 576373039181
389288737638 389458627340
292009459743 292009459743
874431431984 875350574936
574061221387 574061221387
359177030463 359177030463
450101218894 450759338060
96690219804 96690219804
884406714902 884445953901
522415751574 522415751574
909215819967 909849934006
72770382257 72770382257
939993404913 940372647707
700448263267 700514259107
309762310065 310192351983
396608413558 396608413558
329904781323 329904781323
62097018893 62383847219
957198694047 957403271157
964037106279 964295828844
496750856082 497242587105
523411668719 523411668719
92253234206 92377063542
983716285252 983756540651
651856620195 652130413800
308660849857 309012144546
576500750946 576500750946
548197055436 548726430805
317177278309 317209578242
690857132046 690970897879
192732497641 192831752069
425890397152 426416961231
20695859534 20695859534
229326272321 229931013188
409928025406 410260608396
438950226810 439333326405
616548545078 616778237764
150948529838 151089119382
25765781696 25863529953
916843127165 917075668220
427069707786 427241581379
183348016866 183587723872
326615907055 326988330935
620088405675 620185573652
116728831885 116728831885
544593367015 544909040642
402567588661 402596394134
338548028928 339826502840
649299931676 649881271105
684849151107 685027319706
455026397798 455191882486
729127110061 729127110061
957074604510 957110423197
224495162428 224635207190
530768862897 531019548388
755669118384 755988315707
179231923902 179382035175
846200863157 846261001886
425092100276 425092100276
405801889343 406322104065
935874403437 935950507398
858156477821 858466395696
677298445342 677396600779
932294221314 932294221314
520497630877 520497630877
488472051257 488492135704
313696774242 314141884217
388049574024 388318628253
59305578074 59311357383
205352686367 205434762434
803026649863 803105044620
350628093573 350706345381
950017043662 950548554615
819908617342 819934949749
91165531277 92091230301
500050399090 500361225632
62410156821 62433873533
801817804365 801906218122
779222009082 779321498148
857606160659 857878855920
633739715756 633761873841
178863219338 178961095305
677234649823 677254153437
555041914335 555346989047
109051559054 109103473829
872842091518 872868914694
917587341974 917936436710
534398643932 534398643932
275504053055 275784100245
719087736846 719500093821
952468631254 952778497240
316320526792 316397186661
295173554785 295519599820
555388240825 555781442144
529166279038 529474219005
869615729550 869615729550
95055723196 95273641730
386013638938 386542461662
775215512528 775795530059
568191252512 568460685759
63425883563 63599261414
339973326866 340102136976
841050543702 841177385060
983769606363 983823777397
330280636905 330841715929
840668136190 840668136190
413321170729 413938969536
971785801611 971876426961
969500237886 969527881290
179804677413 179804677413
247046916384 247178781961
771800890005 771891836785
745063354101 745070780677
793904392797 793904392797
380569127224 380828763093
377165140032 377165140032
908283543440 908339644091
690288493690 690288493690
411204578442 411262018679
825902680999 825984643428
825309289510 825433416383
594412952368 594596903392
220499141841 220499141841
585104587100 585104587100
352450433262 352624026288
400039771812 400039771812
151536790288 151536790288
74443726327 75393833422
868727884703 868786324616
380330397966 380483095007
137681965292 137718212363
878925085202 878925085202
430242226753 430265282548
325027529816 325027529816
1032682587 1254030297
586648750432 586753494035
204998880626 205113537363
433104504641 433104504641
398128083473 398202370396
211957399001 212111893142
485167211531 485204141846
653997966382 654069677743
834054453797 834617759097
100580409890 100867596249
559438988569 559767152699
79315087463 79327367187
499630216425 499682887913
923193745219 923730054054
239590473029 240115661499
824716451783 824721267626
846315543225 846474783923
19078692345 20165881159
990209034084 990501255138
976665517833 977028925126
674976606419 675097190770
129594542878 129922780308
608431812252 608535452354
33926946927 34355687682
111678054927 112008983882
203412531459 203414078633
94990947019 95007287353
662461273216 663262396518
718205127101 718256600854
552647701128 552954131534
917344409760 917476390787
533580942107 533590743466
577397576722 577471907093
142126591020 142133129842
502843396955 502843396955
974151852246 974228943684
573407500299 573601683650
115214438859 115289776400
993719464046 994169941708
937590247622 938137917116
93192966265 93213061625
428148953555 428429860772
624472064777 624570299029
414660375854 414931733083
189999854694 190309405351
440629634077 440629634077
493269263480 493388742955
647384434780 647777206775
71657684984 71714417626
304354327274 304580449311
807889574541 808218936531
161465930696 161592265241
438464409040 438464409040
88200852791 88269784210
924710657210 925583112182
470113326631 470190671889
212361233719 212361233719
498804911451 498804911451
207298104051 208109819643
225469790449 225555449334
161975422894 161975422894
692887160544 692887160544
346929268392 347069393670
845576184694 845638495972
512374982106 513174202153
274950385463 275151826675
628723488896 629656512489
14036337651 14260643697
729924429204 730234459871
645418201474 645582396794
788084767350 788104833848
30518721974 30646506143
213059777203 213815423419
535008918069 535085665828
446443386606 446500241815
392948306212 393826387862
638649428181 638835493920
215394685046 216190698739
96454196448 96504369529
943907764598 943935388153
698498684399 698523378709
276045686596 276045686596
217149263676 217306754581
437635419658 437819881414
50815784767 50829331245
831703506504 831718258708
541402727187 541962157694
560640298481 560871942664
475324025980 475345175906
995097172506 995220961280
153534500689 153534500689
139789799363 139789799363
341379112884 341901512141
984395610727 984490742951
922590258890 922590258890
85948474981 86786819453
718368822932 718381983136
246182190647 246184014089
294744825353 294744825353
948714861226 948778706787
3716239591 3716239591
992259832029 992444110602
299514084429 299523516403
938310461537 938605718102
464710018620 465588541165
445997310176 446099515346
896885296934 897041115865
464349235338 464602995901
351490201710 351501472693
447131087799 447131087799
601328517256 601431719690
985458950840 985772674099
613914957453 614324260730
927629641595 927979396368
155325478981 155740121898
935445550744 935684914091
474512799343 474526875800
423904848973 424286984341
593141567476 593467147520
255195849000 255536478584
143764705845 143942165548
31263117406 31495149871
460162286703 460520361163
16983930682 16983944724
632648200713 633735718739
336956653415 337006929853
376313508423 376501547624
58256422330 58394692424
254057207993 254499791952
146230131108 146378796105
447975788453 448594861726
321649208390 321914865981
346621190736 346650286390
494503336632 494661148404
862297643434 862318331524
24210504375 24329446630
151949695885 151951138908
661527725353 661527725353
328593124320 328593124320
929485370764 929797536689
56279040360 56404002615
496169825718 496338935786
903576411986 904010619195
901659230226 901716051429
14391398117 15104183475
788499572983 788741010939
639210561961 639350634358
714217258737 714217258737
169949602160 170104516603
402613580001 402841087923
331414659771 331620556994
300135319414 300288431860
127641762879 128069820276
73569498575 73679608294
362600662478 362600662478
876012485986 876648125828
147132730469 147132730469
41707068655 41926407708
345564209256 346370290475
799451322107 800211929491
972190162241 972385759966
324124616005 324596992846
280851269738 281473953632
422846620102 422846620102
619835948814 619835948814
759344764214 759585392444
687890590724 688057892062
641292856953 641431731021
475048707196 475114981050
612582640772 612830644240
935179040961 935215584863
934882097973 934882097973
844937907382 845011909995
934731874637 934731874637
4827101359 5153507606
610605469545 610619275780
801983456037 801983456037
423088880530 423356603466
341956651192 342192741948
815511822624 815511822624
563486594131 563730419255
571324333347 571324333347
620796423311 620796423311
602898539309 603094250421
27222752342 27553988064
598018418630 598574038353
984798809532 985103143396
378989830484 379280769467
581964894096 582013091841
470243022067 470327607752
15369296125 15976866785
11233544851 11334224990
567033724553 567115947380
982743347596 982914958708
686151390214 686298737169
621136615201 621281210694
151563417764 151725150390
156397636430 156397636430
798232644306 798263256296
835091652398 835091652398
388888844149 388888844149
435364016083 435364016083
290096776293 290504400223
988158588355 988949431454
661296274351 661440511242
235307602831 235314957000
645798382640 645938892098
480853390658 481053093963
575666054358 575877890908
396232913880 396244966374
88962701834 89441730089
373996524723 374120783602
600070954280 600070954280
627716311600 627936275182
998383183924 998421377795
211208263689 211481059797
763690939469 763690939469
468235411834 468519814489
913172214591 913764695862
431537975651 431604571960
755321364514 755321364514
181983635145 182368755108
155001546914 155001546914
335223201658 335278825676
717727958469 717796212212
753742449949 753795872419
536233935285 536264070209
968090215209 968209733540
473679457291 473884425931
13884781876 14014668160
123975978037 124645626868
230644073690 230644073690
420839838253 420947783269
804692019474 805038091035
592570561081 592690362025
412554777799 412716037885
765914653620 766188566216
570996861781 570996861781
694821156623 694821156623
131093143402 131093143402
212894414758 212903553225
962832081705 963117621563
974799518907 975134493987
689921592347 689921592347
732966995186 733156281591
833705751952 833759894089
128728371656 128759607835
42564764498 43229582648
728582107298 728893092360
212517186368 212728110321
220267656424 220323216462
790356089626 790356089626
812386695930 812510100596
880417913453 880583520389
307945392114 307945392114
370217324978 370217324978
194861462330 195131440452
543761941405 543761941405
61783252966 61783252966
581730316168 581730316168
68106625777 68225750099
221077111654 221305844463
293354206162 294466788240
645963329796 646067951522
344611626898 344855561636
53998335724 54257302745
303166472674 303166472674
93484195456 93484195456
553265613727 553351394561
399476286348 399476286348
158124118464 158126772423
83129526917 83188536166
368996350191 369672458288
184156297666 184156297666
675155734182 675326674095
975242134188 975425240874
48906432167 49759465821
163710918057 163870163637
588006839374 588006839374
815687466089 815780192808
533641560994 533852229287
584799521362 584888124988
382519240228 382791107045
103221416701 103287540735
316524226909 316524226909
262237277956 262394273837
199463431744 200144065955
841860903875 842009163153
740121936920 740121936920
2515206022 2944553056
59191859361 59225033328
201817382990 202188009675
619475238559 619475238559
501339288939 501481874724
463828843001 464082652116
982572692595 982671406195
317411670544 317411670544
581329637364 581329637364
549845948296 550157990874
522133224963 522133224963
814442888343 814706344413
913957435079 914200269530
797154138703 797154138703
406602713134 406602713134
109506051215 109506051215
39715105401 39715105401
596087338170 596111550076
849036083585 849252339356
318533012085 318911498463
674634042955 674742838232
676180208515 676180208515
858597324275 858597324275
473100659728 473100659728
721643513687 721815494875
642144448111 642478557219
398860912351 398860912351
246532651937 246546787028
892193244591 892757712457
257390904045 257668228445
148039597666 148665157209
953666768830 953811830493
250273974575 250340272164
675753375687 675953655960
703486333056 703579266942
461026068356 461592396676
291808528744 291929728691
427929815635 428059528604
421686387929 421686387929
332565715837 332565715837
308448918371 308517860470
662270443798 662360224482
624279478341 624297807206
746087984819 746087984819
394119879995 394180118930
506250015493 506416472270
367480062364 367961318887
331020621097 331020621097
978845651523 979013278984
631798482009 631877407732
91069203064 91081407620
96739160479 96893350858
708920396116 709071405759
124652592593 125062936588
142963328638 143208193844
660126824980 660126824980
283768034125 284338939566
842654289845 842917845660
130658097345 130707459331
940668698839 940687202846
240887431126 240910689607
147524749482 147861651004
665156763780 665265738667
811192972626 811754152363
997815495454 998115726487
744037940657 744037940657
993412940404 993590576895
21426267520 21426267520
902297499958 902464893200
335967612129 336401876136
95307515730 95382003017
340168238251 340378132226
894661778842 894888785789
944006678777 944010227714
775938586161 775962333450
208686960039 208686960039
80338014492 80677440305
724458779751 724975334574
866857550507 866871318812
45121683503 45145738473
110370399413 110370399413
562752596059 562752596059
228227013718 228394755762
658174530868 658237430434
880637681423 880667575042
538735566009 538735566009
168003233457 168140913584
914244044997 914354679958
470717857453 470923338656
600319379704 600342544036
842220966400 842220966400
245051433444 245987431603
971198476285 971198476285
818965272360 819362015183
145360362842 145360362842
768800522616 769448304477
142242331258 142242331258
696553501496 696698159047
994504120506 994520774041
643256192579 643298040222
850746473360 850840494535
987360779769 987519138193
905450357044 905541620492
23228165393 23567521735
332861907987 333137980847
476930906383 477208674894
627454158922 627454158922
855385072040 855437840361
782627051354 782846601327
606373313774 606620434340
835958327918 836276190597
621848085010 622325488176
732552133421 732576446501
861136514386 861138962667
724260764612 724284406855
905167357302 905306759394
408303563125 408576847351
892801990053 893786418379
114179792663 114278396631
463770702435 463827138431
234904682990 235040225659
971434943454 971631238093
823592353221 823592353221
607272253069 607500314707
210876908930 210876908930
946852410384 947041362394
109180527836 109227450697
493665559608 493889748380
123472326415 123664341653
83685417629 84461680541
290871420851 291075265968
583789500276 584117563796
599179970408 599180028171
118504188613 118963998098
822022193441 822045449511
909858770122 910008084646
970029806088 970029806088
896313245404 896736887666
767689344871 767742555175
702277050242 702323053021
901274222457 901286305317
785368968316 785416773688
523149682223 523170797643
404871999538 405061325826
954134762313 954134762313
900562095263 900562095263
214791821722 214791821722
547389577872 547391517342
871489127265 871630312492
191489883846 191939852306
224945861049 225107019962
67298440162 67883799358
980713185963 980713185963
956541772781 956577876756
206425098081 207096417612
900823121919 901093773923
80742665846 81514004070
681639768023 681639768023
174554603760 174735250616
211534761405 211734951270
979808343049 979960435015
895357433945 895938035342
595064228644 595485741327
205851155182 205939976254
411979147212 412219688350
297728374137 297908202553
327698234638 328031961042
654102099600 654726072721
964677053030 964677053030
746680261824 747285057314
370532658654 370579174927
646177533966 646546716732
986379663851 986625534376
966389462577 966901264315
544378512272 544528849062
667966280221 668046385327
228618290139 229155871516
826619103971 827295970221
507049993429 507049993429
607570735062 608181683310
268904478035 269553635816
434700952815 435047599433
257884082779 257953204919
821296358594 821570019956
554216274992 554872290711
967256551085 967256551085
859072618045 859133421013
928020703820 928040339206
848896325294 849016042570
873498579848 874182415986
662385864258 662426931369
704137827523 704137827523
264442348679 264804787881
4692245800 4748736978
953266962262 953337098770
338286354697 338308588195
823188711080 823191949042
192027234388 192365143165
600778891043 601118079709
999445195343 999684385372
351869248149 351869248149
471117700281 471721905888
765254078157 765327271646
752386280176 752386280176
25951218355 26227004748
871466327377 871488088137
281964307436 282307403247
632110525852 632389624325
268427869714 268454873655
523790779794 523804049976
682805283252 683236763921
398323456727 398323456727
841240594615 841240594615
779440987773 779488590068
82315985636 82315985636
762185032756 762365184567
876855136002 876986287592
144727932115 144740471070
673099840673 673185276315
833472690348 833508898487
165172110520 166034823689
515951103935 516008301945
311515955147 311928007532
449423148866 449450040254
666964830705 666964830705
727992171892 728031810160
980048030722 980157293977
65085964567 65085964567
485888546708 485888546708
55222849979 55629858893
689330791178 689330791178
523866771631 523866771631
442231432697 442231432697
196565737591 197131577615
275794206441 275881585075
986631964491 987003585303
813071651185 813071651185
141010173880 141010173880
380880468376 380880468376
938959243832 939192095912
164171741369 164353220918
689522424462 689911290504
555817620074 557113280803
624810912556 625006372401
617537594637 617944743988
735579683082 735579683082
987863437267 987884027079
890262831569 890262831569
423838497779 423838497779
778635884011 778879429879
664711074108 664925348123
85244952336 85244952336
805958050153 806045429450
62660330230 62981347770
695933571106 695959195282
882758230510 882897546917
350787483881 350814580006
822836028944 822836028944
660261236373 660554564303
233050145180 233397076684
436666314411 437254662640
157609254041 157635958154
40783372755 40838460435
860857812321 861050885584
747472651924 747472651924
818035267526 818129054900
596327670436 596382031794
729756366305 729756366305
476343978835 476343978835
533026819691 533038065605
119423756488 119889388589
948164888755 948257940807
185333151752 185333151752
674442467273 674442467273
842406810209 842641665224
474277519545 474332198085
531094109949 531622040049
348183495449 349823227984
10779289266 11220485015
679505445073 679629947816
581583411417 581673476300
251925376018 252445855068
870034574423 870398513767
688456750836 688556244298
443304322518 443490474945
132715565675 132715565675
883832573896 884229835762
742231580849 742231580849
678218524511 678292617616
718899507003 719058697772
871380094757 871420376742
740872149955 741151684473
738686728270 738764832530
889704893154 889704893154
670101596449 670231587754
449505069969 449505069969
209068559807 210100207985
120552017974 120561675212
122682109184 122682109184
128952770923 128980735344
997585441265 997589107275
637839558558 637904869268
431690400924 432128483785
564153625233 564153625233
316495508861 316514658411
814948475472 814955584375
252728798987 253422262957
102818530721 102990664278
419373271895 419481333258
176493672185 176609004153
105627776814 105627776814
461752376888 462290690616
283553615206 283579087212
510808268405 511004497733
322039664603 322353083476
223255423512 223361365503
716546506454 716610830075
946206724245 946326673770
591806257728 592233084911
183731019155 183857194004
174054507422 174423777217
120170907817 120170907817
42174340025 42205195632
543974141826 544115022390
44403682490 44845784730
273362057971 273441724486
540285657103 540388596287
910593637979 910593637979
300454816860 300709719975
235464619793 236205035346
746452209788 746600188028
702631580050 702631580050
527469458334 527786033553
23042107504 23154692483
605911634517 606320329824
459790552554 460024969581
736028288374 736028288374
47255265070 48108922791
125311897027 125674790786
969141111180 969266338056
171537014230 171658242920
297605978015 297678678710
654874157829 655684114725
24492060535 24768444585
373631704612 373720306538
189972640231 189972640231
480216067986 480559948142
572749654958 573000153148
257183552016 257306014298
567128301341 567128301341
187879031353 187879031353
453519527673 453585614120
679880172871 679910516540
688084942012 688377316671
284725894694 285271734368
489533611959 489533611959
188891283818 189107732491
85689721982 85689721982
134567525319 134656311503
529679228640 530321275936
862683470247 863110566244
757464015143 758277797544
776292184334 776527313396
240787083952 240852916898
244522686829 245034052395
954626009806 954998080729
648195825413 648406242376
134090801319 134090801319
231586394459 231910241352
611953165001 612351618623
467726648899 467962626719
66961217932 67101831092
511056693136 511384467111
561096653715 561122379029
835576901427 835670866768
572073113671 572150537604
634740406800 635162854878
499850241842 500016162246
569832786564 569839914572
145095990636 145264392305
719731193507 719834161307
636813079645 636911751889
451708801963 451752448359
258258473964 258890248732
739041783696 739268257666
513522487539 513642695370
888415765816 888415765816
119167054320 119167054320
189452833785 189568907106
839580761873 840488698681
301493953127 301930634147
908902866866 909152144894
82260001851 82302857977
984685473785 984755350635
932382066309 932964416186
379721479001 379907616983
268186278504 268301104898
670589484148 670979042751
615317517616 615317517616
219489903906 219489903906
642822357028 642825159873
980338393718 980409319166
335413191680 335484282122
573179876082 573320153741
804203982067 804203982067
72880964500 73200458379
602449334733 602456357996
4171681019 4176560491
615605673865 615656699149
706934749288 706998564376
497698085675 497711878598
871357396158 871376538358
901932441555 901989319890
658484067691 658608571478
17416397143 17449077478
417290228860 417886316289
788264190272 788278197427
167119187263 167193560606
171927686659 171985991787
43863131723 44258036848
364058856613 364091146590
567197694350 567335108779
55648874700 55935517709
685356071919 685408187497
7225932741 7366784856
566925380088 566943289739
333474423766 333773922297
611319171700 611440098438
713464623490 713535564365
387624968755 387988670177
691120285714 691353688746
1865614176 1905654131
386859718767 386859718767
296737892702 297076612274
192868272185 192995973906
885258854371 885652054452
79890984154 80020667170
232706694044 232812005751
765004708123 765077224563
696173786665 696220000373
170184158863 170321859823
278610835777 278610835777
992954408892 993047907324
807810610117 807848131082
224306948942 224306948942
891157155431 891157155431
328989102951 329295691985
923757003146 924027072314
170482278587 170920589053
114787889993 114971257693
226759992459 226929376459
262818288758 262818288758
217538261455 217538261455
820387459296 820550072136
878944995756 878973529770
120880069038 120880069038
17176350286 17285862758
502020490977 502020490977
385793792986 385793792986
783097297846 783097297846
221846890969 221846890969
331629580773 331652194563
984166352321 984365033041
747816010746 747816010746
98838417555 99056478901
542017730939 542729701390
749666509126 749666509126
169461785255 169791575616
126382131270 126477934153
195609682216 195781548525
501077875593 501077875593
244365015393 244492680157
847914778928 848011417119
505801139690 505801139690
293064880956 293139560427
5427806264 6080168369
750533512997 750929895127
9878940489 10140152588
337778042537 338073032011
407664171969 407747641567
653249293519 653273128250
442524386713 442524386713
269713555909 270405141591
848345054780 848345054780
600283202906 600283202906
740193235216 740411851765
138201618208 138201618208
300893381295 301129266507
409830590188 409860612561
96949128287 97124388212
987146163643 987197271593
526235803775 526387033352
990569856914 990627486500
166539080988 166539080988
452429531796 452971955040
777897537148 778344551700
287118300526 287118300526
371169823344 371223099724
46930706579 47056781361
138270068656 138405715038
93768010852 93768010852
633858861299 633981299680
175860543650 176075016586
218444594310 218444594310
404240133040 404512860392
931846681417 931846681417
784972515810 785086408244
357981026174 358010903468
767836979811 768052312593
97609543881 97609543881
899327139393 899626485622
482850087308 483329668281
795811626442 796434054865
173067065447 173112375372
943689822465 943735717414
149313586880 149317109177
259794185379 259837749630
669952103979 669959691994
713653949386 713653949386
106780910789 106830965710
439433726630 439829261648
67180370925 67275219563
337323694713 337323694713
585756607339 586264105596
639770599787 639963969044
723123604001 723502104779
507309245276 507428546214
112253911872 112687562400
485107841747 485107841747
58077736844 58166366755
115320804882 115376949694
663552330426 663861004937
240229879972 240490706821
374170166344 374223177469
726005199294 726030588045
659220917389 659271178035
172537488140 172574808624
404612605908 404642170107
113320376588 114097506519
810901481679 811149631163
791236384707 791853159490
173970169978 173970169978
785163649756 785289005100
36302602564 36768040481
440304869383 440304869383
927426198738 927543482059
625673646958 625727867624
904100499815 905063573559
77263946328 77546479736
423381959816 423381959816
699109297679 699405769842
601768471740 601852309783
98786877337 98786877337
298304840391 299175904235
715775530301 715883285911
147006561346 147006561346
305973664868 306690337001
392778068295 392778068295
787532051290 787851588463
472562816394 472716188145
300772571108 300839575139
632566647736 632632136223
299898114715 299924710580
716017352365 716492925333
739347040051 739347040051
957497726165 957498252062
476539025933 476592488660
194286636812 194569235293
183044895641 183044895641
989547752504 990089803956
4198247694 4399163203
931366574789 931366574789
814106288452 814346361661
445524512911 445561682909
658842449734 658842449734
126571908420 126672536146
530345393348 530661389893
753213294523 753213294523
864850605023 865444217620
116447669022 116641376219
867350763606 867606570670
121140402240 122127241888
294475795600 294679927551
431038023633 431169337773
716705921714 716705921714
677633223663 677633223663
906836485482 906836485482
247401062906 247566593176
579268787726 581041143419
857113441517 857394459205
936704886739 937259926195
573831049285 573979181081
956088534231 956363991236
690408087660 690724639170
954221556585 954314012909
736375459792 736820911500
420978085170 421056655558
775006514978 775209818183
136130221389 136332062174
396256391642 396272436293
883679383114 883758176265
620322748960 620633416721
596812201108 597706388067
196202436229 196511730767
316632919609 316718514131
507595415771 507595415771
808305768666 808570397005
66313768359 66313768359
517606918222 517669805505
868419609389 868419609389
403309103009 404035123736
653332261457 653335782539
351226723592 351226723592
167265649488 167265649488
532449269989 532486524225
695324121775 695832950934
251430485680 251839101578
859837146739 859937779005
11524031882 11722260075
99119054948 99557563989
81631325527 81677595999
817309268230 817463262990
853332375624 854212764750
128339352193 128515172536
664069743220 664609291837
149919083396 149959185253
314269001047 314937473287
920736665541 920980295288
863652298630 863807141463
622625243498 622625243498
486902477571 487390194367
412873852114 412873852114
458003642548 458003642548
830147526783 830151068517
619625294350 619629446954
829208231743 829597409909
434041949566 434627343421
682711987512 682745040125
593662862561 593748939560
174763095256 175333874168
20320357458 20548808583
356605957551 356947590208
798862301712 798862301712
373762665201 373932609483
208343223019 208557139128
870690289395 870956804728
608571623369 608823923338
141785229212 141869327757
387309215847 387309215847
454559312244 454559312244
920266020847 920266020847
296078926460 296518095555
621450964962 621537573209
830265803343 830511536827
390887344303 391582327908
863902219137 863902219137
517411591787 517411591787
822262663837 822571826823
846491928399 846495084465
505137344932 505240647086
175735652108 175735652108
665851897713 666433613837
563008615831 563084763383
226303485306 226322221839
114549884747 114771930925
688704356389 688872819849
347183245582 347853424294
880876515682 881031298966
478267268372 478267268372
509171279539 509271321004
158396416949 159331011168
771137922601 771534076190
743224605324 743367080934
575369640523 575524074443
451913618342 452304998407
469179510925 469706609044
610366325619 610497350703
106325302887 106668675810
358503356541 358503356541
999342471661 999366424193
473339148587 473551085653
2951098846 3345868664
465871999872 465871999872
152062814085 152456916570
373010228936 373092710935
152740039433 152875810980
649175510862 649175510862
443507343024 444063859482
609500348718 609500348718
296519935219 296709930828
686599367623 686599367623
35561986789 35732703068
301450288714 301450288714
448720362276 449257056328
983441093630 983441093630
57243162293 57773386858
727619957739 727969497751
890400788797 890940294830
76593296175 76837281676
64116944241 64778648915
227458919959 227852881756
353650232559 353817743821
684357789337 684416483023
322805224914 323962714628
123041903967 123385145391
866124694448 866237600117
884763676487 885026135377
60840359178 60840359178
928408455478 928408455478
342529015662 342827512571
948954483339 949018378697
738347839340 738347839340
464090908845 464141632776
457215763521 457297121062
509871633221 509881660955
869098861438 869126992527
429101932188 429849406900
181243602649 181247921236
699861918075 699861918075
43538443148 43612853658
861695760920 861695760920
487411930836 487425648505
525120402748 525572646014
54959730578 55187040152
326511496474 326605011958
69505620213 69856739702
630213406154 630336531805
291275209919 291762469518
184287994431 185250973691
438295234022 438384299546
574241844245 574772983942
460646839101 460832761363
706532534801 706575454370
273486999936 273675262269
641574894928 642064163892
335830032812 335830032812
735388163792 735479853991
928248320397 928249196071
318309632972 318309632972
147365036029 147452296815
679362174144 679363344320
796718552043 797053283708
815791837364 816052491870
565361967652 565479645344
964706154926 964925363904
829073840402 829073840402
975905674802 976115549233
51177514315 51177514315
54642993847 54817580631
501170451368 501274121318
199088392806 199164874447
635510712237 635813732108
125868675567 125868675567
708346964598 708614391950
519392125870 519766169592
268043047033 268043432530
623160513848 623369760081
749850254715 750243755242
6218044447 6218044447
830884030921 831277367689
16070688663 16070688663
751859281195 751859281195
891477816093 892125457762
682008974658 682313171507
31945150654 31945150654
965171588659 965252164406
616780978355 616995167505
628394960519 628426048297
383664257970 384055968198
852616250551 852632000588
358741293672 358755445360
133247817631 133418587306
702334186039 702507497473
758681875536 758744635736
103322002999 103628931123
652595001740 652709456645
747291427345 747449455210
137771274439 137844647816
677403184712 677414900979
751059603926 751163375371
879225617103 879268244963
802390617940 802526263805
845442800642 845442800642
525821410206 526037752407
128105150094 128268486395
35937403461 36219600418
558703790059 559202648006
587007824609 587388837931
921793846143 922017119052
56655462334 56655462334
183897873847 183957216714
607052523578 607240197983
855517494330 855889157488
776169462415 776287916885
248235863791 249698101766
488801513958 488801513958
561436206155 561436206155
87696586282 87696586282
949303559329 949581833526
976181686423 976433365796
219568106466 219914698307
277196236149 277733107892
528422393843 528422393843
279150334690 279722994661
292297570486 292736164440
408189373431 408189373431
861773810060 862073053973
361075748766 361197983943
766332797911 766582554856
210120093269 210203404478
495718725365 495764762375
609521507176 610284174924
254668281131 254668281131
680831289603 681412356330
851490940253 851490940253
585714628292 585756106588
331174233013 331367987022
466968753227 467362826091
186927447063 187810887404
703735647655 704055927002
200306549578 201235747701
89549878880 89586492718
975458109904 975810669173
762483250337 762678293205
104515598697 104757781145
319525377746 319791905627
90928928964 90928928964
89940642372 90133953361
218148871474 218229232286
289038155067 289038155067
191125644943 191190161461
505244607279 505462470040
30678994809 31131048671
315319714802 315507976668
960382995706 960418536971
635934343645 635934343645
251174031188 251267312204
545569369264 545677722154
510287498357 510287498357
977167811211 978766434744
613521903996 613825552510
18153345592 18308692447
708015496014 708080906975
203275375040 203310782384
786300529623 786300529623
894478696965 894643763246
780940018323 781117266976
902251465370 902256811413
605431544963 605557729519
166216019983 166277148989
366510617424 367188658565
490873648884 491502321596
849534126317 850024556590
225635980799 225812332695
503867765668 503867765668
391611363008 391611363008
997325733352 997474261345
565697649118 565703568465
353927450334 353927450334
466405220782 466592883501
784226492590 784226492590
951155407710 951155407710
361864075212 362103318236
684434002404 684509320572
944483569609 945001474687
205221779113 205227423475
521719538899 521951309935
834729870913 834935648799
965296814367 965372851304
73733676955 73734109716
406853041881 406958867549
430796797466 430882228692
625949907066 626209877880
401356127591 401712225467
1925110321 2302409244
357162489752 357190340987
131790451078 132148189711
335539696713 335658445170
919267695 919267695
168144086888 168254371132
720784048570 721052414178
668607081991 668607081991
989260829141 989260829141
707808804570 707928603660
596662677578 596662677578
129395353471 129395353471
454874986068 454931394750
915246747002 915491198631
464205400223 464308806289
710965701161 710965701161
126303283546 126362158880
780348141793 780811633358
783240535373 783533561189
468553565011 468866433304
640319353379 640359278642
315638802786 316292150564
713725723698 713985942937
456064408970 456667565000
97885543187 98661125477
615993224019 616254486332
614727732356 614998260367
535559426894 535559426894
789157246341 789906432574
888048966356 888161701768
773247646306 773247646306
142002638627 142057708019
508818180943 508818180943
824750001936 824750001936
208567000287 208674056488
933864832789 933982972032
162347317240 162460457682
959040914166 959068604832
379477222362 379584224500
277061231599 277061231599
265740420798 265740420798
767414622352 767496630686
809258987384 809258987384
144069793241 144453798484
52242953032 52615003799
143368131089 143368131089
219161327959 219397044244
137270043538 137346892142
592473861140 592563180480
449908592187 449908592187
668720740391 668720740391
70392865895 70933722257
552351169819 552646881757
921198584749 921198584749
18960900749 19035740032
541309471769 541309471769
693099855095 693099855095
620989340660 621043195679
852934351859 853326034078
928214911486 928214911486
623423473194 623536532880
906298793824 906298793824
765473787530 765888573496
865609220691 865755220384
409186110253 409391042212
340644909663 341105101587
502956340193 503257840540
271104928856 271104928856
138645734236 138645734236
455424934489 455523051001
954405093180 954405093180
363168958433 363901389594
474050922894 474067906697
745420805300 745664066927
463235907782 463345628213
723538961264 723890788969
48154388866 48236311146
686705726916 687152968745
577670484913 578791671277
946718439334 946767946361
693232164910 693232164910
270438721363 271046089563
271436418207 271527949399
185769537051 186389716054
755457888132 755474735171
813458890410 813574328107
514217841456 514345640825
216406517388 216704762414
583000613194 583000613194
527837340710 527891821163
168353682539 169171229175
139318914452 139630320257
881960191121 882476822312
920508274630 920714581245
496078991673 496078991673
277984046779 277987434992
75663680433 75663680433
80691830132 80728856453
868903034271 869006494401
227305723395 227305723395
767114913771 767347179638
275907306023 275907306023
115848481226 116112582089
929078687002 929281590536
441818338906 441893823947
81682627459 82109587828
543198140286 543623113923
336561431897 336650728825
764155630991 764348094052
384473056185 384820330449
303276916596 303847185812
545997687005 546114123875
59747497436 60484338194
7715415872 8166203410
217974663779 217984787696
197496363942 197517315843
869235424836 869235424836
671168921882 671168921882
36797267690 37138689598
854224369652 854673027814
516014340148 517111393550
182560128456 182660665954
953368409050 953532314450
232221973110 232221973110
679221569337 679318189721
950728371445 950853660544
525643785938 525780827763
719916961947 719942918596
310872000727 310915921545
457332990238 457617081029
672524345214 672736437222
233887391199 234610994444
136396569738 136639821833
13130526939 13154262089
10387121265 10390336010
736032904086 736213348083
948779512692 948943224061
267570872918 267593839206
676812612153 677219537383
198612775432 198979208219
748945346534 749320861811
332313361448 332313361448
987094707300 987109358565
571798740880 571806392088
837648404365 838032874342
847097119182 847097119182
150302839922 150743625511
359727450324 360565525419
344296199390 344296199390
317881099251 317881099251
535817132124 535956529829
164416939521 164977453510
253936475317 254048532195
222239272951 222298768930
136885382890 137248676694
343120457979 343807138041
135050710863 135259424632
389178351569 389210424697
777069571488 777133276092
657948986368 657968903547
730561343805 730561343805
733178338383 733528941486
731140403633 731333395769
866350423720 866584525227
864068907105 864068907105
838321347019 838662603240
843899034914 844689980609
302263805920 302864697607
22102204108 22108374825
243025678598 243251818598
921522515311 921619386681
926149723375 926869316998
458827718657 459144589817
996134626129 996134626129
56077164871 56077164871
396325053962 396432839622
875361683652 875459947153
294950386668 294950386668
432784044133 432790624565
412272773399 412542399575
378542712197 378987291572
875779851932 875869191454
149057534391 149086393566
922903824368 922903824368
764579317642 764579317642
829605275299 829606381796
881258438286 881719690740
180773241520 180862403527
478860059229 478860059229
623809733737 623809733737
781147577156 781159313698
520912080052 521515441238
845068998631 845196172678
910947106396 911899464260
758568400400 758568400400
759814769948 760310292855
333822508057 334184738962
805777082633 805777082633
94349805067 94349805067
586274944573 586507465058
57826463480 58002031848
539469275154 539476835157
26993041643 27109973667
898589202755 898589202755
887813408112 888018106893
411274779220 411309978055
939255628626 939653978009
514452146282 514691739558
157818449444 157842828372
791872803381 792023899588
379983441075 379983441075
630655776134 630796756981
177512810171 177656657019
983916761789 984080083192
606666670795 606999920616
504440018337 504440018337
567494155890 568103862170
782534696830 782534696830
972701703386 972990331084
180306405614 180399731993
907857969519 908269945066
262988653142 263200479196
241141579984 242578365668
941814291261 943072969585
550645497933 550780884219
604280894762 604340811916
353403333850 353620854918
484676421694 484909989901
889912137349 889940147402
43320441367 43510459057
343871393806 343933177544
