4491
50
53
52
48
44
40
36
32
28
24
20
16
12
8
4
0
-4
-8
-12
-16
-20
-24
-28
-32
-36
-40
-44
-48
-52
-56
-60
-64
-68
-72
-76
-80
-84
-88
-92
-96
-100
92
89
85
81
77
73
69
65
61
57
53
49
45
41
37
33
29
25
21
17
13
9
5
1
-3
-7
-11
-15
-19
-23
-27
-31
-35
-39
-43
-47
-51
-55
-59
-63
-67
-71
-75
-79
-83
-87
-91
-95
-99
8
9
6
2
-2
-6
-10
-14
-18
-22
-26
-30
-34
-38
-42
-46
-50
-54
-58
-62
-66
-70
-74
-78
-82
-86
-90
-94
-98
-1
-5
-9
-13
-17
-21
-25
-29
-33
-37
-41
-45
-49
-53
-57
-61
-65
-69
-73
-77
-81
-85
-89
-93
-97
108
104
100
96
92
88
84
80
76
72
68
64
60
56
52
48
44
40
36
32
28
24
20
16
12
8
4
0
-4
-8
-12
-16
-20
-24
-28
-32
-36
-40
-44
-48
-52
-56
-60
-64
-68
-72
-76
-80
-84
-88
-92
-96
189
185
181
177
173
169
165
161
157
153
149
145
141
137
133
129
125
121
117
113
109
105
101
97
93
89
85
81
77
73
69
65
61
57
53
49
45
41
37
33
29
25
21
17
13
9
5
1
-3
-7
-11
-15
-19
-23
-27
-31
-35
-39
-43
-47
-51
-55
-59
-63
-67
-71
-75
-79
-83
-87
-91
-95
50
46
42
38
34
30
26
22
18
14
10
6
2
-2
-6
-10
-14
-18
-22
-26
-30
-34
-38
-42
-46
-50
-54
-58
-62
-66
-70
-74
-78
-82
-86
-90
-94
128
127
123
119
115
111
107
103
99
95
91
87
83
79
75
71
67
63
59
55
51
47
43
39
35
31
27
23
19
15
11
7
3
-1
-5
-9
-13
-17
-21
-25
-29
-33
-37
-41
-45
-49
-53
-57
-61
-65
-69
-73
-77
-81
-85
-89
-93
161
160
156
152
148
144
140
136
132
128
124
120
116
112
108
104
100
96
92
88
84
80
76
72
68
64
60
56
52
48
44
40
36
32
28
24
20
16
12
8
4
0
-4
-8
-12
-16
-20
-24
-28
-32
-36
-40
-44
-48
-52
-56
-60
-64
-68
-72
-76
-80
-84
-88
-92
175
176
173
169
165
161
157
153
149
145
141
137
133
129
125
121
117
113
109
105
101
97
93
89
85
81
77
73
69
65
61
57
53
49
45
41
37
33
29
25
21
17
13
9
5
1
-3
-7
-11
-15
-19
-23
-27
-31
-35
-39
-43
-47
-51
-55
-59
-63
-67
-71
-75
-79
-83
-87
-91
192
193
190
186
182
178
174
170
166
162
158
154
150
146
142
138
134
130
126
122
118
114
110
106
102
98
94
90
86
82
78
74
70
66
62
58
54
50
46
42
38
34
30
26
22
18
14
10
6
2
-2
-6
-10
-14
-18
-22
-26
-30
-34
-38
-42
-46
-50
-54
-58
-62
-66
-70
-74
-78
-82
-86
-90
171
167
163
159
155
151
147
143
139
135
131
127
123
119
115
111
107
103
99
95
91
87
83
79
75
71
67
63
59
55
51
47
43
39
35
31
27
23
19
15
11
7
3
-1
-5
-9
-13
-17
-21
-25
-29
-33
-37
-41
-45
-49
-53
-57
-61
-65
-69
-73
-77
-81
-85
-89
96
92
88
84
80
76
72
68
64
60
56
52
48
44
40
36
32
28
24
20
16
12
8
4
0
-4
-8
-12
-16
-20
-24
-28
-32
-36
-40
-44
-48
-52
-56
-60
-64
-68
-72
-76
-80
-84
-88
33
29
25
21
17
13
9
5
1
-3
-7
-11
-15
-19
-23
-27
-31
-35
-39
-43
-47
-51
-55
-59
-63
-67
-71
-75
-79
-83
-87
134
130
126
122
118
114
110
106
102
98
94
90
86
82
78
74
70
66
62
58
54
50
46
42
38
34
30
26
22
18
14
10
6
2
-2
-6
-10
-14
-18
-22
-26
-30
-34
-38
-42
-46
-50
-54
-58
-62
-66
-70
-74
-78
-82
-86
168
167
163
159
155
151
147
143
139
135
131
127
123
119
115
111
107
103
99
95
91
87
83
79
75
71
67
63
59
55
51
47
43
39
35
31
27
23
19
15
11
7
3
-1
-5
-9
-13
-17
-21
-25
-29
-33
-37
-41
-45
-49
-53
-57
-61
-65
-69
-73
-77
-81
-85
148
144
140
136
132
128
124
120
116
112
108
104
100
96
92
88
84
80
76
72
68
64
60
56
52
48
44
40
36
32
28
24
20
16
12
8
4
0
-4
-8
-12
-16
-20
-24
-28
-32
-36
-40
-44
-48
-52
-56
-60
-64
-68
-72
-76
-80
-84
21
17
13
9
5
1
-3
-7
-11
-15
-19
-23
-27
-31
-35
-39
-43
-47
-51
-55
-59
-63
-67
-71
-75
-79
-83
110
106
102
98
94
90
86
82
78
74
70
66
62
58
54
50
46
42
38
34
30
26
22
18
14
10
6
2
-2
-6
-10
-14
-18
-22
-26
-30
-34
-38
-42
-46
-50
-54
-58
-62
-66
-70
-74
-78
-82
37
40
39
35
31
27
23
19
15
11
7
3
-1
-5
-9
-13
-17
-21
-25
-29
-33
-37
-41
-45
-49
-53
-57
-61
-65
-69
-73
-77
-81
188
184
180
176
172
168
164
160
156
152
148
144
140
136
132
128
124
120
116
112
108
104
100
96
92
88
84
80
76
72
68
64
60
56
52
48
44
40
36
32
28
24
20
16
12
8
4
0
-4
-8
-12
-16
-20
-24
-28
-32
-36
-40
-44
-48
-52
-56
-60
-64
-68
-72
-76
-80
144
141
137
133
129
125
121
117
113
109
105
101
97
93
89
85
81
77
73
69
65
61
57
53
49
45
41
37
33
29
25
21
17
13
9
5
1
-3
-7
-11
-15
-19
-23
-27
-31
-35
-39
-43
-47
-51
-55
-59
-63
-67
-71
-75
-79
26
22
18
14
10
6
2
-2
-6
-10
-14
-18
-22
-26
-30
-34
-38
-42
-46
-50
-54
-58
-62
-66
-70
-74
-78
183
179
175
171
167
163
159
155
151
147
143
139
135
131
127
123
119
115
111
107
103
99
95
91
87
83
79
75
71
67
63
59
55
51
47
43
39
35
31
27
23
19
15
11
7
3
-1
-5
-9
-13
-17
-21
-25
-29
-33
-37
-41
-45
-49
-53
-57
-61
-65
-69
-73
-77
83
80
76
72
68
64
60
56
52
48
44
40
36
32
28
24
20
16
12
8
4
0
-4
-8
-12
-16
-20
-24
-28
-32
-36
-40
-44
-48
-52
-56
-60
-64
-68
-72
-76
81
77
73
69
65
61
57
53
49
45
41
37
33
29
25
21
17
13
9
5
1
-3
-7
-11
-15
-19
-23
-27
-31
-35
-39
-43
-47
-51
-55
-59
-63
-67
-71
-75
112
113
110
106
102
98
94
90
86
82
78
74
70
66
62
58
54
50
46
42
38
34
30
26
22
18
14
10
6
2
-2
-6
-10
-14
-18
-22
-26
-30
-34
-38
-42
-46
-50
-54
-58
-62
-66
-70
-74
87
83
79
75
71
67
63
59
55
51
47
43
39
35
31
27
23
19
15
11
7
3
-1
-5
-9
-13
-17
-21
-25
-29
-33
-37
-41
-45
-49
-53
-57
-61
-65
-69
-73
32
28
24
20
16
12
8
4
0
-4
-8
-12
-16
-20
-24
-28
-32
-36
-40
-44
-48
-52
-56
-60
-64
-68
-72
63
66
65
61
57
53
49
45
41
37
33
29
25
21
17
13
9
5
1
-3
-7
-11
-15
-19
-23
-27
-31
-35
-39
-43
-47
-51
-55
-59
-63
-67
-71
118
114
110
106
102
98
94
90
86
82
78
74
70
66
62
58
54
50
46
42
38
34
30
26
22
18
14
10
6
2
-2
-6
-10
-14
-18
-22
-26
-30
-34
-38
-42
-46
-50
-54
-58
-62
-66
-70
103
99
95
91
87
83
79
75
71
67
63
59
55
51
47
43
39
35
31
27
23
19
15
11
7
3
-1
-5
-9
-13
-17
-21
-25
-29
-33
-37
-41
-45
-49
-53
-57
-61
-65
-69
164
160
156
152
148
144
140
136
132
128
124
120
116
112
108
104
100
96
92
88
84
80
76
72
68
64
60
56
52
48
44
40
36
32
28
24
20
16
12
8
4
0
-4
-8
-12
-16
-20
-24
-28
-32
-36
-40
-44
-48
-52
-56
-60
-64
-68
42
41
37
33
29
25
21
17
13
9
5
1
-3
-7
-11
-15
-19
-23
-27
-31
-35
-39
-43
-47
-51
-55
-59
-63
-67
120
121
118
114
110
106
102
98
94
90
86
82
78
74
70
66
62
58
54
50
46
42
38
34
30
26
22
18
14
10
6
2
-2
-6
-10
-14
-18
-22
-26
-30
-34
-38
-42
-46
-50
-54
-58
-62
-66
191
187
183
179
175
171
167
163
159
155
151
147
143
139
135
131
127
123
119
115
111
107
103
99
95
91
87
83
79
75
71
67
63
59
55
51
47
43
39
35
31
27
23
19
15
11
7
3
-1
-5
-9
-13
-17
-21
-25
-29
-33
-37
-41
-45
-49
-53
-57
-61
-65
79
76
72
68
64
60
56
52
48
44
40
36
32
28
24
20
16
12
8
4
0
-4
-8
-12
-16
-20
-24
-28
-32
-36
-40
-44
-48
-52
-56
-60
-64
73
69
65
61
57
53
49
45
41
37
33
29
25
21
17
13
9
5
1
-3
-7
-11
-15
-19
-23
-27
-31
-35
-39
-43
-47
-51
-55
-59
-63
158
154
150
146
142
138
134
130
126
122
118
114
110
106
102
98
94
90
86
82
78
74
70
66
62
58
54
50
46
42
38
34
30
26
22
18
14
10
6
2
-2
-6
-10
-14
-18
-22
-26
-30
-34
-38
-42
-46
-50
-54
-58
-62
79
75
71
67
63
59
55
51
47
43
39
35
31
27
23
19
15
11
7
3
-1
-5
-9
-13
-17
-21
-25
-29
-33
-37
-41
-45
-49
-53
-57
-61
116
112
108
104
100
96
92
88
84
80
76
72
68
64
60
56
52
48
44
40
36
32
28
24
20
16
12
8
4
0
-4
-8
-12
-16
-20
-24
-28
-32
-36
-40
-44
-48
-52
-56
-60
149
145
141
137
133
129
125
121
117
113
109
105
101
97
93
89
85
81
77
73
69
65
61
57
53
49
45
41
37
33
29
25
21
17
13
9
5
1
-3
-7
-11
-15
-19
-23
-27
-31
-35
-39
-43
-47
-51
-55
-59
178
174
170
166
162
158
154
150
146
142
138
134
130
126
122
118
114
110
106
102
98
94
90
86
82
78
74
70
66
62
58
54
50
46
42
38
34
30
26
22
18
14
10
6
2
-2
-6
-10
-14
-18
-22
-26
-30
-34
-38
-42
-46
-50
-54
-58
163
159
155
151
147
143
139
135
131
127
123
119
115
111
107
103
99
95
91
87
83
79
75
71
67
63
59
55
51
47
43
39
35
31
27
23
19
15
11
7
3
-1
-5
-9
-13
-17
-21
-25
-29
-33
-37
-41
-45
-49
-53
-57
78
81
80
76
72
68
64
60
56
52
48
44
40
36
32
28
24
20
16
12
8
4
0
-4
-8
-12
-16
-20
-24
-28
-32
-36
-40
-44
-48
-52
-56
99
100
97
93
89
85
81
77
73
69
65
61
57
53
49
45
41
37
33
29
25
21
17
13
9
5
1
-3
-7
-11
-15
-19
-23
-27
-31
-35
-39
-43
-47
-51
-55
137
134
130
126
122
118
114
110
106
102
98
94
90
86
82
78
74
70
66
62
58
54
50
46
42
38
34
30
26
22
18
14
10
6
2
-2
-6
-10
-14
-18
-22
-26
-30
-34
-38
-42
-46
-50
-54
133
134
131
127
123
119
115
111
107
103
99
95
91
87
83
79
75
71
67
63
59
55
51
47
43
39
35
31
27
23
19
15
11
7
3
-1
-5
-9
-13
-17
-21
-25
-29
-33
-37
-41
-45
-49
-53
121
120
116
112
108
104
100
96
92
88
84
80
76
72
68
64
60
56
52
48
44
40
36
32
28
24
20
16
12
8
4
0
-4
-8
-12
-16
-20
-24
-28
-32
-36
-40
-44
-48
-52
119
120
117
113
109
105
101
97
93
89
85
81
77
73
69
65
61
57
53
49
45
41
37
33
29
25
21
17
13
9
5
1
-3
-7
-11
-15
-19
-23
-27
-31
-35
-39
-43
-47
-51
70
66
62
58
54
50
46
42
38
34
30
26
22
18
14
10
6
2
-2
-6
-10
-14
-18
-22
-26
-30
-34
-38
-42
-46
-50
137
138
135
131
127
123
119
115
111
107
103
99
95
91
87
83
79
75
71
67
63
59
55
51
47
43
39
35
31
27
23
19
15
11
7
3
-1
-5
-9
-13
-17
-21
-25
-29
-33
-37
-41
-45
-49
92
88
84
80
76
72
68
64
60
56
52
48
44
40
36
32
28
24
20
16
12
8
4
0
-4
-8
-12
-16
-20
-24
-28
-32
-36
-40
-44
-48
142
141
137
133
129
125
121
117
113
109
105
101
97
93
89
85
81
77
73
69
65
61
57
53
49
45
41
37
33
29
25
21
17
13
9
5
1
-3
-7
-11
-15
-19
-23
-27
-31
-35
-39
-43
-47
161
158
154
150
146
142
138
134
130
126
122
118
114
110
106
102
98
94
90
86
82
78
74
70
66
62
58
54
50
46
42
38
34
30
26
22
18
14
10
6
2
-2
-6
-10
-14
-18
-22
-26
-30
-34
-38
-42
-46
96
95
91
87
83
79
75
71
67
63
59
55
51
47
43
39
35
31
27
23
19
15
11
7
3
-1
-5
-9
-13
-17
-21
-25
-29
-33
-37
-41
-45
116
112
108
104
100
96
92
88
84
80
76
72
68
64
60
56
52
48
44
40
36
32
28
24
20
16
12
8
4
0
-4
-8
-12
-16
-20
-24
-28
-32
-36
-40
-44
129
125
121
117
113
109
105
101
97
93
89
85
81
77
73
69
65
61
57
53
49
45
41
37
33
29
25
21
17
13
9
5
1
-3
-7
-11
-15
-19
-23
-27
-31
-35
-39
-43
58
54
50
46
42
38
34
30
26
22
18
14
10
6
2
-2
-6
-10
-14
-18
-22
-26
-30
-34
-38
-42
84
83
79
75
71
67
63
59
55
51
47
43
39
35
31
27
23
19
15
11
7
3
-1
-5
-9
-13
-17
-21
-25
-29
-33
-37
-41
126
129
128
124
120
116
112
108
104
100
96
92
88
84
80
76
72
68
64
60
56
52
48
44
40
36
32
28
24
20
16
12
8
4
0
-4
-8
-12
-16
-20
-24
-28
-32
-36
-40
181
177
173
169
165
161
157
153
149
145
141
137
133
129
125
121
117
113
109
105
101
97
93
89
85
81
77
73
69
65
61
57
53
49
45
41
37
33
29
25
21
17
13
9
5
1
-3
-7
-11
-15
-19
-23
-27
-31
-35
-39
134
130
126
122
118
114
110
106
102
98
94
90
86
82
78
74
70
66
62
58
54
50
46
42
38
34
30
26
22
18
14
10
6
2
-2
-6
-10
-14
-18
-22
-26
-30
-34
-38
154
151
147
143
139
135
131
127
123
119
115
111
107
103
99
95
91
87
83
79
75
71
67
63
59
55
51
47
43
39
35
31
27
23
19
15
11
7
3
-1
-5
-9
-13
-17
-21
-25
-29
-33
-37
108
104
100
96
92
88
84
80
76
72
68
64
60
56
52
48
44
40
36
32
28
24
20
16
12
8
4
0
-4
-8
-12
-16
-20
-24
-28
-32
-36
103
104
101
97
93
89
85
81
77
73
69
65
61
57
53
49
45
41
37
33
29
25
21
17
13
9
5
1
-3
-7
-11
-15
-19
-23
-27
-31
-35
136
137
134
130
126
122
118
114
110
106
102
98
94
90
86
82
78
74
70
66
62
58
54
50
46
42
38
34
30
26
22
18
14
10
6
2
-2
-6
-10
-14
-18
-22
-26
-30
-34
105
106
103
99
95
91
87
83
79
75
71
67
63
59
55
51
47
43
39
35
31
27
23
19
15
11
7
3
-1
-5
-9
-13
-17
-21
-25
-29
-33
196
192
188
184
180
176
172
168
164
160
156
152
148
144
140
136
132
128
124
120
116
112
108
104
100
96
92
88
84
80
76
72
68
64
60
56
52
48
44
40
36
32
28
24
20
16
12
8
4
0
-4
-8
-12
-16
-20
-24
-28
-32
137
133
129
125
121
117
113
109
105
101
97
93
89
85
81
77
73
69
65
61
57
53
49
45
41
37
33
29
25
21
17
13
9
5
1
-3
-7
-11
-15
-19
-23
-27
-31
158
154
150
146
142
138
134
130
126
122
118
114
110
106
102
98
94
90
86
82
78
74
70
66
62
58
54
50
46
42
38
34
30
26
22
18
14
10
6
2
-2
-6
-10
-14
-18
-22
-26
-30
189
190
187
183
179
175
171
167
163
159
155
151
147
143
139
135
131
127
123
119
115
111
107
103
99
95
91
87
83
79
75
71
67
63
59
55
51
47
43
39
35
31
27
23
19
15
11
7
3
-1
-5
-9
-13
-17
-21
-25
-29
131
128
124
120
116
112
108
104
100
96
92
88
84
80
76
72
68
64
60
56
52
48
44
40
36
32
28
24
20
16
12
8
4
0
-4
-8
-12
-16
-20
-24
-28
155
158
157
153
149
145
141
137
133
129
125
121
117
113
109
105
101
97
93
89
85
81
77
73
69
65
61
57
53
49
45
41
37
33
29
25
21
17
13
9
5
1
-3
-7
-11
-15
-19
-23
-27
165
162
158
154
150
146
142
138
134
130
126
122
118
114
110
106
102
98
94
90
86
82
78
74
70
66
62
58
54
50
46
42
38
34
30
26
22
18
14
10
6
2
-2
-6
-10
-14
-18
-22
-26
150
147
143
139
135
131
127
123
119
115
111
107
103
99
95
91
87
83
79
75
71
67
63
59
55
51
47
43
39
35
31
27
23
19
15
11
7
3
-1
-5
-9
-13
-17
-21
-25
87
84
80
76
72
68
64
60
56
52
48
44
40
36
32
28
24
20
16
12
8
4
0
-4
-8
-12
-16
-20
-24
143
146
145
141
137
133
129
125
121
117
113
109
105
101
97
93
89
85
81
77
73
69
65
61
57
53
49
45
41
37
33
29
25
21
17
13
9
5
1
-3
-7
-11
-15
-19
-23
87
86
82
78
74
70
66
62
58
54
50
46
42
38
34
30
26
22
18
14
10
6
2
-2
-6
-10
-14
-18
-22
197
198
195
191
187
183
179
175
171
167
163
159
155
151
147
143
139
135
131
127
123
119
115
111
107
103
99
95
91
87
83
79
75
71
67
63
59
55
51
47
43
39
35
31
27
23
19
15
11
7
3
-1
-5
-9
-13
-17
-21
146
149
148
144
140
136
132
128
124
120
116
112
108
104
100
96
92
88
84
80
76
72
68
64
60
56
52
48
44
40
36
32
28
24
20
16
12
8
4
0
-4
-8
-12
-16
-20
138
137
133
129
125
121
117
113
109
105
101
97
93
89
85
81
77
73
69
65
61
57
53
49
45
41
37
33
29
25
21
17
13
9
5
1
-3
-7
-11
-15
-19
168
169
166
162
158
154
150
146
142
138
134
130
126
122
118
114
110
106
102
98
94
90
86
82
78
74
70
66
62
58
54
50
46
42
38
34
30
26
22
18
14
10
6
2
-2
-6
-10
-14
-18
151
147
143
139
135
131
127
123
119
115
111
107
103
99
95
91
87
83
79
75
71
67
63
59
55
51
47
43
39
35
31
27
23
19
15
11
7
3
-1
-5
-9
-13
-17
160
156
152
148
144
140
136
132
128
124
120
116
112
108
104
100
96
92
88
84
80
76
72
68
64
60
56
52
48
44
40
36
32
28
24
20
16
12
8
4
0
-4
-8
-12
-16
199
202
201
197
193
189
185
181
177
173
169
165
161
157
153
149
145
141
137
133
129
125
121
117
113
109
105
101
97
93
89
85
81
77
73
69
65
61
57
53
49
45
41
37
33
29
25
21
17
13
9
5
1
-3
-7
-11
-15
134
130
126
122
118
114
110
106
102
98
94
90
86
82
78
74
70
66
62
58
54
50
46
42
38
34
30
26
22
18
14
10
6
2
-2
-6
-10
-14
141
142
139
135
131
127
123
119
115
111
107
103
99
95
91
87
83
79
75
71
67
63
59
55
51
47
43
39
35
31
27
23
19
15
11
7
3
-1
-5
-9
-13
142
143
140
136
132
128
124
120
116
112
108
104
100
96
92
88
84
80
76
72
68
64
60
56
52
48
44
40
36
32
28
24
20
16
12
8
4
0
-4
-8
-12
177
173
169
165
161
157
153
149
145
141
137
133
129
125
121
117
113
109
105
101
97
93
89
85
81
77
73
69
65
61
57
53
49
45
41
37
33
29
25
21
17
13
9
5
1
-3
-7
-11
112
113
110
106
102
98
94
90
86
82
78
74
70
66
62
58
54
50
46
42
38
34
30
26
22
18
14
10
6
2
-2
-6
-10
95
91
87
83
79
75
71
67
63
59
55
51
47
43
39
35
31
27
23
19
15
11
7
3
-1
-5
-9
135
132
128
124
120
116
112
108
104
100
96
92
88
84
80
76
72
68
64
60
56
52
48
44
40
36
32
28
24
20
16
12
8
4
0
-4
-8
134
133
129
125
121
117
113
109
105
101
97
93
89
85
81
77
73
69
65
61
57
53
49
45
41
37
33
29
25
21
17
13
9
5
1
-3
-7
90
86
82
78
74
70
66
62
58
54
50
46
42
38
34
30
26
22
18
14
10
6
2
-2
-6
149
150
147
143
139
135
131
127
123
119
115
111
107
103
99
95
91
87
83
79
75
71
67
63
59
55
51
47
43
39
35
31
27
23
19
15
11
7
3
-1
-5
96
92
88
84
80
76
72
68
64
60
56
52
48
44
40
36
32
28
24
20
16
12
8
4
0
-4
163
166
165
161
157
153
149
145
141
137
133
129
125
121
117
113
109
105
101
97
93
89
85
81
77
73
69
65
61
57
53
49
45
41
37
33
29
25
21
17
13
9
5
1
-3
116
119
118
114
110
106
102
98
94
90
86
82
78
74
70
66
62
58
54
50
46
42
38
34
30
26
22
18
14
10
6
2
-2
183
179
175
171
167
163
159
155
151
147
143
139
135
131
127
123
119
115
111
107
103
99
95
91
87
83
79
75
71
67
63
59
55
51
47
43
39
35
31
27
23
19
15
11
7
3
-1
