1420
65
50
35
20
5
-10
-25
-40
-55
-70
-85
-100
53
67
66
51
36
21
6
-9
-24
-39
-54
-69
-84
-99
154
169
178
172
157
142
127
112
97
82
67
52
37
22
7
-8
-23
-38
-53
-68
-83
-98
187
195
188
173
158
143
128
113
98
83
68
53
38
23
8
-7
-22
-37
-52
-67
-82
-97
103
116
114
99
84
69
54
39
24
9
-6
-21
-36
-51
-66
-81
-96
126
128
115
100
85
70
55
40
25
10
-5
-20
-35
-50
-65
-80
-95
125
128
116
101
86
71
56
41
26
11
-4
-19
-34
-49
-64
-79
-94
12
-3
-18
-33
-48
-63
-78
-93
68
78
73
58
43
28
13
-2
-17
-32
-47
-62
-77
-92
141
134
119
104
89
74
59
44
29
14
-1
-16
-31
-46
-61
-76
-91
57
66
60
45
30
15
0
-15
-30
-45
-60
-75
-90
120
128
121
106
91
76
61
46
31
16
1
-14
-29
-44
-59
-74
-89
208
210
197
182
167
152
137
122
107
92
77
62
47
32
17
2
-13
-28
-43
-58
-73
-88
67
80
78
63
48
33
18
3
-12
-27
-42
-57
-72
-87
174
189
194
184
169
154
139
124
109
94
79
64
49
34
19
4
-11
-26
-41
-56
-71
-86
20
5
-10
-25
-40
-55
-70
-85
42
57
69
66
51
36
21
6
-9
-24
-39
-54
-69
-84
37
22
7
-8
-23
-38
-53
-68
-83
92
83
68
53
38
23
8
-7
-22
-37
-52
-67
-82
93
84
69
54
39
24
9
-6
-21
-36
-51
-66
-81
69
77
70
55
40
25
10
-5
-20
-35
-50
-65
-80
135
148
146
131
116
101
86
71
56
41
26
11
-4
-19
-34
-49
-64
-79
87
72
57
42
27
12
-3
-18
-33
-48
-63
-78
80
84
73
58
43
28
13
-2
-17
-32
-47
-62
-77
129
139
134
119
104
89
74
59
44
29
14
-1
-16
-31
-46
-61
-76
99
90
75
60
45
30
15
0
-15
-30
-45
-60
-75
199
205
196
181
166
151
136
121
106
91
76
61
46
31
16
1
-14
-29
-44
-59
-74
151
159
152
137
122
107
92
77
62
47
32
17
2
-13
-28
-43
-58
-73
135
144
138
123
108
93
78
63
48
33
18
3
-12
-27
-42
-57
-72
181
196
205
199
184
169
154
139
124
109
94
79
64
49
34
19
4
-11
-26
-41
-56
-71
128
143
149
140
125
110
95
80
65
50
35
20
5
-10
-25
-40
-55
-70
98
96
81
66
51
36
21
6
-9
-24
-39
-54
-69
105
97
82
67
52
37
22
7
-8
-23
-38
-53
-68
198
208
203
188
173
158
143
128
113
98
83
68
53
38
23
8
-7
-22
-37
-52
-67
82
97
98
84
69
54
39
24
9
-6
-21
-36
-51
-66
107
100
85
70
55
40
25
10
-5
-20
-35
-50
-65
79
90
86
71
56
41
26
11
-4
-19
-34
-49
-64
29
43
42
27
12
-3
-18
-33
-48
-63
88
73
58
43
28
13
-2
-17
-32
-47
-62
67
82
93
89
74
59
44
29
14
-1
-16
-31
-46
-61
178
165
150
135
120
105
90
75
60
45
30
15
0
-15
-30
-45
-60
156
161
151
136
121
106
91
76
61
46
31
16
1
-14
-29
-44
-59
104
113
107
92
77
62
47
32
17
2
-13
-28
-43
-58
55
48
33
18
3
-12
-27
-42
-57
54
49
34
19
4
-11
-26
-41
-56
98
104
95
80
65
50
35
20
5
-10
-25
-40
-55
54
51
36
21
6
-9
-24
-39
-54
65
66
52
37
22
7
-8
-23
-38
-53
66
67
53
38
23
8
-7
-22
-37
-52
108
111
99
84
69
54
39
24
9
-6
-21
-36
-51
196
211
223
220
205
190
175
160
145
130
115
100
85
70
55
40
25
10
-5
-20
-35
-50
77
92
104
101
86
71
56
41
26
11
-4
-19
-34
-49
42
27
12
-3
-18
-33
-48
110
114
103
88
73
58
43
28
13
-2
-17
-32
-47
123
119
104
89
74
59
44
29
14
-1
-16
-31
-46
190
180
165
150
135
120
105
90
75
60
45
30
15
0
-15
-30
-45
182
181
166
151
136
121
106
91
76
61
46
31
16
1
-14
-29
-44
72
62
47
32
17
2
-13
-28
-43
128
123
108
93
78
63
48
33
18
3
-12
-27
-42
131
135
124
109
94
79
64
49
34
19
4
-11
-26
-41
131
125
110
95
80
65
50
35
20
5
-10
-25
-40
78
66
51
36
21
6
-9
-24
-39
69
67
52
37
22
7
-8
-23
-38
125
134
128
113
98
83
68
53
38
23
8
-7
-22
-37
136
140
129
114
99
84
69
54
39
24
9
-6
-21
-36
91
106
118
115
100
85
70
55
40
25
10
-5
-20
-35
108
123
127
116
101
86
71
56
41
26
11
-4
-19
-34
165
180
186
177
162
147
132
117
102
87
72
57
42
27
12
-3
-18
-33
204
193
178
163
148
133
118
103
88
73
58
43
28
13
-2
-17
-32
75
74
59
44
29
14
-1
-16
-31
92
107
121
120
105
90
75
60
45
30
15
0
-15
-30
151
136
121
106
91
76
61
46
31
16
1
-14
-29
160
175
186
182
167
152
137
122
107
92
77
62
47
32
17
2
-13
-28
149
138
123
108
93
78
63
48
33
18
3
-12
-27
216
231
245
244
229
214
199
184
169
154
139
124
109
94
79
64
49
34
19
4
-11
-26
149
140
125
110
95
80
65
50
35
20
5
-10
-25
148
152
141
126
111
96
81
66
51
36
21
6
-9
-24
85
91
82
67
52
37
22
7
-8
-23
172
187
195
188
173
158
143
128
113
98
83
68
53
38
23
8
-7
-22
178
191
189
174
159
144
129
114
99
84
69
54
39
24
9
-6
-21
70
55
40
25
10
-5
-20
88
86
71
56
41
26
11
-4
-19
93
87
72
57
42
27
12
-3
-18
190
199
193
178
163
148
133
118
103
88
73
58
43
28
13
-2
-17
138
151
149
134
119
104
89
74
59
44
29
14
-1
-16
201
213
210
195
180
165
150
135
120
105
90
75
60
45
30
15
0
-15
162
164
151
136
121
106
91
76
61
46
31
16
1
-14
134
143
137
122
107
92
77
62
47
32
17
2
-13
234
249
261
258
243
228
213
198
183
168
153
138
123
108
93
78
63
48
33
18
3
-12
227
214
199
184
169
154
139
124
109
94
79
64
49
34
19
4
-11
112
127
141
140
125
110
95
80
65
50
35
20
5
-10
66
51
36
21
6
-9
136
151
154
142
127
112
97
82
67
52
37
22
7
-8
103
98
83
68
53
38
23
8
-7
166
170
159
144
129
114
99
84
69
54
39
24
9
-6
109
100
85
70
55
40
25
10
-5
167
161
146
131
116
101
86
71
56
41
26
11
-4
209
223
222
207
192
177
162
147
132
117
102
87
72
57
42
27
12
-3
142
157
160
148
133
118
103
88
73
58
43
28
13
-2
206
215
209
194
179
164
149
134
119
104
89
74
59
44
29
14
-1
