1286
126
133
124
108
92
76
60
44
28
12
-4
-20
-36
-52
-68
-84
-100
179
192
189
173
157
141
125
109
93
77
61
45
29
13
-3
-19
-35
-51
-67
-83
-99
16
14
-2
-18
-34
-50
-66
-82
-98
148
143
127
111
95
79
63
47
31
15
-1
-17
-33
-49
-65
-81
-97
29
16
0
-16
-32
-48
-64
-80
-96
87
81
65
49
33
17
1
-15
-31
-47
-63
-79
-95
161
146
130
114
98
82
66
50
34
18
2
-14
-30
-46
-62
-78
-94
24
19
3
-13
-29
-45
-61
-77
-93
100
84
68
52
36
20
4
-12
-28
-44
-60
-76
-92
162
149
133
117
101
85
69
53
37
21
5
-11
-27
-43
-59
-75
-91
14
18
6
-10
-26
-42
-58
-74
-90
185
200
199
183
167
151
135
119
103
87
71
55
39
23
7
-9
-25
-41
-57
-73
-89
104
88
72
56
40
24
8
-8
-24
-40
-56
-72
-88
96
89
73
57
41
25
9
-7
-23
-39
-55
-71
-87
156
154
138
122
106
90
74
58
42
26
10
-6
-22
-38
-54
-70
-86
167
155
139
123
107
91
75
59
43
27
11
-5
-21
-37
-53
-69
-85
166
156
140
124
108
92
76
60
44
28
12
-4
-20
-36
-52
-68
-84
141
125
109
93
77
61
45
29
13
-3
-19
-35
-51
-67
-83
164
158
142
126
110
94
78
62
46
30
14
-2
-18
-34
-50
-66
-82
40
31
15
-1
-17
-33
-49
-65
-81
45
32
16
0
-16
-32
-48
-64
-80
145
129
113
97
81
65
49
33
17
1
-15
-31
-47
-63
-79
112
98
82
66
50
34
18
2
-14
-30
-46
-62
-78
165
163
147
131
115
99
83
67
51
35
19
3
-13
-29
-45
-61
-77
202
215
212
196
180
164
148
132
116
100
84
68
52
36
20
4
-12
-28
-44
-60
-76
77
89
85
69
53
37
21
5
-11
-27
-43
-59
-75
226
228
214
198
182
166
150
134
118
102
86
70
54
38
22
6
-10
-26
-42
-58
-74
52
39
23
7
-9
-25
-41
-57
-73
146
157
152
136
120
104
88
72
56
40
24
8
-8
-24
-40
-56
-72
108
105
89
73
57
41
25
9
-7
-23
-39
-55
-71
104
105
90
74
58
42
26
10
-6
-22
-38
-54
-70
35
39
27
11
-5
-21
-37
-53
-69
117
108
92
76
60
44
28
12
-4
-20
-36
-52
-68
233
235
221
205
189
173
157
141
125
109
93
77
61
45
29
13
-3
-19
-35
-51
-67
112
110
94
78
62
46
30
14
-2
-18
-34
-50
-66
217
228
223
207
191
175
159
143
127
111
95
79
63
47
31
15
-1
-17
-33
-49
-65
185
176
160
144
128
112
96
80
64
48
32
16
0
-16
-32
-48
-64
114
113
97
81
65
49
33
17
1
-15
-31
-47
-63
102
108
98
82
66
50
34
18
2
-14
-30
-46
-62
149
164
163
147
131
115
99
83
67
51
35
19
3
-13
-29
-45
-61
126
116
100
84
68
52
36
20
4
-12
-28
-44
-60
43
48
37
21
5
-11
-27
-43
-59
55
54
38
22
6
-10
-26
-42
-58
229
238
231
215
199
183
167
151
135
119
103
87
71
55
39
23
7
-9
-25
-41
-57
180
182
168
152
136
120
104
88
72
56
40
24
8
-8
-24
-40
-56
132
121
105
89
73
57
41
25
9
-7
-23
-39
-55
126
122
106
90
74
58
42
26
10
-6
-22
-38
-54
93
108
107
91
75
59
43
27
11
-5
-21
-37
-53
94
109
108
92
76
60
44
28
12
-4
-20
-36
-52
93
77
61
45
29
13
-3
-19
-35
-51
67
62
46
30
14
-2
-18
-34
-50
105
116
111
95
79
63
47
31
15
-1
-17
-33
-49
140
128
112
96
80
64
48
32
16
0
-16
-32
-48
117
123
113
97
81
65
49
33
17
1
-15
-31
-47
132
130
114
98
82
66
50
34
18
2
-14
-30
-46
181
188
179
163
147
131
115
99
83
67
51
35
19
3
-13
-29
-45
134
132
116
100
84
68
52
36
20
4
-12
-28
-44
57
63
53
37
21
5
-11
-27
-43
112
123
118
102
86
70
54
38
22
6
-10
-26
-42
173
186
183
167
151
135
119
103
87
71
55
39
23
7
-9
-25
-41
180
190
184
168
152
136
120
104
88
72
56
40
24
8
-8
-24
-40
74
73
57
41
25
9
-7
-23
-39
79
74
58
42
26
10
-6
-22
-38
133
136
123
107
91
75
59
43
27
11
-5
-21
-37
92
76
60
44
28
12
-4
-20
-36
93
77
61
45
29
13
-3
-19
-35
120
131
126
110
94
78
62
46
30
14
-2
-18
-34
65
72
63
47
31
15
-1
-17
-33
74
77
64
48
32
16
0
-16
-32
79
80
65
49
33
17
1
-15
-31
136
141
130
114
98
82
66
50
34
18
2
-14
-30
96
83
67
51
35
19
3
-13
-29
142
145
132
116
100
84
68
52
36
20
4
-12
-28
156
149
133
117
101
85
69
53
37
21
5
-11
-27
72
79
70
54
38
22
6
-10
-26
123
137
135
119
103
87
71
55
39
23
7
-9
-25
136
120
104
88
72
56
40
24
8
-8
-24
90
89
73
57
41
25
9
-7
-23
186
170
154
138
122
106
90
74
58
42
26
10
-6
-22
59
43
27
11
-5
-21
214
217
204
188
172
156
140
124
108
92
76
60
44
28
12
-4
-20
157
141
125
109
93
77
61
45
29
13
-3
-19
154
156
142
126
110
94
78
62
46
30
14
-2
-18
193
208
207
191
175
159
143
127
111
95
79
63
47
31
15
-1
-17
64
48
32
16
0
-16
129
113
97
81
65
49
33
17
1
-15
90
94
82
66
50
34
18
2
-14
89
94
83
67
51
35
19
3
-13
216
222
212
196
180
164
148
132
116
100
84
68
52
36
20
4
-12
99
100
85
69
53
37
21
5
-11
114
102
86
70
54
38
22
6
-10
103
87
71
55
39
23
7
-9
88
72
56
40
24
8
-8
105
89
73
57
41
25
9
-7
177
170
154
138
122
106
90
74
58
42
26
10
-6
105
106
91
75
59
43
27
11
-5
212
224
220
204
188
172
156
140
124
108
92
76
60
44
28
12
-4
119
109
93
77
61
45
29
13
-3
170
172
158
142
126
110
94
78
62
46
30
14
-2
113
111
95
79
63
47
31
15
-1
