500
159
128
52
-24
-100
162
129
53
-23
-99
165
130
54
-22
-98
-5
63
55
-21
-97
152
132
56
-20
-96
9
71
57
-19
-95
141
134
58
-18
-94
85
110
59
-17
-93
44
90
60
-16
-92
103
120
61
-15
-91
149
138
62
-14
-90
174
139
63
-13
-89
76
108
64
-12
-88
159
141
65
-11
-87
68
105
66
-10
-86
17
80
67
-9
-85
190
144
68
-8
-84
174
145
69
-7
-83
148
146
70
-6
-82
33
90
71
-5
-81
38
93
72
-4
-80
182
149
73
-3
-79
140
145
74
-2
-78
59
105
75
-1
-77
161
152
76
0
-76
33
93
77
1
-75
100
127
78
2
-74
158
155
79
3
-73
196
156
80
4
-72
77
117
81
5
-71
188
158
82
6
-70
175
159
83
7
-69
46
103
84
8
-68
164
161
85
9
-67
32
97
86
10
-66
21
92
87
11
-65
158
161
88
12
-64
204
165
89
13
-63
194
166
90
14
-62
211
167
91
15
-61
179
168
92
16
-60
224
169
93
17
-59
217
170
94
18
-58
212
171
95
19
-57
211
172
96
20
-56
101
137
97
21
-55
200
174
98
22
-54
31
103
99
23
-53
211
176
100
24
-52
235
177
101
25
-51
203
178
102
26
-50
225
179
103
27
-49
170
175
104
28
-48
213
181
105
29
-47
242
182
106
30
-46
39
111
107
31
-45
242
184
108
32
-44
145
165
109
33
-43
247
186
110
34
-42
205
187
111
35
-41
154
171
112
36
-40
55
122
113
37
-39
140
165
114
38
-38
216
191
115
39
-37
156
174
116
40
-36
191
192
117
41
-35
236
194
118
42
-34
240
195
119
43
-33
106
151
120
44
-32
234
197
121
45
-31
50
124
122
46
-30
119
159
123
47
-29
128
164
124
48
-28
208
201
125
49
-27
219
202
126
50
-26
139
171
127
51
-25
182
193
128
52
-24
89
147
129
53
-23
258
206
130
54
-22
109
158
131
55
-21
144
176
132
56
-20
215
209
133
57
-19
166
188
134
58
-18
77
144
135
59
-17
70
141
136
60
-16
171
192
137
61
-15
246
214
138
62
-14
207
211
139
63
-13
263
216
140
64
-12
269
217
141
65
-11
112
165
142
66
-10
187
203
143
67
-9
238
220
144
68
-8
181
201
145
69
-7
166
194
146
70
-6
107
165
147
71
-5
154
189
148
72
-4
245
225
149
73
-3
284
226
150
74
-2
143
185
151
75
-1
