612
166
187
131
54
-23
-100
66
99
55
-22
-99
26
103
118
56
-21
-98
98
116
57
-20
-97
150
181
135
58
-19
-96
126
131
59
-18
-95
111
124
60
-17
-94
139
177
138
61
-16
-93
242
319
383
370
293
216
139
62
-15
-92
143
140
63
-14
-91
352
429
439
372
295
218
141
64
-13
-90
107
163
142
65
-12
-89
156
143
66
-11
-88
197
209
144
67
-10
-87
174
145
68
-9
-86
71
147
146
69
-8
-85
260
337
396
378
301
224
147
70
-7
-84
123
174
148
71
-6
-83
345
401
380
303
226
149
72
-5
-82
131
179
150
73
-4
-81
170
199
151
74
-3
-80
362
411
383
306
229
152
75
-2
-79
128
179
153
76
-1
-78
126
140
77
0
-77
183
155
78
1
-76
157
156
79
2
-75
80
3
-74
154
156
81
4
-73
139
149
82
5
-72
196
160
83
6
-71
48
125
143
84
7
-70
34
98
85
8
-69
104
172
163
86
9
-68
128
146
87
10
-67
81
123
88
11
-66
235
239
166
89
12
-65
71
119
90
13
-64
202
168
91
14
-63
210
228
169
92
15
-62
59
136
153
93
16
-61
210
171
94
17
-60
205
172
95
18
-59
180
173
96
19
-58
40
107
97
20
-57
390
467
475
406
329
252
175
98
21
-56
289
366
425
407
330
253
176
99
22
-55
40
117
147
100
23
-54
155
205
178
101
24
-53
184
220
179
102
25
-52
172
176
103
26
-51
95
138
104
27
-50
150
166
105
28
-49
229
183
106
29
-48
207
184
107
30
-47
316
393
443
416
339
262
185
108
31
-46
110
148
109
32
-45
74
151
169
110
33
-44
237
188
111
34
-43
219
189
112
35
-42
180
185
113
36
-41
413
456
422
345
268
191
114
37
-40
279
356
428
423
346
269
192
115
38
-39
415
458
424
347
270
193
116
39
-38
126
160
117
40
-37
142
207
195
118
41
-36
160
178
119
42
-35
93
145
120
43
-34
199
237
198
121
44
-33
232
199
122
45
-32
54
127
123
46
-31
194
236
201
124
47
-30
205
242
202
125
48
-29
383
447
434
357
280
203
126
49
-28
170
187
127
50
-27
258
205
128
51
-26
136
171
129
52
-25
296
373
444
438
361
284
207
130
53
-24
84
146
131
54
-23
162
224
209
132
55
-22
174
192
133
56
-21
150
219
211
134
57
-20
166
189
135
58
-19
125
169
136
59
-18
205
248
214
137
60
-17
230
261
215
138
61
-16
195
244
216
139
62
-15
166
230
217
140
63
-14
188
203
141
64
-13
226
219
142
65
-12
277
287
220
143
66
-11
493
511
452
375
298
221
144
67
-10
255
222
145
68
-9
155
189
146
69
-8
166
195
147
70
-7
150
226
225
148
71
-6
300
226
149
72
-5
417
476
458
381
304
227
150
73
-4
471
542
536
459
382
305
228
151
74
-3
487
512
460
383
306
229
152
75
-2
421
498
518
461
384
307
230
153
76
-1
