609
59
258
278
99
-100
-49
150
324
299
100
-99
147
323
300
101
-98
466
483
301
102
-97
239
370
302
103
-96
259
458
480
303
104
-95
233
368
304
105
-94
205
404
454
305
106
-93
187
346
306
107
-92
229
428
467
307
108
-91
557
507
308
109
-90
382
445
309
110
-89
578
643
509
310
111
-88
381
545
510
311
112
-87
570
640
511
312
113
-86
573
642
512
313
114
-85
183
348
314
115
-84
-33
166
340
315
116
-83
587
515
316
117
-82
430
473
317
118
-81
47
246
282
119
-80
634
518
319
120
-79
754
953
1134
1116
917
718
519
320
121
-78
206
363
321
122
-77
707
521
322
123
-76
645
683
522
323
124
-75
576
523
324
125
-74
617
670
524
325
126
-73
398
561
525
326
127
-72
610
526
327
128
-71
252
451
489
328
129
-70
385
556
528
329
130
-69
580
654
529
330
131
-68
596
530
331
132
-67
248
447
489
332
133
-66
909
1108
1218
1129
930
731
532
333
134
-65
193
363
334
135
-64
957
1156
1243
1131
932
733
534
335
136
-63
484
609
535
336
137
-62
332
434
337
138
-61
714
725
537
338
139
-60
284
411
339
140
-59
882
1081
1208
1136
937
738
539
340
141
-58
246
393
341
142
-57
691
541
342
143
-56
625
683
542
343
144
-55
737
543
344
145
-54
582
544
345
146
-53
160
359
452
346
147
-52
522
534
347
148
-51
621
547
348
149
-50
700
548
349
150
-49
572
660
549
350
151
-48
714
550
351
152
-47
746
748
551
352
153
-46
996
1172
1149
950
751
552
353
154
-45
556
553
354
155
-44
653
554
355
156
-43
314
513
534
356
157
-42
230
393
357
158
-41
1316
1434
1353
1154
955
756
557
358
159
-40
561
558
359
160
-39
1464
1355
1156
957
758
559
360
161
-38
491
625
560
361
162
-37
646
561
362
163
-36
877
1076
1217
1159
960
761
562
363
164
-35
449
506
364
165
-34
636
564
365
166
-33
564
664
565
366
167
-32
412
489
367
168
-31
156
355
461
368
169
-30
738
568
369
170
-29
890
1089
1227
1166
967
768
569
370
171
-28
687
570
371
172
-27
1046
1245
1306
1168
969
770
571
372
173
-26
397
584
572
373
174
-25
1467
1369
1170
971
772
573
374
175
-24
49
248
411
375
176
-23
648
711
575
376
177
-22
1049
1248
1310
1173
974
775
576
377
178
-21
1147
1260
1174
975
776
577
378
179
-20
1501
1537
1374
1175
976
777
578
379
180
-19
258
457
518
380
181
-18
581
680
580
381
182
-17
1083
1230
1178
979
780
581
382
183
-16
712
582
383
184
-15
751
583
384
185
-14
751
584
385
186
-13
301
443
386
187
-12
464
525
387
188
-11
702
744
587
388
189
-10
665
588
389
190
-9
660
589
390
191
-8
573
681
590
391
192
-7
438
614
591
392
193
-6
1391
1388
1189
990
791
592
393
194
-5
756
593
394
195
-4
447
620
594
395
196
-3
772
595
396
197
-2
200
398
397
198
-1
