528
1
199
230
63
-135
126
293
262
64
-134
263
65
-133
264
66
-132
265
67
-131
266
68
-130
267
69
-129
268
70
-128
269
71
-127
270
72
-126
271
73
-125
272
74
-124
273
75
-123
274
76
-122
275
77
-121
276
78
-120
277
79
-119
278
80
-118
279
81
-117
280
82
-116
281
83
-115
282
84
-114
283
85
-113
284
86
-112
285
87
-111
286
88
-110
287
89
-109
288
90
-108
289
91
-107
290
92
-106
291
93
-105
292
94
-104
293
95
-103
324
408
294
96
-102
463
478
295
97
-101
296
98
-100
297
99
-99
298
100
-98
299
101
-97
300
102
-96
301
103
-95
302
104
-94
303
105
-93
304
106
-92
305
107
-91
306
108
-90
307
109
-89
308
110
-88
309
111
-87
310
112
-86
311
113
-85
312
114
-84
313
115
-83
314
116
-82
315
117
-81
316
118
-80
317
119
-79
318
120
-78
319
121
-77
320
122
-76
321
123
-75
322
124
-74
323
125
-73
324
126
-72
-71
-70
-69
198
362
328
130
-68
261
394
329
131
-67
397
463
331
133
-65
132
330
331
134
-64
137
334
333
135
-63
132
330
332
136
-62
141
337
335
137
-61
132
330
333
138
-60
145
340
337
139
-59
132
330
334
140
-58
149
343
339
141
-57
132
330
335
142
-56
153
346
341
143
-55
132
330
336
144
-54
157
349
343
145
-53
132
330
337
146
-52
161
352
345
147
-51
132
330
338
148
-50
165
355
347
149
-49
132
330
339
150
-48
169
358
349
151
-47
132
330
340
152
-46
173
361
351
153
-45
132
330
341
154
-44
177
364
353
155
-43
132
330
342
156
-42
181
367
355
157
-41
132
330
343
158
-40
185
370
357
159
-39
132
330
344
160
-38
189
373
359
161
-37
132
330
345
162
-36
193
376
361
163
-35
132
330
346
164
-34
197
379
363
165
-33
132
330
347
166
-32
201
382
365
167
-31
132
330
348
168
-30
205
385
367
169
-29
132
330
349
170
-28
209
388
369
171
-27
132
330
350
172
-26
213
391
371
173
-25
132
330
351
174
-24
217
394
373
175
-23
132
330
352
176
-22
221
397
375
177
-21
132
330
353
178
-20
225
400
377
179
-19
132
330
354
180
-18
229
403
379
181
-17
132
330
355
182
-16
233
406
381
183
-15
132
330
356
184
-14
237
409
383
185
-13
132
330
357
186
-12
241
412
385
187
-11
132
330
358
188
-10
245
415
387
189
-9
132
330
359
190
-8
249
418
389
191
-7
132
330
360
192
-6
253
421
391
193
-5
592
590
392
194
-4
57
255
324
195
-3
