624
1
200
331
263
64
-135
128
327
395
264
65
-134
401
532
464
265
66
-133
465
266
67
-132
466
267
68
-131
467
268
69
-130
468
269
70
-129
469
270
71
-128
470
271
72
-127
471
272
73
-126
472
273
74
-125
473
274
75
-124
474
275
76
-123
475
276
77
-122
476
277
78
-121
477
278
79
-120
478
279
80
-119
479
280
81
-118
480
281
82
-117
481
282
83
-116
482
283
84
-115
483
284
85
-114
484
285
86
-113
485
286
87
-112
486
287
88
-111
487
288
89
-110
488
289
90
-109
489
290
91
-108
490
291
92
-107
491
292
93
-106
492
293
94
-105
493
294
95
-104
494
295
96
-103
495
296
97
-102
496
297
98
-101
497
298
99
-100
498
299
100
-99
499
300
101
-98
500
301
102
-97
501
302
103
-96
502
303
104
-95
503
304
105
-94
504
305
106
-93
505
306
107
-92
506
307
108
-91
507
308
109
-90
508
309
110
-89
509
310
111
-88
510
311
112
-87
511
312
113
-86
512
313
114
-85
513
314
115
-84
514
315
116
-83
515
316
117
-82
516
317
118
-81
517
318
119
-80
518
319
120
-79
519
320
121
-78
520
321
122
-77
521
322
123
-76
522
323
124
-75
523
324
125
-74
524
325
126
-73
525
326
127
-72
526
327
128
-71
327
427
328
129
-70
131
330
429
329
130
-69
197
363
330
131
-68
331
132
-67
332
133
-66
133
332
432
333
134
-65
-63
136
235
135
-64
334
434
335
136
-63
136
335
435
336
137
-62
-60
139
238
138
-61
337
437
338
139
-60
139
338
438
339
140
-59
-57
142
241
141
-58
340
440
341
142
-57
142
341
441
342
143
-56
-54
145
244
144
-55
343
443
344
145
-54
145
344
444
345
146
-53
-51
148
247
147
-52
346
446
347
148
-51
148
347
447
348
149
-50
-48
151
250
150
-49
349
449
350
151
-48
151
350
450
351
152
-47
-45
154
253
153
-46
352
452
353
154
-45
154
353
453
354
155
-44
-42
157
256
156
-43
355
455
356
157
-42
157
356
456
357
158
-41
-39
160
259
159
-40
358
458
359
160
-39
160
359
459
360
161
-38
-36
163
262
162
-37
361
461
362
163
-36
163
362
462
363
164
-35
-33
166
265
165
-34
364
464
365
166
-33
166
365
465
366
167
-32
-30
169
268
168
-31
367
467
368
169
-30
169
368
468
369
170
-29
-27
172
271
171
-28
370
470
371
172
-27
172
371
471
372
173
-26
-24
175
274
174
-25
373
473
374
175
-24
175
374
474
375
176
-23
-21
178
277
177
-22
376
476
377
178
-21
178
377
477
378
179
-20
-18
181
280
180
-19
379
479
380
181
-18
181
380
480
381
182
-17
-15
184
283
183
-16
382
482
383
184
-15
184
383
483
384
185
-14
-12
187
286
186
-13
385
485
386
187
-12
187
386
486
387
188
-11
-9
190
289
189
-10
388
488
389
190
-9
190
389
489
390
191
-8
-6
193
292
192
-7
391
491
392
193
-6
193
392
492
393
194
-5
-3
196
295
195
-4
394
494
395
196
-3
