1545
91
80
68
56
44
32
20
8
-4
-16
-28
-40
-52
-64
-76
-88
-100
-6
-15
-27
-39
-51
-63
-75
-87
-99
93
82
70
58
46
34
22
10
-2
-14
-26
-38
-50
-62
-74
-86
-98
59
47
35
23
11
-1
-13
-25
-37
-49
-61
-73
-85
-97
95
84
72
60
48
36
24
12
0
-12
-24
-36
-48
-60
-72
-84
-96
61
49
37
25
13
1
-11
-23
-35
-47
-59
-71
-83
-95
97
86
74
62
50
38
26
14
2
-10
-22
-34
-46
-58
-70
-82
-94
63
51
39
27
15
3
-9
-21
-33
-45
-57
-69
-81
-93
99
88
76
64
52
40
28
16
4
-8
-20
-32
-44
-56
-68
-80
-92
65
53
41
29
17
5
-7
-19
-31
-43
-55
-67
-79
-91
101
90
78
66
54
42
30
18
6
-6
-18
-30
-42
-54
-66
-78
-90
67
55
43
31
19
7
-5
-17
-29
-41
-53
-65
-77
-89
103
92
80
68
56
44
32
20
8
-4
-16
-28
-40
-52
-64
-76
-88
69
57
45
33
21
9
-3
-15
-27
-39
-51
-63
-75
-87
105
94
82
70
58
46
34
22
10
-2
-14
-26
-38
-50
-62
-74
-86
71
59
47
35
23
11
-1
-13
-25
-37
-49
-61
-73
-85
107
96
84
72
60
48
36
24
12
0
-12
-24
-36
-48
-60
-72
-84
73
61
49
37
25
13
1
-11
-23
-35
-47
-59
-71
-83
109
98
86
74
62
50
38
26
14
2
-10
-22
-34
-46
-58
-70
-82
75
63
51
39
27
15
3
-9
-21
-33
-45
-57
-69
-81
111
100
88
76
64
52
40
28
16
4
-8
-20
-32
-44
-56
-68
-80
77
65
53
41
29
17
5
-7
-19
-31
-43
-55
-67
-79
113
102
90
78
66
54
42
30
18
6
-6
-18
-30
-42
-54
-66
-78
79
67
55
43
31
19
7
-5
-17
-29
-41
-53
-65
-77
115
104
92
80
68
56
44
32
20
8
-4
-16
-28
-40
-52
-64
-76
81
69
57
45
33
21
9
-3
-15
-27
-39
-51
-63
-75
117
106
94
82
70
58
46
34
22
10
-2
-14
-26
-38
-50
-62
-74
83
71
59
47
35
23
11
-1
-13
-25
-37
-49
-61
-73
119
108
96
84
72
60
48
36
24
12
0
-12
-24
-36
-48
-60
-72
85
73
61
49
37
25
13
1
-11
-23
-35
-47
-59
-71
121
110
98
86
74
62
50
38
26
14
2
-10
-22
-34
-46
-58
-70
87
75
63
51
39
27
15
3
-9
-21
-33
-45
-57
-69
123
112
100
88
76
64
52
40
28
16
4
-8
-20
-32
-44
-56
-68
89
77
65
53
41
29
17
5
-7
-19
-31
-43
-55
-67
125
114
102
90
78
66
54
42
30
18
6
-6
-18
-30
-42
-54
-66
91
79
67
55
43
31
19
7
-5
-17
-29
-41
-53
-65
127
116
104
92
80
68
56
44
32
20
8
-4
-16
-28
-40
-52
-64
93
81
69
57
45
33
21
9
-3
-15
-27
-39
-51
-63
129
118
106
94
82
70
58
46
34
22
10
-2
-14
-26
-38
-50
-62
95
83
71
59
47
35
23
11
-1
-13
-25
-37
-49
-61
131
120
108
96
84
72
60
48
36
24
12
0
-12
-24
-36
-48
-60
97
85
73
61
49
37
25
13
1
-11
-23
-35
-47
-59
133
122
110
98
86
74
62
50
38
26
14
2
-10
-22
-34
-46
-58
99
87
75
63
51
39
27
15
3
-9
-21
-33
-45
-57
135
124
112
100
88
76
64
52
40
28
16
4
-8
-20
-32
-44
-56
101
89
77
65
53
41
29
17
5
-7
-19
-31
-43
-55
137
126
114
102
90
78
66
54
42
30
18
6
-6
-18
-30
-42
-54
103
91
79
67
55
43
31
19
7
-5
-17
-29
-41
-53
139
128
116
104
92
80
68
56
44
32
20
8
-4
-16
-28
-40
-52
105
93
81
69
57
45
33
21
9
-3
-15
-27
-39
-51
141
130
118
106
94
82
70
58
46
34
22
10
-2
-14
-26
-38
-50
107
95
83
71
59
47
35
23
11
-1
-13
-25
-37
-49
143
132
120
108
96
84
72
60
48
36
24
12
0
-12
-24
-36
-48
109
97
85
73
61
49
37
25
13
1
-11
-23
-35
-47
145
134
122
110
98
86
74
62
50
38
26
14
2
-10
-22
-34
-46
111
99
87
75
63
51
39
27
15
3
-9
-21
-33
-45
147
136
124
112
100
88
76
64
52
40
28
16
4
-8
-20
-32
-44
113
101
89
77
65
53
41
29
17
5
-7
-19
-31
-43
149
138
126
114
102
90
78
66
54
42
30
18
6
-6
-18
-30
-42
115
103
91
79
67
55
43
31
19
7
-5
-17
-29
-41
151
140
128
116
104
92
80
68
56
44
32
20
8
-4
-16
-28
-40
117
105
93
81
69
57
45
33
21
9
-3
-15
-27
-39
153
142
130
118
106
94
82
70
58
46
34
22
10
-2
-14
-26
-38
119
107
95
83
71
59
47
35
23
11
-1
-13
-25
-37
155
144
132
120
108
96
84
72
60
48
36
24
12
0
-12
-24
-36
121
109
97
85
73
61
49
37
25
13
1
-11
-23
-35
157
146
134
122
110
98
86
74
62
50
38
26
14
2
-10
-22
-34
123
111
99
87
75
63
51
39
27
15
3
-9
-21
-33
159
148
136
124
112
100
88
76
64
52
40
28
16
4
-8
-20
-32
125
113
101
89
77
65
53
41
29
17
5
-7
-19
-31
161
150
138
126
114
102
90
78
66
54
42
30
18
6
-6
-18
-30
127
115
103
91
79
67
55
43
31
19
7
-5
-17
-29
163
152
140
128
116
104
92
80
68
56
44
32
20
8
-4
-16
-28
129
117
105
93
81
69
57
45
33
21
9
-3
-15
-27
165
154
142
130
118
106
94
82
70
58
46
34
22
10
-2
-14
-26
131
119
107
95
83
71
59
47
35
23
11
-1
-13
-25
167
156
144
132
120
108
96
84
72
60
48
36
24
12
0
-12
-24
133
121
109
97
85
73
61
49
37
25
13
1
-11
-23
169
158
146
134
122
110
98
86
74
62
50
38
26
14
2
-10
-22
135
123
111
99
87
75
63
51
39
27
15
3
-9
-21
171
160
148
136
124
112
100
88
76
64
52
40
28
16
4
-8
-20
137
125
113
101
89
77
65
53
41
29
17
5
-7
-19
173
162
150
138
126
114
102
90
78
66
54
42
30
18
6
-6
-18
139
127
115
103
91
79
67
55
43
31
19
7
-5
-17
175
164
152
140
128
116
104
92
80
68
56
44
32
20
8
-4
-16
141
129
117
105
93
81
69
57
45
33
21
9
-3
-15
177
166
154
142
130
118
106
94
82
70
58
46
34
22
10
-2
-14
143
131
119
107
95
83
71
59
47
35
23
11
-1
-13
179
168
156
144
132
120
108
96
84
72
60
48
36
24
12
0
-12
145
133
121
109
97
85
73
61
49
37
25
13
1
-11
181
170
158
146
134
122
110
98
86
74
62
50
38
26
14
2
-10
147
135
123
111
99
87
75
63
51
39
27
15
3
-9
183
172
160
148
136
124
112
100
88
76
64
52
40
28
16
4
-8
149
137
125
113
101
89
77
65
53
41
29
17
5
-7
185
174
162
150
138
126
114
102
90
78
66
54
42
30
18
6
-6
151
139
127
115
103
91
79
67
55
43
31
19
7
-5
187
176
164
152
140
128
116
104
92
80
68
56
44
32
20
8
-4
153
141
129
117
105
93
81
69
57
45
33
21
9
-3
189
178
166
154
142
130
118
106
94
82
70
58
46
34
22
10
-2
155
143
131
119
107
95
83
71
59
47
35
23
11
-1
