7000 4000
82 4491 4739 6285 4476 3685 5092 5502 2909 4711 3140 3130 5856 4668 4837 3934 6574 2962 3057 141 4977 1860 3411 114 4447 327 3947 2481 2139 3307 391 1701 3065 6350 3718 5572 433 5453 3089 3692 1763 4872 2585 6968 303 2976 4822 5352 607 3812 1923 1983 80 3161 4417 2033 2136 5135 4091 239 6208 163 1525 5372 1 5418 3348 4871 3871 6283 1506 4614 679 1560 2424 1619 3245 6089 6542 2965 4756 6570 5939
100 2564 2999 103 6713 6281 5332 5423 6574 6297 3078 4598 3242 113 39 203 5661 5562 4527 6176 4424 3230 1570 1132 1317 4901 467 1114 1964 1731 2976 6858 2049 4343 1646 3234 3031 711 2618 2675 4490 1584 1075 5626 5347 433 2737 5356 1726 3370 1473 1738 1188 405 715 2297 2573 4514 784 6934 6170 1787 2473 1311 3838 6608 6118 2391 6594 2137 6053 5349 6841 5008 1961 5883 1502 994 2779 1078 5632 436 600 6907 1395 1732 431 6095 5895 1933 4205 2500 6884 509 5693 4539 5777 4953 6218 5824 783
100 292 2287 836 5478 2147 503 2883 1510 3044 6348 1814 5442 5631 5619 5979 6223 5408 2976 3391 209 2601 1810 6298 1849 2220 5866 387 2989 4203 1862 1566 1711 4090 4557 4395 4134 3589 3905 1145 1596 3442 16 4768 5995 245 6745 5603 5883 3358 2598 433 4580 4676 2366 288 1861 2447 3334 1833 6950 3093 4136 3853 1391 6290 1899 6712 4862 4423 2853 4897 4283 6500 5921 2933 6813 3295 5540 3054 242 4796 3389 1260 5759 4072 3732 2499 492 1138 2637 3941 277 3183 317 254 2448 5845 3537 3159 535
100 5571 6172 2667 2738 6772 5885 1974 433 3828 196 3661 266 4770 5221 50 4014 541 2933 2238 3601 3546 6313 4586 2146 5184 1764 6461 1480 17 5634 5340 4202 1232 5044 2263 5041 6540 2696 5219 4534 1253 4863 3758 3328 2819 662 6972 6822 3636 2423 6384 5769 544 5875 6190 232 4718 4149 300 5877 2478 3009 1242 4089 1111 2463 4533 6914 4798 4793 4972 4484 6694 1085 5938 3288 5883 478 3127 2091 2659 6887 2226 3220 2095 3040 3171 5630 3518 6232 1141 4799 4192 2630 4453 6848 5623 2731 4610 5166
100 1198 5260 2890 5582 3347 800 5126 628 2617 2968 3505 3369 1219 6612 92 5511 2798 3963 6079 1376 3508 2327 3187 2365 4397 637 3633 3437 5676 618 3566 4744 5797 4709 6837 6224 5860 1072 1727 1421 6160 1105 3390 1900 6866 2958 5029 1373 5173 5337 1960 1545 2756 895 2866 555 3420 2283 5883 6157 2089 4381 356 3785 5234 626 804 3339 1921 5093 6751 496 4707 2207 2933 5185 4574 259 3472 6330 6354 1285 2021 6509 6172 416 1449 2093 2245 4332 6057 5611 4884 2402 1259 2006 3023 2361 3683 4696
30 992 616 1873 4592 2262 2231 5211 6398 1448 6591 6717 2933 891 6172 6242 680 902 1147 1063 2468 3658 2798 6741 6365 655 6852 5167 3431 1256 5436
100 3085 5284 3964 4080 3067 6598 1160 5778 5657 4760 819 6888 4353 2214 4440 1462 2798 5628 2483 2773 5733 1864 930 5688 2562 6383 2633 6491 1100 4378 6495 5466 2725 5285 3864 4544 3260 3794 5264 2922 4905 5526 670 5506 4314 5836 6163 3981 6605 2961 374 4340 47 5736 6974 3737 1250 4294 5171 2472 5275 4076 6226 5890 4095 698 3182 2468 395 6286 3592 2281 6998 6933 2548 1653 1801 2316 3874 6172 49 2586 6417 2141 6416 6430 1120 1515 1113 3578 1531 2000 250 5968 2064 6893 5483 2846 6661 4142
100 5296 1182 4116 2939 2900 2313 2135 4291 3479 4689 173 3765 3402 6976 979 1283 4543 2468 4260 6473 2994 4374 4986 4118 283 5392 5224 5839 1907 767 6905 598 4320 4891 1649 684 5537 336 3580 1172 5653 6131 1716 6650 5593 5004 1669 3494 129 5515 6039 3593 3041 1428 3418 835 3951 4466 2072 312 187 1887 6973 4294 2924 6494 6356 6966 765 3648 2211 6437 3123 1972 1024 1959 745 344 4638 1181 3763 1070 1969 2956 6763 4945 6844 4021 1782 2798 2421 6802 3555 6369 3046 3263 1467 5318 3712 5082
100 3950 2254 136 6940 170 6604 1898 3264 5840 4761 6070 872 6048 1745 1792 1953 3119 6993 500 4847 2642 6860 3594 1559 6111 6547 6544 5461 5708 21 1246 5793 5279 5743 2532 6724 5365 5348 4791 440 4658 4727 4420 3071 4055 1663 5256 1065 2007 3675 2575 5969 2183 6872 2679 6687 175 6131 2673 588 6078 4654 6399 6003 5548 2106 31 3274 6145 4294 2453 3784 2544 2143 2814 6994 4834 1605 1991 3989 2468 4622 5022 3620 1664 6381 4282 1509 331 1556 4277 4741 6536 5837 6340 6504 2111 2241 2096 320
35 3268 6318 5076 2465 6124 5854 2090 1766 6431 2007 4085 1371 4302 437 3064 298 4294 68 4804 3503 2322 845 1235 5905 3570 5186 5660 6131 4743 2828 6760 36 1041 3394 6324
100 4578 6853 5847 6480 6401 4271 3143 1837 126 4097 6188 4231 2244 1941 6655 4949 3738 2509 3639 2258 5971 3613 159 845 1527 1692 5981 2353 2934 6072 1507 4898 4281 5100 2724 2007 144 3246 4919 1640 4780 3980 1821 858 6851 2498 971 5756 5943 5333 824 970 1879 5140 4683 2523 4815 3150 6269 428 2881 3074 3565 5855 4299 4575 3813 4182 6619 2077 6798 6487 6158 2409 6839 1532 534 3987 1320 1704 483 1735 6622 2713 1153 2693 6058 1547 5568 3757 5214 4738 5668 4551 4390 5163 491 6131 2918 3483
100 5912 3034 5576 4966 6158 2849 4772 5371 948 3232 3323 3606 3421 3700 6151 2608 529 5102 1313 5609 6645 675 6847 1196 5820 2151 4364 1226 2132 6777 2007 1581 6469 1780 1062 6033 1419 770 1456 4011 1585 3728 6009 5738 1986 569 6535 6210 3616 726 6541 3967 693 5103 37 4339 560 3760 3516 1815 6435 137 1378 1747 4704 4726 4845 812 2182 2439 157 4016 1571 6310 845 6609 3945 6351 1162 4148 1626 1841 1347 4858 5871 360 429 1056 3112 3819 3103 967 3138 4930 1212 368 4706 3377 3481 1278
100 2349 1534 6082 4266 4582 2080 5065 1468 5119 605 2094 4354 5438 1193 322 999 6916 351 5841 5069 6578 2401 4922 6669 4817 635 1355 3831 773 2661 326 2556 315 2652 3520 3588 4427 231 1130 1150 3095 6158 6680 66 5253 60 2364 1760 3060 2138 6207 3318 908 2656 3858 1769 4186 6649 3443 3723 2603 1247 5206 3401 5165 1496 5019 593 6253 4944 3731 5124 2848 3134 5072 6 6059 2945 4627 502 4425 631 4885 5458 307 845 3428 5342 710 1163 5028 1847 1807 4928 2950 6391 4960 2770 5994 6009
21 5669 6158 4981 905 4285 6671 696 2880 3428 3129 4660 1788 981 4983 6009 6676 2418 4004 1586 3925 2911
9 3428 1788 3824 1091 2304 2815 5703 6009 6864
52 3469 3191 5929 5940 158 3536 2179 3188 466 1775 1143 1191 3056 131 6969 5788 1409 6702 3346 2576 3517 2624 5852 6452 5813 2721 2269 3609 3952 4907 6393 587 2288 2977 3452 1241 465 2815 6505 2404 5587 1852 5409 4015 6051 2175 3428 6602 5903 559 4261 1788
100 6142 1002 6759 2100 6804 4499 1394 904 4848 2784 3114 5606 2431 5826 5110 2358 940 2815 5687 4256 4841 6479 683 3015 2346 4874 6635 77 1234 3216 5684 3267 2765 1869 3873 6579 5704 253 177 6937 3553 6507 6904 4268 6624 5933 1512 1323 5104 1291 1928 3086 2702 4465 133 146 4405 3590 1962 3056 6257 5567 5897 5599 5248 4808 3496 2827 709 2237 3320 399 4352 5574 3775 6715 3968 4305 3823 1477 3233 3101 5023 5710 1597 152 2515 5648 4997 3152 6970 6689 6909 3903 573 6035 5150 2889 1788 4183
100 2222 3656 200 6693 866 3649 476 3978 3296 3835 6898 2008 5084 5594 6640 4875 4920 6032 5610 3557 3475 6423 5823 1416 6758 5323 5878 5935 2342 6814 2488 4506 6673 6770 121 4235 2822 5768 4773 4827 3550 424 1644 5488 3454 3258 2815 3726 5911 5334 1477 181 865 29 5514 2471 3118 1675 2722 5750 730 4071 3892 5262 1826 4651 4434 2917 4963 1430 923 6808 3749 3056 2014 1335 5664 87 363 6149 222 3705 3345 6462 4279 4948 757 6657 5152 218 2124 6788 4325 5154 1052 6823 2831 4724 2403 2695
100 1818 1271 6588 5249 1430 3779 4161 2671 838 1158 1459 1804 5910 798 4636 5517 6829 6672 1339 1721 263 4237 2323 494 6755 738 609 3056 4209 5281 634 473 3629 1327 5751 3701 2295 1144 5566 714 4345 2326 4861 926 78 1638 1444 4238 1858 1236 1045 4830 5310 449 2051 4816 1491 3212 2445 3830 1757 703 3885 3932 3460 6582 3527 1389 1537 2908 5579 442 1095 1870 6923 944 983 5872 4591 309 5158 5948 71 1868 1637 4957 3324 2240 4675 3309 446 3484 6530 6177 1248 3940 6175 3194 1477 6623
26 3099 2240 3287 6910 1430 5107 447 1874 4612 4670 4532 6885 5583 3039 1517 2745 1954 2484 2604 6295 111 456 3360 5873 1477 3414
32 3148 6227 2129 3413 1876 5487 1840 4717 2534 105 2240 4501 2963 5330 6377 5916 6133 3400 2930 3052 1329 5625 1430 3531 456 6981 6238 1996 5376 4896 392 4196
100 3803 5045 590 632 2052 5370 2697 900 456 558 960 462 6112 2250 4120 6525 6545 1385 445 289 3217 1422 4308 6248 2240 1796 6007 3598 6769 5336 1216 6850 3877 3986 2644 3186 4108 1564 4923 3303 3834 854 3564 1249 4272 837 4908 2904 4776 2176 3956 6627 4628 6424 5678 6728 4064 1016 648 6465 2920 6475 4048 1203 2235 6701 1006 6363 5462 1610 5197 1400 577 642 511 5040 425 2704 2239 1089 7 3637 3523 2152 3509 435 1639 1194 117 3854 830 5633 6277 1935 6981 353 6403 6294 1521 1325
100 1657 2184 3663 3425 2078 5728 1955 3670 94 2292 2916 192 2746 3027 4392 4212 3404 3104 2185 1012 4252 6981 4731 6288 4818 3911 4664 6728 2946 2348 1965 4524 20 585 2011 4748 456 4061 5818 3895 3542 6692 2354 3289 1481 3821 5651 1175 4178 1897 3262 2062 2580 4547 811 3534 3322 1429 671 1894 1555 6150 193 4246 444 4029 3037 1380 4441 839 2841 3133 1399 5770 4590 3051 5555 3866 6565 3744 1746 6132 6607 6042 5128 4351 2892 1284 56 3504 5952 4159 6519 3 199 6586 5290 6237 1469 3231
86 6981 43 3876 1424 2872 5961 1676 599 5315 4831 732 4594 1707 2427 1207 5896 1520 1180 166 4472 645 4967 4024 3762 1039 2321 3650 3157 1128 1345 3266 3362 169 3256 5046 6728 772 5313 2723 2612 1522 3802 5078 4199 6709 2188 5923 4113 341 3909 6326 310 2422 2026 4338 1033 615 2191 6776 6773 2062 3625 3910 6560 4750 3250 282 1598 4086 3827 57 5683 1717 2208 165 3913 1635 794 1697 6420 1154 3062 3842 1705 202 5153
84 3470 1886 5807 1251 3136 5378 3889 487 2065 1022 3013 6728 4973 6836 5815 6583 2016 3395 5601 6114 5789 3707 1442 2062 2777 6493 6258 2778 700 3747 4982 3308 5026 5539 5317 2677 3706 1040 3770 2383 3762 1980 5474 2584 230 5117 417 2061 6418 2662 5819 4216 6320 6115 3185 1903 3115 2764 2803 5432 3869 86 3179 6219 3297 366 6467 5650 6334 4368 4766 3698 5505 1392 5907 3529 355 6389 6063 2411 3881 3019 2625 724
7 4510 2022 366 3459 3762 4520 2062
100 2372 2360 523 1759 2959 2743 4733 4771 5834 402 4976 867 426 1121 4398 1254 2670 4886 1223 6352 5122 257 2613 1404 3762 1599 2524 1999 840 2171 2233 3468 6630 3865 1195 3036 5503 5752 1889 6359 4223 5183 6988 5403 4600 5283 2577 4207 1523 4562 5359 1866 4646 6429 2187 4900 3816 1224 1425 6721 1539 4701 3408 802 2482 1015 5430 1080 2193 4414 69 401 3844 5792 1074 5861 261 583 1773 6276 2290 1287 5081 3660 2337 5888 6601 973 5420 1109 5179 366 6422 4102 247 6451 3459 1028 597 2109
56 2569 1790 225 1749 4173 3471 5217 563 2771 1736 2343 1604 5085 792 6470 2434 6407 5821 1501 2694 6485 5672 624 6513 2530 4287 3459 4562 4056 6551 3446 4208 6376 2464 5024 1642 366 1684 543 3671 3237 4001 2760 3302 4542 6291 5993 3982 5422 2545 2634 316 4779 4229 2686 4474
9 4562 4990 316 5196 1937 6857 6235 6110 3459
66 3666 6663 4458 1937 4562 1069 1660 419 4665 786 1047 5374 3572 4703 5230 2807 3461 2428 1151 2293 1486 4752 6767 1946 5339 6382 5937 2031 4548 3906 2851 781 2636 3792 1618 2247 2084 831 6385 3205 6876 4448 3993 3417 6641 316 3294 5915 6167 3717 4681 101 2368 15 3229 4146 4579 2068 5805 3178 4846 4840 4710 5446 6199 5530
73 5201 5701 3097 3768 3586 1867 4431 5297 2616 41 6548 4012 5464 3741 5717 6856 762 3010 205 4309 1177 5765 1361 1414 5451 5730 3991 6827 4254 1937 1831 3238 889 1690 3611 6546 5143 2279 6396 238 4992 3045 1341 5312 4537 2309 4615 6243 5031 661 4840 3804 6233 2040 6873 1202 4197 860 3073 5033 2050 4485 3449 457 4576 918 316 4608 5908 6228 3298 2681 5136
100 2772 454 4697 2251 6563 2531 1238 4026 5236 4713 6046 3734 5550 2897 1607 2429 2167 3918 5867 4722 578 4555 5707 4513 4227 6737 816 3107 2572 5504 5449 1123 3513 2388 2879 1877 6411 1348 6264 273 2330 349 3038 2587 1565 5471 1851 4094 6572 403 244 4480 2739 1266 4069 2582 5765 1632 1677 1553 5489 1148 5484 2329 5338 4408 5477 3643 4497 2926 2759 1937 6097 451 3600 1178 6654 3018 5893 236 6245 2036 2964 161 3942 1511 4840 3976 1474 6144 1771 1681 164 1217 5516 2566 345 4635 4019 2071
100 2099 4406 1281 6927 2318 2255 6688 2648 6474 2811 5989 6549 686 4225 5677 378 2200 4079 1838 5765 4217 4060 123 1627 1917 1031 4180 2715 6511 3251 2782 2018 6038 3581 5986 2232 3407 2571 957 3301 5269 6861 5509 4735 6632 5800 1848 4656 3628 5984 5755 6287 2664 2526 885 2490 6929 3772 4644 215 2832 6041 83 5366 1489 2381 2857 5500 5380 1540 3141 6523 6144 6796 1588 1529 5817 3325 370 3888 2785 4189 4840 2257 3679 2655 6378 6989 3125 2592 5723 5570 4104 1691 1417 6999 1454 2201 3624 265
100 3344 1435 1859 6538 6697 3754 5765 5891 1761 2046 5018 264 2194 4859 720 6144 744 65 3126 1700 2506 1621 2528 620 3050 2836 4632 2700 1768 4605 1265 1742 962 1530 379 6625 3330 3439 5130 1911 1289 5087 3543 2895 6754 4121 2966 6919 2852 5149 206 302 996 5361 5557 2758 5237 4854 3560 638 3206 2992 3332 4130 2210 6633 3714 2949 325 6304 595 667 4112 2953 4550 3410 5600 6447 188 2799 3678 3603 6404 876 504 2978 3822 5007 4037 537 1420 5640 768 204 1611 1616 2591 6153 6756 3581
100 2915 6156 484 5300 4059 3353 678 4680 5411 743 4174 834 6130 5934 1294 5390 408 3581 3979 3383 5658 1030 2988 6979 2261 6880 443 4185 268 1679 584 2703 6034 6144 5192 5180 189 1134 6912 6897 2955 6812 2859 2995 3300 4595 2252 6877 6221 1233 477 1589 4736 1751 4926 2056 581 4755 6616 3841 5125 4605 1255 6784 2416 733 376 2826 623 274 5727 3436 2172 5699 5842 6134 6906 562 6138 6088 5364 3739 6029 3668 1500 3235 1261 4111 759 6314 929 1239 1623 6801 4115 640 2115 5131 722 4895
54 4716 1613 1438 6828 6234 2286 3581 6311 5112 5006 4137 1981 3365 4605 357 1165 3146 1710 1551 3100 5543 1578 3173 1321 295 3227 4126 801 293 3833 423 4584 4864 3499 4010 4941 4714 1956 1318 1685 3713 3388 2256 5699 3635 3197 1257 1625 2266 1720 4659 2763 3715 6891
100 5288 3489 5541 2519 5729 4432 3791 1562 4599 3970 2639 2610 4883 1594 5139 2751 4317 2476 746 5381 4255 6765 2110 3689 4742 4650 287 5850 6753 6308 4422 2638 3380 1914 2732 2055 2869 4062 5497 6372 4850 2032 2680 2357 2557 5904 6679 4300 5811 6614 3025 619 3719 3463 5767 4528 369 659 2045 5827 2331 286 5857 6735 2578 5575 9 427 6065 1583 1667 3972 2539 4605 2102 6355 1647 1372 4222 5624 128 2632 903 1057 2969 5699 6225 5714 1485 3569 6985 5720 6214 5965 4962 1487 1956 5064 3304 1437
32 2456 4127 4721 5373 5288 2414 2386 5960 4643 5427 3721 6085 1312 2158 2324 3164 2259 945 6037 3492 4416 3984 1956 3883 4265 5034 4511 6126 5699 5881 5291 3003
100 6886 3319 6171 6984 6667 3079 3883 5936 4319 3544 5098 499 4444 5176 5218 5988 621 1783 5399 6181 6302 6678 1439 6303 3201 3793 3497 6644 3597 6499 2382 1504 3121 4589 5394 5077 6954 883 6099 1446 1450 697 4450 3674 6647 4994 6165 4969 6054 4478 2602 622 603 1712 4124 2218 418 6868 4373 1752 927 191 2087 3817 5495 3006 3607 6706 907 1573 2140 6270 5288 5510 704 4114 2553 4873 1213 934 6983 1384 2843 4991 3801 725 5067 963 4210 5273 3048 6096 3618 6557 1956 1240 4723 2289 561 4438
64 2047 2768 5946 2253 4257 1643 5133 2460 4349 3175 2991 2461 2430 470 6371 1282 3604 6074 2039 3897 753 771 513 1949 4438 5097 4507 6819 5922 3002 5799 6660 3515 216 6516 3916 5346 6002 1836 5884 4481 2459 6965 5203 3280 4218 3883 3061 5773 5288 5637 2651 2169 5659 4075 6358 4604 2278 63 1124 2328 1173 6402 2156
67 3265 949 5670 3575 870 3210 3780 2405 4690 6534 5375 3218 2462 6824 4695 788 4844 4620 5592 6699 3883 294 5709 3687 4083 5830 3168 5467 2035 5635 2943 2921 6360 1724 2379 280 156 365 210 237 6809 2133 4248 5749 2025 471 4224 2225 2154 3690 4438 1472 3894 2436 23 2433 5405 5799 1568 6331 2009 750 651 547 721 2960 2192
75 1494 1280 2367 5056 1445 6249 4857 526 2802 6562 371 882 2310 6049 4931 3673 6840 3805 5689 1620 252 2712 512 4106 4438 6958 1135 6162 5157 572 2818 596 3176 4974 2104 857 657 6580 3081 6392 235 5889 5075 664 2893 1719 955 763 1396 3424 899 4109 2954 3168 5554 2547 2492 5303 5853 3032 5656 1447 5799 6128 1363 6733 1895 6559 933 1563 2280 6159 5690 329 1286
11 4916 6463 5786 1661 6559 2265 3172 4693 5585 5799 3168
4 4164 3168 6559 1661
4 6559 1661 2842 4164
4 2842 4164 3284 1661
4 4164 3284 2842 2840
4 2842 3284 2840 1139
4 2840 1139 2317 3284
4 1139 2317 2840 5629
4 6785 2317 1139 5629
4 5629 6785 2317 4394
4 276 6785 5629 4394
4 6785 276 6878 4394
4 4394 6878 276 1027
4 4655 1027 276 6878
4 6878 4655 5120 1027
4 4655 1027 5120 936
4 4655 5120 545 936
4 545 5074 5120 936
4 6892 936 5074 545
4 6892 545 4460 5074
4 6892 4460 5074 6168
4 6892 1493 4460 6168
4 1493 4460 4995 6168
4 6168 4995 6202 1493
4 4509 4995 6202 1493
4 4509 5616 6202 4995
4 5616 4509 2683 6202
4 4328 4509 2683 5616
4 5616 6902 4328 2683
4 2683 6902 4328 5926
4 5926 4328 6902 6432
4 6902 5926 290 6432
4 6432 290 4786 5926
4 290 4786 6432 1301
4 4786 3008 1301 290
4 3008 5406 4786 1301
4 1301 3008 5406 4304
4 2395 4304 3008 5406
4 2395 5406 4304 6440
4 4304 2395 6440 2432
4 6440 5584 2432 2395
4 5584 2432 6440 2665
4 1544 2432 2665 5584
4 1003 5584 1544 2665
4 1003 6306 1544 2665
4 1544 3066 6306 1003
4 1003 6306 3066 886
4 886 6306 3066 1137
4 4929 1137 886 3066
4 4929 6161 1137 886
4 1137 6161 4929 4515
4 6161 5388 4515 4929
4 6161 1353 5388 4515
4 1353 5388 4797 4515
4 1353 5388 4797 6247
4 4797 1353 2974 6247
4 953 2974 6247 4797
4 6247 1277 2974 953
4 1277 6427 953 2974
4 1277 2948 6427 953
4 6427 1277 2948 5561
4 2948 6427 99 5561
4 5561 2948 791 99
4 5561 99 5519 791
4 5519 99 791 1645
4 1645 791 5519 3356
4 3356 4523 1645 5519
4 1786 4523 3356 1645
4 5052 3356 1786 4523
4 4523 1786 5090 5052
4 5090 1786 5052 2658
4 2658 5052 5090 6862
4 486 5090 6862 2658
4 486 6636 2658 6862
4 6636 1740 6862 486
4 5499 486 6636 1740
4 6636 1740 6357 5499
4 761 1740 6357 5499
4 761 6357 132 5499
4 761 459 132 6357
4 761 132 459 2847
4 3247 132 459 2847
4 2847 459 1557 3247
4 1557 3247 2847 5667
4 3247 1557 5667 3084
4 5667 6936 1557 3084
4 5667 6936 1365 3084
4 3084 1365 3219 6936
4 3740 6936 1365 3219
4 1365 3740 3219 4298
4 3219 5055 3740 4298
4 4298 5055 4765 3740
4 4298 890 5055 4765
4 4765 406 890 5055
4 6251 890 4765 406
4 890 406 1210 6251
4 6743 6251 1210 406
4 6251 6743 1210 5978
4 1210 898 5978 6743
4 6743 898 5978 2294
4 898 3485 2294 5978
4 898 2294 1832 3485
4 3485 6553 2294 1832
4 2728 1832 3485 6553
4 2728 1832 4529 6553
4 2728 6553 4529 6686
4 4529 5950 2728 6686
4 4529 6575 6686 5950
4 5950 4190 6686 6575
4 4190 4553 5950 6575
4 4553 4190 6575 4971
4 5175 4971 4553 4190
4 4971 5175 2030 4553
4 2030 4971 5175 1741
4 2030 1741 2082 5175
4 2030 1789 2082 1741
4 2082 1789 1741 1992
4 1789 2274 2082 1992
4 2274 1789 1992 4487
4 2274 1992 4487 3753
4 3105 4487 2274 3753
4 4487 6807 3105 3753
4 3105 5864 3753 6807
4 3105 6807 5864 2160
4 6807 2243 5864 2160
4 2160 2243 5864 4911
4 2243 5207 2160 4911
4 2243 5207 306 4911
4 4911 4826 306 5207
4 4826 306 468 5207
4 4606 306 468 4826
4 468 4606 404 4826
4 4606 142 468 404
4 142 4648 4606 404
4 4648 142 1968 404
4 4648 820 1968 142
4 1968 820 314 4648
4 1968 820 3954 314
4 820 6265 314 3954
4 3954 3011 6265 314
4 3011 6265 1542 3954
4 3011 1542 859 6265
4 3011 2164 1542 859
4 2164 89 1542 859
4 859 89 4233 2164
4 4233 89 2733 2164
4 4233 4276 89 2733
4 2733 4233 488 4276
4 488 2487 4276 2733
4 488 6600 2487 4276
4 3102 488 6600 2487
4 2168 6600 2487 3102
4 6600 3102 1976 2168
4 1333 3102 2168 1976
4 1333 1976 1793 2168
4 1976 1793 1333 4852
4 1793 479 4852 1333
4 479 1793 4852 1919
4 916 4852 479 1919
4 4673 916 479 1919
4 4673 916 6524 1919
4 6524 6952 916 4673
4 6524 6952 1046 4673
4 6952 6524 6944 1046
4 1046 6012 6952 6944
4 1046 6944 3076 6012
4 6944 6012 3076 666
4 2821 6012 666 3076
4 2821 4921 666 3076
4 666 2821 4921 2858
4 2858 1713 4921 2821
4 4921 1713 2858 3080
4 1713 1932 3080 2858
4 1932 72 3080 1713
4 4327 1932 72 3080
4 72 1932 4327 441
4 4327 1508 72 441
4 6719 4327 1508 441
4 441 1508 6719 3743
4 6719 1199 3743 1508
4 6719 1199 3743 2027
4 1693 1199 2027 3743
4 2834 2027 1693 1199
4 2027 1693 2834 5957
4 1693 5957 313 2834
4 2834 313 5957 6315
4 497 313 5957 6315
4 497 313 3859 6315
4 6315 3859 4809 497
4 497 3859 5627 4809
4 1662 3859 4809 5627
4 1662 4809 6026 5627
4 1926 5627 1662 6026
4 6026 1926 2242 1662
4 2440 6026 2242 1926
4 2440 2242 1926 3839
4 2440 3839 1126 2242
4 1126 3839 4475 2440
4 1126 3839 4475 6682
4 1126 6016 4475 6682
4 4475 6962 6016 6682
4 6962 6682 4500 6016
4 3415 4500 6016 6962
4 6962 3415 6349 4500
4 3415 5491 6349 4500
4 221 3415 5491 6349
4 6349 2886 221 5491
4 6800 2886 5491 221
4 2886 6800 221 3473
4 6800 3585 2886 3473
4 6830 6800 3473 3585
4 6830 3695 3585 3473
4 3585 96 3695 6830
4 731 96 6830 3695
4 140 96 3695 731
4 96 140 995 731
4 2385 731 140 995
4 2385 4193 140 995
4 995 4193 2385 3807
4 3249 2385 3807 4193
4 3807 4193 489 3249
4 3807 6552 3249 489
4 3826 3249 489 6552
4 489 6896 6552 3826
4 1994 6552 6896 3826
4 3826 1994 6896 4168
4 3992 1994 4168 6896
4 4168 1994 3992 6006
4 6006 4168 3992 5407
4 6006 5407 4890 3992
4 5407 4572 6006 4890
4 4890 4572 5407 2863
4 764 2863 4572 4890
3 2863 764 4572
4 2863 1293 4888 764
4 4888 764 1293 1779
4 1779 1293 6982 4888
4 4888 1779 1122 6982
4 1658 6982 1122 1779
4 6982 1658 1122 5421
4 1122 4839 5421 1658
4 125 4839 5421 1658
4 125 4839 5421 6067
4 6067 5702 125 4839
4 1055 125 5702 6067
4 3602 5702 6067 1055
4 1055 5702 3602 2615
4 1055 2615 806 3602
4 806 4611 2615 3602
4 4020 2615 806 4611
4 4611 1730 4020 806
4 4020 4315 1730 4611
4 2627 4020 1730 4315
4 2627 4315 1730 6790
4 2627 4315 4939 6790
4 6520 2627 4939 6790
4 6790 6520 4939 3236
4 4939 6520 3236 1432
4 6520 3236 4379 1432
4 3236 4379 3608 1432
4 4865 1432 4379 3608
4 4379 3608 4865 4065
4 1140 4065 4865 3608
4 6182 1140 4865 4065
4 6182 517 4065 1140
4 6240 1140 517 6182
4 5068 6240 6182 517
4 6240 1835 517 5068
4 4678 5068 6240 1835
4 5068 1835 6716 4678
4 2118 4678 1835 6716
4 4678 5223 2118 6716
4 2118 6811 6716 5223
4 5223 2118 689 6811
4 6811 4242 689 5223
4 4938 4242 689 6811
4 689 5865 4242 4938
4 4242 2884 5865 4938
4 5865 4938 2884 2359
4 2884 5865 4597 2359
4 4597 2884 2359 6941
4 2359 4597 6941 2668
4 4569 2668 4597 6941
4 6894 4569 6941 2668
4 6894 6453 4569 2668
4 6453 6894 6935 4569
4 4167 6453 6894 6935
4 4167 6935 5151 6453
4 5151 5316 6935 4167
4 2791 4167 5151 5316
4 2791 5151 5316 1025
4 6870 5316 1025 2791
4 6870 1025 2791 3507
4 3507 1025 6870 758
4 909 6870 758 3507
4 3507 758 3851 909
4 758 3851 909 3292
4 3292 3224 909 3851
4 3224 3292 3851 2901
4 3224 1609 3292 2901
4 1945 3224 2901 1609
4 5783 2901 1609 1945
4 1945 1609 5783 627
4 5783 987 627 1945
4 987 878 5783 627
4 878 2923 627 987
4 878 2923 987 717
4 1636 2923 878 717
4 717 2583 2923 1636
4 4936 2583 717 1636
4 1636 4936 1631 2583
4 1631 2583 4936 3955
4 4936 3955 1580 1631
4 1580 5205 1631 3955
4 3955 5205 1580 514
4 514 2936 1580 5205
4 5205 514 3379 2936
4 6013 3379 2936 514
4 3379 6013 691 2936
4 2197 691 6013 3379
4 691 2197 6013 2581
4 2197 691 3619 2581
4 485 3619 2581 2197
4 3619 2581 485 2894
4 4740 3619 2894 485
4 2894 485 5322 4740
4 2537 5322 2894 4740
4 533 5322 2537 4740
4 533 2537 5322 6508
4 2537 533 6508 5686
4 1770 5686 6508 533
4 1770 5686 2217 6508
4 5060 1770 5686 2217
4 4483 1770 2217 5060
4 2217 5060 4483 3680
4 4483 6166 5060 3680
4 6166 699 4483 3680
4 699 6166 3677 3680
4 699 6166 3677 5417
4 3677 699 5417 3438
4 52 3677 5417 3438
4 3372 52 3438 5417
4 52 3438 4009 3372
4 52 3372 1412 4009
4 3372 1412 4009 2817
4 4009 4787 1412 2817
4 1412 2817 4787 1364
4 4787 183 1364 2817
4 4787 183 778 1364
4 1364 183 4989 778
3 778 183 4989
4 525 778 1805 4989
4 1805 4989 525 474
3 1805 474 525
4 474 6514 888 525
4 888 6514 1930 474
4 3200 888 6514 1930
4 1930 6514 3200 5808
4 5808 3177 1930 3200
4 5808 3177 5607 3200
4 5808 3948 5607 3177
4 3177 5607 3948 4778
2 3948 5607
2 3948 4778
2 4778 409
3 409 6071 5445
2 6071 5445
2 2163 6071
2 1104 2163
4 1743 5181 1104 4449
2 4449 1743
2 5181 1743
2 5181 1672
2 464 1672
2 3682 464
2 2805 3682
2 2344 2805
2 3720 2344
2 3720 4341
2 3180 4341
2 3180 5869
2 5030 5869
2 5030 3184
2 3184 1149
2 3860 1149
2 1068 3860
2 6833 1068
2 5674 6833
2 3120 5674
2 3120 3556
2 5671 3556
2 5671 3767
2 3767 941
2 941 5726
2 5726 5549
2 5549 6180
2 6180 4350
2 4350 2558
2 2558 5335
2 5335 1215
2 2155 1215
2 3195 2155
2 3195 421
2 421 2687
2 2687 5362
2 5362 3378
2 3378 1781
2 1781 6472
2 6472 2400
2 2400 2114
2 1209 2114
2 1209 2452
2 2452 5005
2 6723 5005
2 5636 6723
2 4105 5636
2 4105 4924
2 785 4924
2 785 5481
2 5481 5455
2 1136 5455
2 943 1136
2 943 106
2 106 5700
2 5700 935
2 2303 935
2 2646 2303
2 5614 2646
2 6882 5614
2 6882 4264
2 4301 4264
2 4301 6438
2 5276 6438
2 2491 5276
2 3551 2491
2 3551 5383
2 5383 359
2 4915 359
2 2204 4915
2 6947 2204
2 6947 2910
2 516 2910
2 2340 516
2 2340 2549
2 2549 850
2 4214 850
2 4214 4459
2 4415 4459
2 4415 5542
2 5542 4732
2 4732 1737
2 5816 1737
2 5816 3094
2 915 3094
2 915 1499
2 542 1499
2 3579 542
2 3579 3399
2 3399 6626
2 1218 6626
2 1218 1561
2 1561 6045
2 6703 6045
2 4117 6703
2 4117 3667
2 3667 5996
2 6454 5996
2 6454 4150
2 4150 5615
2 3364 5615
2 3364 4998
2 4998 608
2 608 2896
2 5210 2896
2 4211 5210
2 2691 4211
2 2691 5472
2 6518 5472
2 6518 3776
2 3776 6996
2 6996 4078
2 6300 4078
2 2801 6300
2 1211 2801
2 3007 1211
2 6739 3007
2 6964 6739
2 4609 6964
2 4609 3561
2 3561 741
2 741 6946
2 3896 6946
2 3896 2903
2 2903 3736
2 3214 3736
2 3214 2705
2 5535 2705
2 5428 5535
2 5428 5962
2 6014 5962
2 6014 3014
2 208 3014
2 3710 208
2 258 3710
2 258 1263
2 4751 1263
2 4751 5042
2 1352 5042
2 2902 1352
2 747 2902
2 747 2397
2 2397 5470
2 5470 787
2 2525 787
2 2525 3541
2 5294 3541
2 789 5294
2 6990 789
2 3535 6990
2 3535 3836
2 2873 3836
2 2873 1346
2 1346 2120
2 2120 5524
2 5524 1934
2 84 1934
2 6179 84
2 2467 6179
2 2467 6335
2 4240 6335
2 138 4240
2 5941 138
2 5941 3427
2 3427 2059
2 2059 2449
2 5402 2449
2 6244 5402
2 4814 6244
2 4814 1925
2 1925 988
2 988 2170
2 2170 3711
2 91 3711
2 91 3665
2 6400 3665
2 2485 6400
2 1453 2485
2 1387 1453
2 1387 4747
2 4494 4747
2 4494 5307
2 6803 5307
2 5169 6803
2 5169 549
2 549 3960
2 4244 3960
2 829 4244
2 829 3098
2 3898 3098
2 4284 3898
2 1197 4284
2 1197 6961
2 4206 6961
2 4206 2513
2 2513 2142
2 2142 5043
2 5970 5043
2 5970 2425
2 5999 2425
2 5999 2970
2 2970 782
2 807 782
2 4903 807
2 4903 5199
2 5145 5199
2 5145 2692
2 2692 4093
2 453 4093
2 906 453
2 906 5172
2 338 5172
2 5202 338
2 234 5202
2 234 3063
2 3063 3174
2 3174 1398
2 1398 6710
2 6710 4428
2 4428 4479
2 4479 4467
2 4503 4467
2 6749 4503
2 2103 6749
2 2103 3429
2 5263 3429
2 5200 5263
2 6683 5200
2 3646 6683
2 3646 3774
2 3774 3971
2 1957 3971
2 4099 1957
2 6388 4099
2 6388 3788
2 3376 3788
2 3376 5544
2 5123 5544
2 1370 5123
2 4823 1370
2 4823 3285
2 3285 5231
2 5231 1479
2 2804 1479
2 213 2804
2 5598 213
2 5598 5204
2 5204 2707
2 2707 4649
2 5272 4649
2 5272 3878
2 3878 4013
2 2399 4013
2 2399 2952
2 6409 2952
2 358 6409
2 358 6106
2 6106 1073
2 6366 1073
2 6366 4934
2 4934 339
2 339 5301
2 6421 5301
2 630 6421
2 630 591
2 2594 591
2 959 2594
2 959 197
2 197 1505
2 735 1505
2 735 3075
2 3075 5654
2 5654 1767
2 625 1767
2 625 4110
2 350 4110
2 350 4303
2 4018 4303
2 4018 179
2 2574 179
2 3096 2574
2 3096 2398
2 2398 6022
2 6022 2605
2 2605 3458
2 6945 3458
2 1305 6945
2 856 1305
2 4388 856
2 6345 4388
2 6345 3169
2 3169 6339
2 6339 1708
2 1264 1708
2 1882 1264
2 3930 1882
2 3930 2444
2 3017 2444
2 3254 3017
2 6415 3254
2 3162 6415
2 3162 1237
2 1237 5232
2 4144 5232
2 4144 6031
2 6031 4602
2 4906 4602
2 4764 4906
2 947 4764
2 947 5358
2 2957 5358
2 3907 2957
2 6275 3907
2 5892 6275
2 4135 5892
2 1881 4135
2 1881 4243
2 4243 3124
2 3124 1169
2 6738 1169
2 2913 6738
2 4486 2913
2 5391 4486
2 5391 2861
2 2389 2861
2 1189 2389
2 4593 1189
2 2198 4593
2 6533 2198
2 1279 6533
2 2907 1279
2 5909 2907
2 5909 2552
2 2552 6379
2 6379 2426
2 2426 2986
2 6556 2986
2 6556 4810
2 6027 4810
2 3035 6027
2 3035 2510
2 5164 2510
2 5164 2466
2 2466 1606
2 1606 4171
2 4171 4560
2 4560 4616
2 4616 1058
2 5757 1058
2 5757 964
2 4492 964
2 4492 367
2 4165 367
2 6762 4165
2 911 6762
2 911 3310
2 1466 3310
2 1466 5731
2 5731 2533
2 2800 2533
2 1314 2800
2 1314 4070
2 6296 4070
2 6296 6341
2 826 6341
2 2967 826
2 4965 2967
2 4965 3933
2 3933 5010
2 3924 5010
2 5397 3924
2 6526 5397
2 6526 4358
2 1673 4358
2 1673 6617
2 5639 6617
2 5639 5838
2 5838 1988
2 3069 1988
2 2180 3069
2 4387 2180
2 1755 4387
2 5705 1755
2 5705 3433
2 3433 1817
2 1817 2975
2 2975 432
2 432 5643
2 1595 5643
2 154 1595
2 6859 154
2 4230 6859
2 2203 4230
2 4719 2203
2 3962 4719
2 1784 3962
2 5382 1784
2 3021 5382
2 3021 4023
2 823 4023
2 823 4708
2 4708 384
2 384 5415
2 3170 5415
2 3170 4686
2 3708 4686
2 713 3708
2 713 576
2 2536 576
2 2536 1829
2 2161 1829
2 1576 2161
2 297 1576
2 383 297
2 3642 383
2 3193 3642
2 3193 6328
2 6328 2370
2 1082 2370
2 1082 2442
2 2442 5692
2 5692 5025
2 6246 5025
2 6250 6246
2 6250 5646
2 5646 4270
2 2507 4270
2 5737 2507
2 4619 5737
2 5608 4619
2 5608 40
2 40 3049
2 3049 5240
2 6316 5240
2 3703 6316
2 528 3703
2 528 3396
2 194 3396
2 194 1206
2 1208 1206
2 1208 4359
2 4359 1434
2 4052 1434
2 3799 4052
2 932 3799
2 1402 932
2 4909 1402
2 790 4909
2 813 790
2 685 813
2 601 685
2 1776 601
2 2195 1776
2 2195 6155
2 6155 4568
2 3796 4568
2 3796 1888
2 1888 333
2 172 333
2 4685 172
2 3290 4685
2 6293 3290
2 1863 6293
2 240 1863
2 240 1828
2 1828 1292
2 4577 1292
2 4577 1088
2 1088 6105
2 6105 5556
2 3559 5556
2 3559 2755
2 2755 2396
2 4154 2396
2 4154 214
2 3419 214
2 3419 4637
2 4637 4517
2 4517 3116
2 3116 81
2 4122 81
2 4122 2037
2 5105 2037
2 74 5105
2 803 74
2 323 803
2 323 4
2 1359 4
2 1359 2494
2 5463 2494
2 174 5463
2 2837 174
2 6977 2837
2 2654 6977
2 2654 2780
2 5596 2780
2 5596 1995
2 1118 1995
2 1118 481
2 481 5369
2 5369 1753
2 2752 1753
2 2752 4166
2 567 4166
2 567 6786
2 390 6786
2 390 2871
2 1798 2871
2 1798 4879
2 4879 5806
2 5806 2311
2 4573 2311
2 6353 4573
2 6353 1666
2 1666 2527
2 2527 5277
2 3392 5277
2 4734 3392
2 4734 6991
2 1366 6991
2 4191 1366
2 4191 5161
2 472 5161
2 4832 472
2 4832 4204
2 4204 5662
2 5662 6361
2 6361 2529
2 2810 2529
2 2810 3451
2 3451 28
2 28 5051
2 5051 4342
2 4342 4856
2 1800 4856
2 1800 6154
2 6154 1094
2 2684 1094
2 877 2684
2 877 5945
2 5945 755
2 755 1005
2 3111 1005
2 1102 3111
2 1102 688
2 688 1411
2 1411 4519
2 3899 4519
2 3899 2249
2 2249 272
2 272 2980
2 2271 2980
2 4290 2271
2 4290 6732
2 6732 3088
2 3088 1415
2 1415 6810
2 3363 6810
2 6718 3363
2 6718 5641
2 5308 5641
2 5520 5308
2 6370 5520
2 6370 2850
2 2850 4356
2 4356 1455
2 1455 3920
2 3920 4788
2 4788 3554
2 3554 2672
2 1269 2672
2 1269 5395
2 5395 5386
2 6744 5386
2 6652 6744
2 493 6652
2 4662 493
2 4662 3644
2 3644 6183
2 6924 6183
2 5876 6924
2 5876 4263
2 420 4263
2 420 4792
2 3281 4792
2 5035 3281
2 2441 5035
2 1018 2441
2 4842 1018
2 4842 6805
2 6805 1051
2 4426 1051
2 1825 4426
2 2083 1825
2 2083 3582
2 3582 2748
2 1096 2748
2 1096 663
2 4221 663
2 4156 4221
2 6842 4156
2 6842 3030
2 3030 3843
2 3843 1699
2 1699 6658
2 4769 6658
2 4769 5036
2 3596 5036
2 3596 458
2 458 5734
2 5735 5734
2 5498 5735
2 5233 5498
2 2542 5233
2 2542 2206
2 2206 3207
2 3207 611
2 611 1622
2 1622 1186
2 6957 1186
2 3727 6957
2 79 3727
2 79 2824
2 6178 2824
2 6178 260
2 260 6750
2 6750 5011
2 5011 4531
2 3990 4531
2 2275 3990
2 2275 2626
2 2116 2626
2 2116 3135
2 3135 5747
2 1106 5747
2 1106 6062
2 4819 6062
2 4819 2408
2 2408 4330
2 4330 2522
2 2522 2435
2 2435 1880
2 2378 1880
2 2378 4155
2 4155 1942
2 1942 439
2 5724 439
2 5724 6899
2 1993 6899
2 1302 1993
2 5400 1302
2 5400 6206
2 475 6206
2 475 330
2 330 6529
2 6529 6050
2 3223 6050
2 1575 3223
2 1575 4546
2 6256 4546
2 6825 6256
2 6825 2864
2 6443 2864
2 6443 3275
2 4442 3275
2 4442 6620
2 6620 5066
2 5066 3435
2 3435 5486
2 5486 2066
2 736 2066
2 986 736
2 1049 986
2 3213 1049
2 6573 3213
2 6543 6573
2 1665 6543
2 1665 6707
2 6707 6539
2 6028 6539
2 2685 6028
2 2685 4461
2 4461 5712
2 5712 1823
2 1823 6254
2 6087 6254
2 6087 515
2 515 2517
2 2517 825
2 825 5070
2 5070 3122
2 3122 6555
2 6555 82
2 82 2495
2 2495 2076
2 4805 2076
2 4805 5350
2 5350 6337
2 3351 6337
2 3351 6434
2 167 6434
2 415 167
2 415 4033
2 4033 1053
2 1053 6135
2 3861 6135
2 304 3861
2 304 411
2 1159 411
2 1159 4473
2 279 4473
2 2996 279
2 2996 879
2 2393 879
2 5721 2393
2 6426 5721
2 6426 3912
2 3912 1043
2 1043 217
2 3464 217
2 5833 3464
2 5833 582
2 582 3927
2 6241 3927
2 809 6241
2 1591 809
2 6666 1591
2 6213 6666
2 6213 1842
2 1842 4687
2 5419 4687
2 4671 5419
2 4671 5959
2 6585 5959
2 6797 6585
2 6797 1044
2 3142 1044
2 3142 6567
2 6942 6567
2 6942 6005
2 5523 6005
2 5523 3491
2 3491 4038
2 4038 6289
2 4462 6289
2 5949 4462
2 574 5949
2 574 5448
2 5448 1099
2 1099 1689
2 1689 4789
2 5754 4789
2 3317 5754
2 3317 1038
2 4624 1038
2 4624 4942
2 5782 4942
2 5782 1368
2 1368 4389
2 4389 3928
2 3928 3139
2 3139 46
2 1872 46
2 1938 1872
2 1938 2790
2 5017 2790
2 5017 5947
2 5247 5947
2 5247 5698
2 48 5698
2 887 48
2 887 6021
2 3917 6021
2 3766 3917
2 3766 1406
2 2362 1406
2 2362 6121
2 4043 6121
2 4043 2882
2 2882 90
2 1977 90
2 5398 1977
2 3371 5398
2 1846 3371
2 1855 1846
2 3337 1855
2 3337 5341
2 5341 5595
2 3704 5595
2 3704 5063
2 5063 1884
2 1884 3797
2 3797 4128
2 4128 5229
2 1659 5229
2 1659 998
2 998 2614
2 2614 2020
2 3591 2020
2 5665 3591
2 5665 5493
2 5493 3676
2 5831 3676
2 5831 6820
2 6820 3149
2 3149 5144
2 6496 5144
2 6496 396
2 396 5760
2 3042 5760
2 6637 3042
2 6637 1358
2 195 1358
2 1229 195
2 1229 2477
2 2621 2477
2 505 2621
2 505 1426
2 1426 6394
2 6394 2794
2 2794 1170
2 2486 1170
2 1390 2486
2 2875 1390
2 6117 2875
2 5241 6117
2 5241 4396
2 4682 4396
2 4682 2878
2 3815 2878
2 3815 3975
2 3975 919
2 919 1913
2 1913 4273
2 864 4273
2 864 6959
2 6959 2761
2 822 2761
2 1844 822
2 1603 1844
2 6577 1603
2 6639 6577
2 3994 6639
2 6395 3994
2 5314 6395
2 6501 5314
2 6501 2417
2 2417 5469
2 5469 6651
2 6651 2264
2 2264 3022
2 3022 6386
2 6386 5963
2 1171 5963
2 1171 2928
2 658 2928
2 2868 658
2 2868 469
2 3506 469
2 3506 2048
2 6771 2048
2 2931 6771
2 2931 1131
2 1131 3087
2 3087 3725
2 5518 3725
2 5518 6875
2 6875 551
2 348 551
2 348 2145
2 1794 2145
2 4958 1794
2 207 4958
2 207 4096
2 4096 6727
2 3204 6727
2 19 3204
2 921 19
2 4007 921
2 6280 4007
2 2899 6280
2 2899 2493
2 4226 2493
2 5245 4226
2 59 5245
2 430 59
2 430 5278
2 5278 5148
2 6517 5148
2 6517 4836
2 1795 4836
2 381 1795
2 381 5289
2 5776 5289
2 5776 2119
2 4049 2119
2 4049 3798
2 3798 2599
2 2599 4213
2 4213 1652
2 3908 1652
2 2199 3908
2 347 2199
2 3244 347
2 4790 3244
2 4790 5319
2 5319 4334
2 4334 4296
2 4296 4377
2 2650 4377
2 2650 4754
2 946 4754
2 946 5401
2 5401 4194
2 6695 4194
2 5213 6695
2 1492 5213
2 6865 1492
2 6865 2589
2 5325 2589
2 5325 1267
2 6915 1267
2 4502 6915
2 1350 4502
2 1350 6449
2 6449 2597
2 4495 2597
2 4495 2706
2 2706 780
2 780 271
2 3181 271
2 3181 12
2 12 4295
2 586 4295
2 586 2159
2 2159 2070
2 1356 2070
2 1356 571
2 571 3028
2 3091 3028
2 3091 4376
2 4376 3269
2 67 3269
2 6192 67
2 6192 3487
2 3487 6783
2 6783 5719
2 5485 5719
2 5485 507
2 507 4386
2 4386 5001
2 1351 5001
2 1351 5898
2 5898 4239
2 4239 5032
2 5032 211
2 211 3545
2 6690 3545
2 5882 6690
2 5882 3852
2 939 3852
2 6279 939
2 6279 3110
2 11 3110
2 11 728
2 4008 728
2 4008 2228
2 4451 2228
2 5177 4451
2 5177 4336
2 490 4336
2 5980 490
2 6066 5980
2 6066 6387
2 1688 6387
2 1688 4860
2 4860 1723
2 186 1723
2 186 4313
2 3539 4313
2 1332 3539
2 1332 5858
2 4219 5858
2 1706 4219
2 1706 6492
2 6492 3340
2 3373 3340
2 4471 3373
2 4471 924
2 2413 924
2 2413 3699
2 3699 1655
2 1655 5385
2 5385 821
2 901 821
2 135 901
2 4267 135
2 4267 869
2 869 6955
2 143 6955
2 143 4384
2 5638 4384
2 5638 2298
2 2298 361
2 361 531
2 531 3203
2 2277 3203
2 2277 5155
2 1331 5155
2 1331 2455
2 5091 2455
2 3501 5091
2 1718 3501
2 1718 267
2 267 6196
2 6196 182
2 182 2224
2 2224 346
2 171 346
2 5142 171
2 5142 2181
2 2181 4073
2 966 4073
2 386 966
2 5804 386
2 5804 5227
2 5227 3441
2 3441 978
2 2623 978
2 4980 2623
2 2891 4980
2 6486 2891
2 6486 1774
2 705 1774
2 705 5287
2 5287 6444
2 6444 4391
2 6231 4391
2 2641 6231
2 98 2641
2 3530 98
2 974 3530
2 2736 974
2 2736 734
2 5586 734
2 5586 1975
2 5137 1975
2 5137 5695
2 5440 5695
2 3790 5440
2 808 3790
2 6203 808
2 2369 6203
2 1101 2369
2 4289 1101
2 2678 4289
2 3654 2678
2 3654 407
2 407 4802
2 4802 3403
2 6775 3403
2 3847 6775
2 1729 3847
2 2469 1729
2 55 2469
2 6818 55
2 6818 6889
2 6889 3445
2 3445 610
2 4005 610
2 4005 5762
2 5762 873
2 3253 873
2 4488 3253
2 4488 2024
2 6774 2024
2 1574 6774
2 1574 2820
2 4679 2820
2 5766 4679
2 3820 5766
2 3820 42
2 42 6656
2 760 6656
2 760 4100
2 4100 2227
2 2227 5809
2 3020 5809
2 5763 3020
2 524 5763
2 394 524
2 6015 394
2 6015 2474
2 4324 2474
2 6140 4324
2 6140 3163
2 3163 4251
2 4251 2230
2 1076 2230
2 938 1076
2 1998 938
2 1998 3488
2 4927 3488
2 410 4927
2 410 6698
2 6698 3409
2 3409 1744
2 2570 1744
2 2570 874
2 1288 874
2 6081 1288
2 6081 3939
2 3939 3480
2 3480 5228
2 3755 5228
2 3755 842
2 842 6080
2 6080 5027
2 4855 5027
2 2766 4855
2 2516 2766
2 2516 4838
2 3252 4838
2 3252 2034
2 6662 2034
2 6662 5441
2 5441 130
2 130 4047
2 4407 4047
2 6939 4407
2 6939 6503
2 6503 749
2 4525 749
2 4525 2149
2 2149 160
2 160 570
2 5716 570
2 1617 5716
2 742 1617
2 6083 742
2 6083 1220
2 1220 85
2 85 1989
2 1989 6375
2 4133 6375
2 4133 4694
2 4694 1602
2 1602 2813
2 2813 6726
2 6726 4880
2 3923 4880
2 3626 3923
2 3626 6433
2 6433 1408
2 1408 6380
2 2985 6380
2 3872 2985
2 6137 3872
2 2567 6137
2 2567 5473
2 6147 5473
2 6147 3278
2 613 3278
2 3016 613
2 3016 3342
2 4247 3342
2 4247 5021
2 5021 4932
2 4887 4932
2 6307 4887
2 844 6307
2 1702 844
2 1702 961
2 961 2640
2 1952 2640
2 712 1952
2 4445 712
2 2669 4445
2 2669 104
2 4585 104
2 3209 4585
2 6987 3209
2 6932 6987
2 6932 120
2 4496 120
2 4496 4200
2 4200 592
2 134 592
2 134 4363
2 4363 6109
2 6109 5
2 5 1020
2 1020 4505
2 3931 4505
2 2565 3931
2 1308 2565
2 1308 4274
2 6364 4274
2 6364 1648
2 3571 1648
2 4147 3571
2 4147 1853
2 766 1853
2 3167 766
2 3167 5116
2 3092 5116
2 1984 3092
2 1984 5501
2 5501 2788
2 2788 6502
2 2412 6502
2 2412 4195
2 4195 6282
2 5685 6282
2 5685 249
2 5468 249
2 769 5468
2 769 606
2 606 3160
2 112 3160
2 112 2088
2 1464 2088
2 2489 1464
2 2489 5829
2 5829 827
2 827 617
2 617 2550
2 6691 2550
2 6691 335
2 3486 335
2 5967 3486
2 4935 5967
2 3778 4935
2 847 3778
2 847 1081
2 1081 5083
2 5083 6881
2 5976 6881
2 4843 5976
2 4477 4843
2 1337 4477
2 1337 6634
2 6634 1029
2 1029 2514
2 3374 2514
2 2108 3374
2 2108 2458
2 2458 3902
2 6459 3902
2 6459 2407
2 2407 118
2 4512 118
2 4512 4380
2 4380 6615
2 5803 6615
2 6262 5803
2 1856 6262
2 6843 1856
2 6843 2019
2 2019 5393
2 5393 5282
2 5282 6278
2 6278 5564
2 4867 5564
2 4867 3884
2 3884 318
2 318 2860
2 2860 5096
2 5327 5096
2 4329 5327
2 4329 1567
2 5292 1567
2 6347 5292
2 6347 897
2 2189 897
2 6344 2189
2 6344 3686
2 3686 3977
2 3977 1698
2 3514 1698
2 2268 3514
2 2268 2839
2 2839 6757
2 6757 1905
2 2835 1905
2 6704 2835
2 1791 6704
2 4170 1791
2 4170 1167
2 5694 1167
2 1274 5694
2 1418 1274
2 2012 1418
2 2012 5718
2 5718 6169
2 4418 6169
2 4418 6107
2 6107 4215
2 2865 4215
2 4152 2865
2 382 4152
2 382 220
2 3293 220
2 3781 3293
2 3781 2993
2 2647 2993
2 2647 3457
2 3457 6069
2 6069 3669
2 984 3669
2 1324 984
2 1324 3837
2 2559 3837
2 1156 2559
2 1156 5368
2 3988 5368
2 5785 3988
2 5785 4698
2 148 4698
2 148 3355
2 752 3355
2 752 5780
2 5780 777
2 2013 777
2 5073 2013
2 5178 5073
2 5178 2769
2 2769 3462
2 3462 6076
2 2067 6076
2 4275 2067
2 4275 6746
2 1850 6746
2 1850 5739
2 5739 2855
2 3996 2855
2 2927 3996
2 6185 2927
2 6185 5189
2 5189 4042
2 4042 324
2 324 3273
2 3273 3814
2 13 3814
2 828 13
2 3361 828
2 3361 3849
2 880 3849
2 880 2060
2 2060 969
2 1214 969
2 2315 1214
2 5508 2315
2 799 5508
2 5642 799
2 795 5642
2 795 3145
2 3326 3145
2 61 3326
2 1950 61
2 3482 1950
2 3482 4435
2 4435 982
2 982 4326
2 4326 3771
2 6606 3771
2 6606 2044
2 2044 5973
2 2173 5973
2 2173 1674
2 1674 1915
2 1915 3493
2 2742 3493
2 2742 450
2 450 6266
2 6266 4882
2 4882 1362
2 5713 1362
2 6336 5713
2 6336 6681
2 6978 6681
2 6895 6978
2 5870 6895
2 5870 4961
2 4645 4961
2 4645 4160
2 665 4160
2 6018 665
2 3466 6018
2 3466 5913
2 6584 5913
2 6584 1243
2 5238 1243
2 1179 5238
2 1328 1179
2 1328 4316
2 4316 1026
2 2775 1026
2 2775 4172
2 5387 4172
2 5387 3117
2 3117 5680
2 5886 5680
2 5886 1624
2 2177 1624
2 2177 1127
2 1127 6920
2 6920 556
2 556 5784
2 2635 5784
2 3880 2635
2 3880 2653
2 3610 2653
2 3610 5479
2 4201 5479
2 4201 5099
2 5099 4782
2 4782 4567
2 4567 861
2 861 4361
2 4361 5109
2 393 5109
2 393 4404
2 4404 2384
2 2384 1630
2 1630 4720
2 4720 6274
2 6274 3225
2 5649 3225
2 5649 779
2 2741 779
2 2741 3476
2 6854 3476
2 6854 2374
2 5304 2374
2 1875 5304
2 1875 2744
2 4881 2744
2 4881 5160
2 2307 5160
2 4559 2307
2 4559 3495
2 5433 3495
2 2351 5433
2 6061 2351
2 6061 4169
2 4082 4169
2 4082 5306
2 3327 5306
2 3657 3327
2 3657 4066
2 5604 4066
2 284 5604
2 5095 284
2 5095 6908
2 6908 1680
2 1680 6696
2 6696 1298
2 4877 1298
2 4877 1554
2 1554 1497
2 2236 1497
2 4088 2236
2 4088 5972
2 1036 5972
2 2720 1036
2 2720 990
2 3742 990
2 1383 3742
2 3511 1383
2 3511 2131
2 4669 2131
2 5954 4669
2 5954 2475
2 2475 1762
2 1762 75
2 3166 75
2 3166 6075
2 4767 6075
2 4767 3343
2 3343 3272
2 3272 4753
2 4753 4399
2 4399 2350
2 2350 954
2 4784 954
2 4784 985
2 985 4362
2 6845 4362
2 6845 2058
2 3005 2058
2 4913 3005
2 4913 649
2 4937 649
2 2470 4937
2 1436 2470
2 5790 1436
2 5790 4468
2 4468 3090
2 3090 3759
2 5168 3759
2 1381 5168
2 2270 1381
2 2270 6367
2 5396 6367
2 5396 2754
2 2754 1222
2 1222 1115
2 2716 1115
2 2716 3422
2 3422 1990
2 1990 4498
2 4498 1155
2 5071 1155
2 4702 5071
2 2714 4702
2 2714 2657
2 2701 2657
2 1854 2701
2 1854 1386
2 1386 1349
2 2747 1349
2 2747 2600
2 6928 2600
2 1478 6928
2 1478 4220
2 4220 5863
2 5863 5985
2 6299 5985
2 6299 4269
2 5992 4269
2 5992 3001
2 3001 6191
2 6191 178
2 178 6333
2 6333 27
2 27 6419
2 3467 6419
2 3915 3467
2 3915 1813
2 1813 1142
2 1142 2128
2 1067 2128
2 38 1067
2 38 993
2 5559 993
2 5559 1388
2 1388 3305
2 70 3305
2 6390 70
2 243 6390
2 243 3386
2 5569 3386
2 6708 5569
2 3568 6708
2 3568 3366
2 2336 3366
2 2336 2674
2 2674 2097
2 2097 4759
2 4759 1733
2 1733 2699
2 2699 6273
2 2325 6273
2 6136 2325
2 372 6136
2 372 1007
2 1007 4518
2 4518 5410
2 6025 5410
2 1117 6025
2 3985 1117
2 319 3985
2 6457 319
2 6457 5927
2 5367 5927
2 354 5367
2 354 269
2 269 4674
2 4674 4912
2 4912 3621
2 2073 3621
2 2073 6189
2 5138 6189
2 5138 2876
2 2876 2284
2 2284 6510
2 6510 6408
2 6408 1827
2 5480 1827
2 5480 6992
2 6992 5444
2 5444 1997
2 3558 1997
2 3595 3558
2 4933 3595
2 4933 4785
2 4785 553
2 3465 553
2 6568 3465
2 6568 2002
2 602 2002
2 5188 602
2 6599 5188
2 6139 6599
2 6139 1579
2 653 1579
2 2666 653
2 5088 2666
2 2165 5088
2 2165 5901
2 3891 5901
2 1084 3891
2 4413 1084
2 1722 4413
2 1722 6173
2 1536 6173
2 1536 977
2 1904 977
2 1904 1893
2 5983 1893
2 756 5983
2 756 2005
2 2005 4323
2 4323 4699
2 3684 4699
2 3026 3684
2 5329 3026
2 4746 5329
2 4746 5190
2 3540 5190
2 3257 3540
2 184 3257
2 184 5647
2 5647 3957
2 3109 3957
2 3109 3693
2 1306 3693
2 1306 5080
2 5080 1809
2 4700 1809
2 3750 4700
2 1927 3750
2 1927 6748
2 3108 6748
2 3108 1273
2 1273 6024
2 3709 6024
2 3709 1290
2 1290 950
2 4433 950
2 4433 4824
2 6799 4824
2 6100 6799
2 6186 6100
2 4401 6186
2 4401 3077
2 5880 3077
2 5880 377
2 5452 377
2 3735 5452
2 3735 4437
2 4437 4310
2 4633 4310
2 4318 4633
2 4318 2546
2 2085 2546
2 2085 2806
2 1601 2806
2 3306 1601
2 4032 3306
2 4032 2555
2 2555 980
2 3276 980
2 3276 1939
2 1908 1939
2 2845 1908
2 6971 2845
2 6971 3226
2 3226 4262
2 4262 3783
2 2568 3783
2 6428 2568
2 604 6428
2 604 4561
2 4561 1533
2 1533 4853
2 4853 1892
2 1892 6730
2 6730 5170
2 5170 219
2 219 6108
2 5324 6108
2 5037 5324
2 5795 5037
2 2074 5795
2 4457 2074
2 4457 1912
2 4158 1912
2 3946 4158
2 2631 3946
2 2631 2319
2 4626 2319
2 2209 4626
2 958 2209
2 958 5925
2 6405 5925
2 5529 6405
2 5529 3196
2 4360 3196
2 4360 814
2 246 814
2 4482 246
2 6129 4482
2 1133 6129
2 1133 5343
2 3405 5343
2 6309 3405
2 6309 6001
2 6001 6532
2 6532 5457
2 4138 5457
2 4025 4138
2 4025 818
2 6312 818
2 5832 6312
2 5832 5696
2 5696 739
2 3387 739
2 4348 3387
2 4348 5764
2 5101 5764
2 5101 1943
2 4355 1943
2 5532 4355
2 5532 147
2 147 3829
2 3829 1374
2 1374 3147
2 3147 4081
2 4081 4763
2 4763 2375
2 2375 1696
2 1696 3622
2 3622 2069
2 3696 2069
2 4564 3696
2 3787 4564
2 4489 3787
2 4489 3336
2 3336 3311
2 3311 3953
2 3312 3953
2 3312 1010
2 2643 1010
2 6867 2643
2 6867 3583
2 5825 3583
2 5825 498
2 4057 498
2 4057 139
2 139 3132
2 3132 1164
2 2888 1164
2 2888 5814
2 3729 5814
2 3729 6879
2 706 6879
2 706 5758
2 1750 5758
2 1750 1483
2 1778 1483
2 2150 1778
2 2150 6967
2 6967 4249
2 4249 2001
2 4956 2001
2 4956 1452
2 5216 1452
2 5216 4955
2 4955 412
2 1174 412
2 1174 6476
2 3845 6476
2 3845 6913
2 6913 3938
2 3938 2645
2 2645 2937
2 2937 4129
2 373 4129
2 4617 373
2 2925 4617
2 2925 400
2 400 5590
2 2003 5590
2 4084 2003
2 2480 4084
2 2480 2898
2 723 2898
2 3870 723
2 3870 4657
2 6849 4657
2 6849 6911
2 6911 6793
2 4968 6793
2 4968 6489
2 6489 2560
2 1634 2560
2 3282 1634
2 6332 3282
2 6332 2299
2 647 2299
2 647 6659
2 6659 5725
2 5691 5725
2 5691 2816
2 2816 6456
2 6456 2595
2 4641 2595
2 4101 4641
2 4101 5930
2 5930 4563
2 3850 4563
2 3850 3716
2 3716 6611
2 6611 6736
2 6736 4566
2 4508 4566
2 3444 4508
2 5416 3444
2 5416 2356
2 2356 5774
2 162 5774
2 1535 162
2 1535 2335
2 4382 2335
2 6643 4382
2 6643 2622
2 6292 2622
2 4749 6292
2 5191 4749
2 5013 5191
2 5013 5906
2 5906 5835
2 5835 4412
2 4412 6781
2 6373 6781
2 6373 6414
2 3432 6414
2 3432 849
2 849 4443
2 4443 3165
2 1330 3165
2 3291 1330
2 3291 2690
2 2690 5265
2 5265 672
2 4322 672
2 3848 4322
2 3944 3848
2 3944 6194
2 4063 6194
2 4063 3901
2 3901 5459
2 5459 1834
2 565 1834
2 1397 565
2 1397 102
2 6638 102
2 6638 6653
2 2609 6653
2 2609 3215
2 2234 3215
2 1920 2234
2 1920 321
2 6023 321
2 6471 6023
2 1427 6471
2 1427 3875
2 3875 5512
2 4821 5512
2 501 4821
2 2338 501
2 3573 2338
2 3573 1382
2 1382 3208
2 1857 3208
2 1230 1857
2 1230 5132
2 5132 2538
2 5998 2538
2 5998 4959
2 4959 6222
2 6222 4904
2 4904 4554
2 4554 4869
2 62 4869
2 6537 62
2 6204 6537
2 6670 6204
2 2710 6670
2 2710 3630
2 3630 5779
2 2496 5779
2 2496 342
2 342 6677
2 6677 5997
2 4430 5997
2 1034 4430
2 452 1034
2 452 1009
2 2314 1009
2 3198 2314
2 3198 6603
2 6603 3338
2 1093 3338
2 1093 5522
2 5522 2276
2 2276 1587
2 1103 1587
2 6036 1103
2 2497 6036
2 2497 1000
2 1000 2590
2 2590 1615
2 3800 1615
2 4400 3800
2 3577 4400
2 6890 3577
2 2004 6890
2 2075 2004
2 3632 2075
2 2272 3632
2 2272 5208
2 5450 5208
2 6104 5450
2 6104 6521
2 612 6521
2 612 5429
2 5429 5111
2 1042 5111
2 1042 4979
2 2117 4979
2 5194 2117
2 6116 5194
2 3033 6116
2 3033 4410
2 5822 4410
2 5822 5521
2 5521 4812
2 4812 1401
2 1401 3547
2 6569 3547
2 6569 44
2 4652 44
2 5496 4652
2 5496 4833
2 6925 4833
2 3368 6925
2 868 3368
2 868 4801
2 3106 4801
2 6740 3106
2 6740 26
2 4667 26
2 6917 4667
2 4051 6917
2 4123 4051
2 4123 2178
2 3617 2178
2 3617 6648
2 3199 6648
2 3199 3393
2 917 3393
2 917 2774
2 2774 2205
2 6127 2205
2 6084 6127
2 6084 3406
2 3406 4868
2 1048 4868
2 3333 1048
2 228 3333
2 4526 228
2 5293 4526
2 5293 2797
2 5053 2797
2 5053 5270
2 5270 6816
2 1754 6816
2 1754 4087
2 4087 4925
2 4893 4925
2 4893 2711
2 2972 2711
2 2972 1008
2 564 1008
2 965 564
2 965 6346
2 6346 6700
2 3651 6700
2 1765 3651
2 6846 1765
2 4393 6846
2 4393 110
2 110 6397
2 5917 6397
2 3490 5917
2 4803 3490
2 1734 4803
2 3055 1734
2 3055 716
2 716 6317
2 6317 5239
2 4157 5239
2 4157 2260
2 2260 6481
2 6481 1958
2 1470 1958
2 1470 3722
2 3722 5955
2 5955 3211
2 707 3211
2 707 3887
2 3887 976
2 976 2786
2 1629 2786
2 5106 1629
2 5106 6268
2 6725 6268
2 3574 6725
2 3574 3751
2 3751 2734
2 3519 2734
2 2390 3519
2 2390 1577
2 1577 6490
2 2905 6490
2 6073 2905
2 6073 3999
2 4046 3999
2 892 4046
2 5844 892
2 1310 5844
2 1310 4419
2 2874 4419
2 2874 3313
2 1354 3313
2 6817 1354
2 1119 6817
2 1119 6446
2 6446 4588
2 4588 3612
2 5932 3612
2 5932 5591
2 5591 5274
2 5147 5274
2 4684 5147
2 4684 913
2 1228 913
2 1228 2629
2 6571 2629
2 2010 6571
2 3151 2010
2 3151 145
2 4947 145
2 4917 4947
2 4917 1947
2 1641 1947
2 6903 1641
2 6483 6903
2 6483 848
2 848 3384
2 3384 5828
2 5828 6412
2 5652 6412
2 5652 4975
2 5958 4975
2 2042 5958
2 2042 2823
2 2823 6484
2 5280 6484
2 5280 1340
2 5443 1340
2 5443 4984
2 4984 5964
2 5964 3350
2 3350 4728
2 4728 6956
2 5222 6956
2 5222 6442
2 6442 2291
2 2291 4463
2 1245 4463
2 2942 1245
2 2942 422
2 33 422
2 695 33
2 4335 695
2 4987 4335
2 1513 4987
2 6821 1513
2 6821 3385
2 3385 3243
2 6831 3243
2 2121 6831
2 2121 5121
2 5121 1891
2 1777 1891
2 1777 4878
2 352 4878
2 894 352
2 894 434
2 4835 434
2 2749 4835
2 2749 5156
2 5156 2776
2 2776 5476
2 5476 3533
2 6455 3533
2 6455 3641
2 3641 3455
2 5311 3455
2 5311 3202
2 3202 5242
2 2856 5242
2 2856 3502
2 3502 2415
2 2415 2339
2 281 2339
2 281 3474
2 740 3474
2 740 6220
2 6220 2017
2 2619 2017
2 262 2619
2 4253 262
2 1125 4253
2 6056 1125
2 6056 5050
2 5050 2306
2 362 2306
2 362 3000
2 641 3000
2 641 6855
2 5588 6855
2 5588 952
2 1092 952
2 1495 1092
2 1495 460
2 4286 460
2 4286 1059
2 1059 3936
2 3936 5722
2 5722 4436
2 4436 4258
2 5460 4258
2 4581 5460
2 2829 4581
2 4092 2829
2 4092 2735
2 4889 2735
2 4889 2919
2 6236 2919
2 6236 3914
2 3914 6675
2 1187 6675
2 4570 1187
2 4999 4570
2 6445 4999
2 3966 6445
2 3966 1695
2 5212 1695
2 5796 5212
2 4044 5796
2 4044 6488
2 6488 5321
2 45 5321
2 45 2789
2 2789 5843
2 5843 51
2 51 2521
2 2521 2740
2 1116 2740
2 5299 1116
2 5299 6478
2 6597 6478
2 6766 6597
2 6922 6766
2 6922 2503
2 4631 2503
2 4631 862
2 4409 862
2 4409 4730
2 4730 4347
2 4347 3314
2 413 3314
2 413 2454
2 6436 2454
2 1824 6436
2 1824 5879
2 5879 5379
2 3786 5379
2 3786 3549
2 6951 3549
2 6951 3615
2 1231 3615
2 5580 1231
2 455 5580
2 6458 455
2 6458 3959
2 3331 3959
2 3331 817
2 4607 817
2 4607 6205
2 6205 1369
2 1369 6668
2 5426 6668
2 2212 5426
2 2212 530
2 530 2166
2 4039 2166
2 4039 6342
2 6342 6482
2 6482 3730
2 1922 3730
2 1922 884
2 884 3456
2 4811 3456
2 1651 4811
2 1651 1901
2 4469 1901
2 748 4469
2 1524 748
2 6211 1524
2 6211 2833
2 2833 1204
2 1204 3329
2 3329 972
2 972 5389
2 3068 5389
2 3068 2825
2 2825 73
2 73 337
2 337 5741
2 5741 2123
2 2457 2123
2 6901 2457
2 6901 1758
2 1758 2101
2 2101 4331
2 4331 5062
2 5062 3825
2 3440 3825
2 4661 3440
2 4661 6815
2 5490 6815
2 5902 5490
2 832 5902
2 832 2717
2 2717 527
2 527 6119
2 6119 3271
2 6498 3271
2 5791 6498
2 2302 5791
2 6722 2302
2 4530 6722
2 5622 4530
2 5622 3587
2 3631 3587
2 3631 3806
2 3806 2092
2 3131 2092
2 3131 6642
2 6642 6869
2 2392 6869
2 1694 2392
2 1694 4800
2 4372 4800
2 4372 4000
2 4000 2620
2 2620 5527
2 6576 5527
2 6986 6576
2 6986 3315
2 3315 3983
2 3367 3983
2 4663 3367
2 2762 4663
2 2762 1086
2 1316 1086
2 1316 4571
2 4571 2057
2 2057 108
2 4653 108
2 6327 4653
2 6327 1503
2 1503 6011
2 6011 5513
2 5513 687
2 1830 687
2 1830 119
2 119 5353
2 5353 5266
2 2726 5266
2 2973 2726
2 2973 4914
2 6184 4914
2 3935 6184
2 3935 1772
2 1772 3900
2 3900 3764
2 506 3764
2 506 942
2 942 5209
2 1342 5209
2 3926 1342
2 4806 3926
2 4806 2611
2 5744 2611
2 5744 3653
2 4521 3653
2 4521 5048
2 5048 646
2 646 920
2 920 2038
2 2038 3248
2 3248 4993
2 4993 2563
2 2563 4040
2 810 4040
2 810 270
2 270 1097
2 5547 1097
2 4292 5547
2 4292 1146
2 1146 5355
2 1971 5355
2 1971 2273
2 88 2273
2 64 88
2 5536 64
2 5536 5127
2 5127 2793
2 4493 2793
2 4493 6000
2 1326 6000
2 1107 1326
2 1107 1303
2 1303 1979
2 1979 846
2 5613 846
2 5613 5507
2 5507 1475
2 2862 1475
2 2862 1307
2 1307 255
2 2914 255
2 2914 681
2 580 681
2 4774 580
2 4774 1192
2 1344 1192
2 1819 1344
2 4715 1819
2 3627 4715
2 4293 3627
2 4293 22
2 2015 22
2 2015 3638
2 5740 3638
2 375 5740
2 1865 375
2 1865 1592
2 2867 1592
2 1457 2867
2 1457 3239
2 3453 3239
2 3453 6646
2 1490 6646
2 224 1490
2 6975 224
2 2812 6975
2 2812 4027
2 251 4027
2 251 1885
2 951 1885
2 951 4053
2 4307 4053
2 614 4307
2 614 4464
2 579 4464
2 6410 579
2 6410 4241
2 334 4241
2 334 5621
2 5621 2345
2 6963 2345
2 4781 6963
2 4781 5089
2 5089 3299
2 3299 5414
2 109 5414
2 6943 109
2 6943 5174
2 5174 5551
2 5551 5456
2 3510 5456
2 3510 5810
2 5810 833
2 3623 833
2 1262 3623
2 4107 1262
2 4107 2906
2 2844 2906
2 2844 149
2 149 1413
2 1413 2518
2 2518 3059
2 1403 3059
2 1403 1572
2 2781 1572
2 6101 2781
2 6101 4813
2 4813 6091
2 6787 6091
2 793 6787
2 6918 793
2 6995 6918
2 6995 4625
2 4545 4625
2 1671 4545
2 1671 3341
2 6197 3341
2 6197 1017
2 1334 1017
2 1334 6319
2 4829 6319
2 3863 4829
2 3863 910
2 910 751
2 751 4030
2 4030 1185
2 1185 6761
2 5675 6761
2 5412 5675
2 5412 3562
2 5215 3562
2 5215 3769
2 3769 4132
2 122 4132
2 3434 122
2 3434 5244
2 34 5244
2 34 2248
2 2248 5846
2 5846 1516
2 1516 4369
2 4369 719
2 6215 719
2 6343 6215
2 5465 6343
2 5560 5465
2 5560 5682
2 5682 1569
2 1569 4366
2 4366 1410
2 4198 1410
2 5563 4198
2 5563 1614
2 4642 1614
2 1811 4642
2 4647 1811
2 4647 3664
2 6834 3664
2 227 6834
2 227 2215
2 2215 1668
2 2213 1668
2 5182 2213
2 5182 76
2 3137 76
2 3137 6113
2 3634 6113
2 3634 1924
2 912 1924
2 912 5384
2 5384 5061
2 5061 5578
2 5578 1714
2 5931 1714
2 6705 5931
2 6705 2341
2 1268 2341
2 1268 2112
2 2112 2450
2 6195 2450
2 2041 6195
2 776 2041
2 1315 776
2 1315 5193
2 2984 5193
2 2984 2
2 2 6684
2 6684 25
2 25 3382
2 5413 3382
2 3921 5413
2 6301 3921
2 6301 1184
2 5118 1184
2 5118 6094
2 6094 1686
2 1200 1686
2 1200 4228
2 190 4228
2 2663 190
2 737 2663
2 737 4119
2 4119 1654
2 5439 1654
2 2983 5439
2 385 2983
2 275 385
2 275 6164
2 6938 6164
2 6938 1896
2 1896 532
2 1966 532
2 1966 5956
2 5956 6052
2 6052 636
2 398 636
2 5425 398
2 5425 2126
2 2126 3832
2 3128 3832
2 5482 3128
2 5482 6368
2 5781 6368
2 5781 3904
2 3857 3904
2 4344 3857
2 1802 4344
2 2153 1802
2 2153 629
2 629 5711
2 5711 3286
2 937 3286
2 937 30
2 4603 30
2 4603 4970
2 4970 6425
2 6425 5360
2 124 5360
2 124 6564
2 6564 4899
2 1546 4899
2 1546 5377
2 5377 5434
2 4549 5434
2 4549 6980
2 6980 1528
2 1883 1528
2 1883 4034
2 4034 5014
2 5014 1822
2 6791 1822
2 3397 6791
2 1687 3397
2 1687 546
2 5243 546
2 4918 5243
2 6272 4918
2 3773 6272
2 463 3773
2 463 3447
2 3447 5268
2 4370 5268
2 4370 3354
2 3354 6239
2 6239 4849
2 4849 3702
2 2709 3702
2 2709 2125
2 4629 2125
2 6714 4629
2 6714 3777
2 3777 5545
2 5226 5545
2 4375 5226
2 2406 4375
2 6592 2406
2 677 6592
2 863 677
2 5435 863
2 5435 2792
2 2792 6060
2 6068 6060
2 4278 6068
2 522 4278
2 522 5894
2 5894 855
2 6406 855
2 2718 6406
2 2718 3113
2 3113 2285
2 2285 2451
2 4950 2451
2 5059 4950
2 2437 5059
2 4232 2437
2 2727 4232
2 2727 2148
2 2148 6593
2 6593 2689
2 1343 2689
2 3973 1343
2 3599 3973
2 3599 5134
2 4068 5134
2 4068 1108
2 4583 1108
2 4583 1633
2 2229 1633
2 2229 5748
2 5146 5748
2 931 5146
2 4758 931
2 3512 4758
2 5706 3512
2 5706 518
2 6997 518
2 6997 1037
2 305 1037
2 305 1670
2 1670 4288
2 6123 4288
2 3222 6123
2 6092 3222
2 6092 4455
2 4259 4455
2 4259 2122
2 6795 2122
2 6795 5528
2 4153 5528
2 3357 4153
2 875 3357
2 875 4402
2 4402 6261
2 928 6261
2 928 1549
2 1549 1703
2 2134 1703
2 3681 2134
2 3681 6093
2 554 6093
2 554 4045
2 4045 896
2 2377 896
2 2377 5309
2 5309 5848
2 5848 6090
2 6152 6090
2 6152 5605
2 5771 5605
2 4940 5771
2 6255 4940
2 6255 5003
2 5003 6664
2 3521 6664
2 3521 6832
2 6832 690
2 690 3082
2 2320 3082
2 332 2320
2 332 5002
2 5002 10
2 10 2854
2 6464 2854
2 6464 4745
2 4745 4522
2 4522 3862
2 3862 3043
2 3043 3352
2 3352 2753
2 6665 2753
2 6665 2086
2 1066 2086
2 1338 1066
2 3995 1338
2 3995 2593
2 2593 2596
2 1071 2596
2 1071 2940
2 2940 5851
2 6752 5851
2 1725 6752
2 343 1725
2 3526 343
2 3526 4634
2 5129 4634
2 1405 5129
2 1405 1168
2 6477 1168
2 6477 871
2 568 871
2 568 6782
2 893 6782
2 2947 893
2 2246 2947
2 2246 3998
2 3998 2912
2 5928 2912
2 5928 6835
2 6835 6263
2 1982 6263
2 1982 229
2 1498 229
2 1276 1498
2 1129 1276
2 1129 2282
2 1221 2282
2 1221 4003
2 5982 4003
2 5602 5982
2 5602 2808
2 2808 1558
2 1558 841
2 2511 841
2 2511 1090
2 1090 4470
2 4470 1715
2 3070 1715
2 5437 3070
2 5437 1190
2 644 1190
2 644 4245
2 4245 4978
2 2505 4978
2 2505 520
2 520 6122
2 6122 5447
2 5058 5447
2 5016 5058
2 1951 5016
2 3532 1951
2 3144 3532
2 2535 3144
2 1843 2535
2 1839 1843
2 1839 4892
2 380 4892
2 1471 380
2 3997 1471
2 2987 3997
2 4996 2987
2 1909 4996
2 2540 1909
2 694 2540
2 6010 694
2 4280 6010
2 1083 4280
2 1083 594
2 594 1023
2 3029 1023
2 3029 1906
2 1906 727
2 727 1014
2 6685 1014
2 6685 1845
2 6789 1845
2 6789 6595
2 6595 6883
2 1166 6883
2 1166 5918
2 5918 4866
2 4866 5015
2 4411 5015
2 4411 2190
2 3855 2190
2 6338 3855
2 6338 775
2 775 2935
2 1367 2935
2 6497 1367
2 6030 6497
2 6030 3525
2 539 3525
2 539 6020
2 6020 797
2 4439 797
2 4439 5049
2 5049 2688
2 2688 2551
2 2676 2551
2 4163 2676
2 4163 1379
2 1379 5991
2 5991 3552
2 3552 3567
2 3567 4623
2 4623 4705
2 5114 4705
2 1375 5114
2 5715 1375
2 3922 5715
2 639 3922
2 639 4516
2 1357 4516
2 6506 1357
2 4851 6506
2 5787 4851
2 5787 2682
2 718 2682
2 718 4031
2 4175 4031
2 4175 3375
2 3867 3375
2 4151 3867
2 4151 3662
2 3662 6566
2 6566 3478
2 3478 4596
2 54 4596
2 6581 54
2 3528 6581
2 3528 5745
2 4125 5745
2 3450 4125
2 6267 3450
2 6863 6267
2 6863 4677
2 654 4677
2 2029 654
2 2029 5589
2 5589 4385
2 4385 3259
2 1077 3259
2 1077 4346
2 4346 3477
2 3477 150
2 150 6779
2 550 6779
2 6949 550
2 6949 1032
2 5195 1032
2 5195 4794
2 4794 5220
2 5220 1929
2 1929 682
2 815 682
2 815 168
2 168 5326
2 5326 1112
2 956 1112
2 1463 956
2 1463 5620
2 2628 5620
2 5258 2628
2 6198 5258
2 6198 5974
2 5974 4403
2 6747 4403
2 6747 6768
2 6768 155
2 155 3524
2 1918 3524
2 6148 1918
2 6148 482
2 482 4103
2 2944 4103
2 2944 1519
2 1519 5404
2 5404 1550
2 3809 1550
2 3809 1785
2 2371 1785
2 2371 5298
2 5298 5951
2 5951 1948
2 1948 1258
2 6468 1258
2 6468 461
2 6561 461
2 6561 1252
2 6259 1252
2 6259 968
2 968 633
2 2130 633
2 4688 2130
2 5475 4688
2 5302 5475
2 1678 5302
2 652 1678
2 5079 652
2 2296 5079
2 3655 2296
2 5794 3655
2 1019 5794
2 1019 2809
2 5115 2809
2 5115 3012
2 2512 3012
2 2332 2512
2 2332 1021
2 1021 1309
2 1309 6554
2 6792 6554
2 6792 5565
2 5250 5565
2 5250 6590
2 6590 2023
2 1061 2023
2 1061 6531
2 692 6531
2 2838 692
2 58 2838
2 58 3647
2 1319 3647
2 35 1319
2 35 2979
2 2979 4712
2 4712 3498
2 3498 3255
2 3255 2730
2 2730 5012
2 5697 5012
2 4421 5697
2 5977 4421
2 5977 4176
2 4176 6742
2 6742 2127
2 2127 6921
2 6921 4236
2 2543 4236
2 2543 5618
2 5618 5257
2 6826 5257
2 5454 6826
2 5345 5454
2 241 5345
2 241 997
2 5531 997
2 2333 5531
2 2333 6587
2 2419 6587
2 3240 2419
2 5801 3240
2 5801 1183
2 6621 1183
2 2520 6621
2 2520 296
2 296 4556
2 397 4556
2 397 5798
2 5798 3189
2 3189 176
2 6960 176
2 6960 5753
2 1739 5753
2 1739 4762
2 6120 4762
2 2501 6120
2 2501 3756
2 223 3756
2 3335 223
2 6322 3335
2 6322 5246
2 5246 2305
2 3879 2305
2 3879 2053
2 552 2053
2 3412 552
2 2162 3412
2 3024 2162
2 4795 3024
2 5159 4795
2 5159 5259
2 5259 881
2 6362 881
2 6931 6362
2 6931 3943
2 536 3943
2 4757 536
2 3795 4757
2 3795 5868
2 6628 5868
2 5573 6628
2 5573 5320
2 4452 5320
2 1270 4452
2 3154 1270
2 3283 3154
2 1808 3283
2 1970 1808
2 1970 1013
2 6466 1013
2 5113 6466
2 5113 5775
2 5775 2767
2 2767 1441
2 3522 1441
2 3522 2105
2 2223 2105
2 2223 6953
2 6086 6953
2 4077 6086
2 2380 4077
2 2380 4074
2 4074 3868
2 6528 3868
2 6515 6528
2 6515 2312
2 5772 2312
2 4988 5772
2 4988 2063
2 3782 2063
2 3782 5900
2 5900 5644
2 5666 5644
2 5666 5225
2 5225 3270
2 2107 3270
2 2107 3416
2 4618 3416
2 4618 2334
2 2352 2334
2 2352 6201
2 6201 3929
2 3929 5000
2 5000 8
2 8 3688
2 3688 3752
2 1543 3752
2 1543 1650
2 1650 3818
2 2157 3818
2 4964 2157
2 4964 3949
2 291 3949
2 291 3659
2 3659 5924
2 2504 5924
2 3563 2504
2 3563 5009
2 6098 5009
2 6098 4187
2 1871 4187
2 1871 3500
2 3500 5577
2 2054 5577
2 4640 2054
2 4640 5344
2 5344 4504
2 4504 1484
2 1484 4870
2 278 4870
2 278 2300
2 6439 2300
2 4541 6439
2 4541 2796
2 2796 5534
2 1060 5534
2 4985 1060
2 5645 4985
2 5645 4538
2 4538 1628
2 2216 1628
2 2216 1612
2 3584 1612
2 6711 3584
2 5141 6711
2 4131 5141
2 4131 4587
2 3810 4587
2 2443 3810
2 2443 5874
2 1054 5874
2 4145 1054
2 4601 4145
2 4601 1600
2 1985 1600
2 1526 1985
2 650 1526
2 650 2376
2 3279 2376
2 4297 3279
2 1064 4297
2 1064 1987
2 6141 1987
2 4311 6141
2 4311 1488
2 6522 1488
2 6522 6209
2 2951 6209
2 5047 2951
2 2607 5047
2 2607 852
2 852 4139
2 3974 4139
2 702 3974
2 2941 702
2 5732 2941
2 5732 4022
2 4022 2098
2 2373 2098
2 2373 3359
2 3359 5162
2 4429 5162
2 4429 1440
2 6512 1440
2 2708 6512
2 3053 2708
2 3053 5553
2 975 5553
2 975 1803
2 3072 1803
2 4775 3072
2 6720 4775
2 6720 3316
2 2420 3316
2 2420 3733
2 4783 3733
2 2267 4783
2 2394 2267
2 2202 2394
2 4035 2202
2 5255 4035
2 5255 3937
2 1461 3937
2 1461 4952
2 4952 2081
2 2081 668
2 5271 668
2 5271 3694
2 3694 5039
2 5039 4050
2 4050 2757
2 6260 2757
2 1161 6260
2 2446 1161
2 3538 2446
2 5305 3538
2 5305 4250
2 6102 4250
2 6102 1272
2 2028 1272
2 2028 1201
2 1201 107
2 107 3423
2 3748 3423
2 3748 24
2 24 1377
2 4666 1377
2 364 4666
2 669 364
2 1098 669
2 1152 1098
2 4234 1152
2 4234 1748
2 6871 1748
2 6871 5966
2 3886 5966
2 6874 3886
2 1360 6874
2 1360 4894
2 4894 925
2 925 212
2 212 2438
2 2438 510
2 1910 510
2 1910 151
2 151 4951
2 2579 4951
2 299 2579
2 299 1890
2 4552 1890
2 4552 438
2 1087 438
2 1087 5251
2 3965 5251
2 3965 4162
2 4162 5187
2 95 5187
2 2649 95
2 2649 708
2 708 1590
2 1590 233
2 1916 233
2 1916 6613
2 4017 6613
2 4017 3321
2 5942 3321
2 5942 5975
2 6794 5975
2 6794 6589
2 1451 6589
2 6610 1451
2 1299 6610
2 1299 256
2 256 1433
2 1433 93
2 93 1336
2 6629 1336
2 6558 6629
2 6558 1443
2 4639 1443
2 4639 5424
2 2113 5424
2 1514 2113
2 6047 1514
2 6047 5673
2 5673 1593
2 6064 1593
2 6064 4312
2 4312 153
2 4691 153
2 4691 2043
2 5617 2043
2 3153 5617
2 3153 1931
2 3605 1931
2 6044 3605
2 6044 6019
2 701 6019
2 701 6321
2 6321 843
2 5953 843
2 5953 6103
2 6103 6004
2 656 6004
2 3349 656
2 3349 676
2 676 4188
2 1799 4188
2 3426 1799
2 3426 6217
2 6217 2783
2 1709 2783
2 1709 328
2 328 6778
2 6778 3893
2 3190 3893
2 6230 3190
2 5094 6230
2 6216 5094
2 6216 1538
2 1538 566
2 566 4828
2 548 4828
2 548 2787
2 991 2787
2 5581 991
2 2998 5581
2 185 2998
2 3882 185
2 4446 3882
2 4446 5286
2 5286 18
2 18 6077
2 3846 6077
2 3746 3846
2 3958 3746
2 6187 3958
2 1011 6187
2 1011 1296
2 1296 2479
2 5235 2479
2 5235 4820
2 4820 589
2 589 4807
2 4807 4002
2 1728 4002
2 1728 5494
2 5494 2363
2 4536 2363
2 3448 4536
2 3448 805
2 805 285
2 285 1944
2 53 1944
2 53 2219
2 2219 4181
2 1176 4181
2 495 1176
2 4306 495
2 4177 4306
2 2186 4177
2 32 2186
2 3672 32
2 3672 3277
2 1978 3277
2 1978 2997
2 2997 754
2 754 1227
2 2308 1227
2 2308 3808
2 3808 2301
2 115 2301
2 115 414
2 5552 414
2 5552 3919
2 3919 3083
2 1157 3083
2 1157 5267
2 5267 1973
2 5546 1973
2 5546 6674
2 388 6674
2 388 2541
2 2541 1431
2 6284 1431
2 6284 4456
2 5254 4456
2 1458 5254
2 1275 1458
2 1275 5742
2 5742 6948
2 660 6948
2 575 660
2 575 6596
2 3192 6596
2 4184 3192
2 5920 4184
2 2144 5920
2 389 2144
2 2971 389
2 2971 538
2 1050 538
2 1050 1548
2 1548 6374
2 6374 2887
2 6729 2887
2 4621 6729
2 4621 6008
2 6008 3058
2 3058 5328
2 2561 5328
2 851 2561
2 6550 851
2 6550 201
2 3614 201
2 97 3614
2 3548 97
2 3548 3047
2 2588 3047
2 2588 3724
2 3724 3840
2 6460 3840
2 6460 5987
2 3430 5987
2 3430 2830
2 6441 2830
2 6441 6017
2 6017 6212
2 6212 2387
2 2387 2502
2 4613 2502
2 4613 2932
2 2932 4179
2 4179 5761
2 5038 5761
2 1110 5038
2 340 1110
2 643 340
2 4006 643
2 248 4006
2 248 6200
2 6838 6200
2 6900 6838
2 6900 1940
2 1940 3890
2 4098 3890
2 1079 4098
2 3228 1079
2 3228 2929
2 2929 1518
2 1518 5357
2 6413 5357
2 6413 1004
2 5252 1004
2 1878 5252
2 989 1878
2 1460 989
2 1460 4041
2 4041 5331
2 5331 3156
2 3156 116
2 6040 116
2 6040 2885
2 100 2885
2 198 100
2 198 6731
2 6731 1001
2 6146 1001
2 6146 1902
2 5558 1902
2 3761 5558
2 3761 853
2 3697 853
2 3697 3381
2 2877 3381
2 6055 2877
2 6055 6043
2 6043 4825
2 3789 4825
2 519 3789
2 6252 519
2 4337 6252
2 4337 1656
2 1656 4672
2 4672 3745
2 3745 1816
2 3640 1816
2 3640 521
2 521 2196
2 2196 5663
2 5663 6734
2 4565 6734
2 6618 4565
2 6618 5533
2 4141 5533
2 4946 4141
2 4946 2355
2 4067 2355
2 3856 4067
2 2981 3856
2 6780 2981
2 6780 1035
2 1035 3241
2 3241 1552
2 1552 1297
2 729 1297
2 1806 729
2 1806 4943
2 4943 480
2 480 1582
2 1683 1582
2 1683 5351
2 1967 5351
2 4558 1967
2 4558 3004
2 2347 3004
2 2347 6143
2 6143 226
2 2719 226
2 2719 5899
2 5899 4321
2 4321 2870
2 2870 5054
2 5054 6174
2 6174 1407
2 1407 5849
2 5849 5108
2 5108 4725
2 4725 2938
2 5198 2938
2 6271 5198
2 6271 4876
2 6448 4876
2 6448 6806
2 4540 6806
2 4540 3576
2 3576 6930
2 1482 6930
2 5802 1482
2 6125 5802
2 4535 6125
2 4535 2508
2 3398 2508
2 3398 1322
2 4371 1322
2 4371 4954
2 4954 1476
2 311 1476
2 311 1300
2 1300 6305
2 6193 6305
2 6764 6193
2 1205 6764
2 1205 3645
2 3645 1393
2 1393 5363
2 5295 5363
2 5295 4357
2 14 4357
2 14 1465
2 1465 1541
2 4729 1541
2 673 4729
2 2554 673
2 1756 2554
2 1756 1936
2 5862 1936
2 5492 5862
2 5492 3811
2 3811 4140
2 4140 180
2 180 914
2 914 2990
2 4777 2990
2 4630 4777
2 4630 4036
2 4036 5086
2 3261 5086
2 448 3261
2 448 6325
2 6329 6325
2 5859 6329
2 2174 5859
2 308 2174
2 308 5057
2 5057 774
2 1295 774
2 3158 1295
2 2750 3158
2 2750 6450
2 4028 6450
2 4365 4028
2 5944 4365
2 3155 5944
2 3155 4902
2 4902 4367
2 4367 508
2 6631 508
2 6631 3652
2 4737 3652
2 4737 5887
2 1812 5887
2 5681 1812
2 5681 796
2 796 127
2 127 3969
2 3969 5354
2 5354 6323
2 4054 6323
2 5919 4054
2 5679 5919
2 5679 5597
2 922 5597
2 5655 922
2 5655 1963
2 5990 1963
2 2079 5990
2 2079 1244
2 5020 1244
2 5020 2729
2 5812 2729
2 6527 5812
2 6527 1304
2 4692 1304
2 5538 4692
2 5746 5538
2 2698 5746
2 4383 2698
2 4383 4910
2 4910 6926
2 2660 6926
2 6229 2660
2 6229 3221
2 3221 2410
2 4058 2410
2 4143 4058
2 1797 4143
2 1797 5431
2 5431 301
2 1608 301
2 4454 1608
2 674 4454
2 674 1682
2 1682 2606
2 5914 2606
2 5914 540
2 1423 540
2 1423 2221
2 1820 2221
2 1820 557
2 557 1225
2 1225 3691
2 3691 2982
2 4333 2982
2 5612 4333
2 5612 5525
2 3961 5525
2 3961 2795
2 2795 5261
2 5261 7000
