7000 1600
81 3088 2632 4506 5885 2661 3710 858 1201 5677 913 1561 6980 5505 6339 753 3571 3232 917 1822 1180 3127 6408 4001 2630 5326 1003 5442 4499 2228 2029 2662 2062 775 2686 2174 5051 4504 110 6858 4008 3720 6917 2204 3812 6048 6928 4658 1435 3369 505 3972 3829 4863 2810 1897 1 2369 3095 5464 6663 2338 6018 2138 465 818 2399 4930 4671 1414 3534 578 732 4879 5009 2273 5552 317 4156 726 3269 5743
100 2453 4577 1447 6367 6119 4593 6648 4495 4050 749 4040 284 4742 1049 163 3279 244 2023 486 1655 107 1278 4051 5374 3259 6948 5638 4219 1281 211 6778 2733 379 3244 2085 147 3154 6445 1897 4710 3113 3378 3829 703 2731 6618 188 6711 6507 2599 6754 5577 1615 2371 6501 6328 3696 4408 1491 629 6849 1682 3782 5518 2413 4300 4400 2333 5969 4426 1642 4931 4781 6519 6377 2301 304 6113 4272 3804 6978 3970 1763 2756 4080 5334 1218 3710 2073 1848 1980 1751 2350 4084 3933 1203 5421 5731 2767 5102
50 3710 4229 5468 1349 3829 3512 1016 2747 1530 2481 1658 5979 284 3890 973 1552 2805 1444 5985 6622 871 948 1006 3484 6410 6071 2383 6137 3001 4043 6429 5182 114 4338 5643 5261 5992 4998 3393 1837 844 3949 5213 3733 4224 1031 5822 226 5187 2811
27 3710 4613 5405 5983 5487 416 3399 1356 5065 284 5939 5754 5291 3112 4704 3602 5134 1725 4606 6254 5182 5454 5283 1618 4767 3338 2159
100 5590 5356 6179 2570 6899 308 1115 1990 1441 1507 4427 3713 2099 5324 2608 3819 1926 3339 1171 6770 5394 3425 3729 5184 4912 6397 1524 339 6623 4042 6907 6925 5004 3245 2166 154 4409 5758 2722 4826 284 4128 4327 151 1603 3750 5260 5487 6455 1761 5532 6549 5507 6965 4779 4865 4575 6713 3840 1295 5675 642 6901 616 2084 4288 4065 431 5775 6314 2197 6057 2633 839 2392 1267 1733 4331 3725 5392 2997 4732 3736 3903 6796 4807 5967 5363 1550 2332 2293 513 1628 1576 2841 4892 4810 2150 5182 4882
95 6944 2813 1757 5265 2041 1809 2716 4158 4381 1474 1403 3133 6704 6234 3991 1498 83 1876 4916 1581 5580 6854 1470 907 2838 4087 5375 2028 4955 133 216 5393 103 1638 3481 3764 4890 3124 6600 5182 6472 2490 5487 3831 6290 1747 1750 340 1646 3344 682 1965 5830 52 4090 80 5097 4048 388 6530 6138 3364 1448 453 3934 5912 5154 4121 3075 1247 2274 3713 1264 4137 2115 3223 599 5358 4217 6225 4384 2495 3221 2690 1540 6307 4538 6062 3514 2081 1755 1597 1460 5120 894
100 6276 5893 3063 5957 3863 5101 3416 6839 3286 5487 3438 5912 177 5630 281 2660 2070 2868 5010 191 5935 2415 3706 4945 3009 964 1271 1527 25 5316 2865 1363 2858 3666 440 1060 627 5003 6101 1544 626 1117 6537 6075 5657 1918 3900 962 5669 266 3966 4254 869 3651 5141 1914 3367 4596 1388 1930 2604 5864 5519 1746 3713 1336 4348 785 2128 2755 1237 6086 2566 5340 5702 6993 3159 1881 1721 3817 229 1248 6451 4373 4021 930 1972 2001 6609 3107 2130 5146 5707 4528 1770 2533 1505 6065 3185 6192
100 4792 458 4041 1423 3713 2988 4155 3183 195 2561 2104 507 3162 2542 1634 1823 6785 2569 6012 6076 2757 6591 148 2257 809 2233 2034 5753 1135 2618 4747 1527 344 2444 1548 3635 5056 6310 6664 6342 288 2125 11 6436 3567 1681 4616 5531 4210 3018 2467 296 558 5502 2343 884 1890 776 6193 4211 4825 386 4177 1385 6259 5912 2938 1355 6761 3396 3851 2286 2425 5337 4232 5928 2888 2136 5982 5659 3528 1723 2706 6316 2386 1351 250 932 1072 3316 2420 5550 1370 4092 6509 254 1438 4022 455 3980
100 951 1738 3612 4173 2672 5566 4808 2393 584 4566 3190 1674 2916 5247 959 2175 5714 4202 1074 4436 4675 4878 4612 5701 5877 2770 3669 2984 2960 2584 5912 6559 2621 3581 613 1429 5177 6162 6338 6271 1647 5207 4038 3142 672 3237 4387 1212 5048 1892 2396 3905 4845 2769 4999 3951 2127 280 343 6215 4562 2515 1583 3597 6368 1527 659 4399 6184 2712 4059 4667 426 4639 5037 5504 3084 1262 2545 3376 5588 3540 2468 2844 5898 6200 4260 3822 1823 6398 6443 1277 877 1712 6738 6624 4929 1700 897 6960
100 3220 1409 259 6085 2038 6879 271 4489 2304 2762 700 2663 1204 5021 338 3777 2267 5387 816 1527 4936 40 696 3875 6323 908 3944 235 5789 5118 5911 4321 3652 282 3665 2149 3432 1823 2563 2600 2457 4795 3419 997 4927 273 4566 991 780 5206 6373 4880 1109 2985 4467 1418 6016 2683 6388 1678 5826 272 4969 2113 494 5074 2112 3773 4190 3917 2990 6503 1272 5135 3814 1518 3262 2705 5007 2726 6479 1445 3675 6560 522 706 6908 1541 3607 1501 4835 5014 5949 5055 634 4524 2323 3330 1282 3879
27 4647 5900 1800 1129 2315 4925 4881 3224 1163 4966 3388 4114 4871 4566 4102 6060 3210 119 2818 6409 3620 4182 2038 2668 5770 1911 1823
63 5196 6700 1066 4305 6300 155 2038 4107 5607 4566 5867 1268 3224 3912 6331 6103 129 4866 1949 806 2882 1707 2788 3128 4293 5230 5793 5054 4922 6629 6134 720 4836 685 5841 4594 3074 381 6637 6797 2143 6851 3680 2676 6885 3309 1969 5850 1759 4508 4860 6819 4939 6880 3020 1562 4000 4100 4070 6428 3579 1557 6252
100 1083 619 2759 825 3572 1225 3066 2241 5633 6440 3753 883 4029 1188 1241 5909 3320 1186 6539 1818 3698 4627 5705 6818 5904 5192 1612 6869 5304 1752 6515 4307 2038 2162 3292 4375 2892 6319 1984 3303 457 3158 3224 6604 4853 1462 1928 3377 2791 560 6000 3306 88 786 227 3326 517 5944 2479 541 597 89 1903 2891 2074 6593 1904 705 1492 3961 3433 6884 575 4898 6836 4143 5680 5801 4739 5873 2710 6151 6613 906 4648 173 6183 4165 1855 945 2701 6813 6797 6147 3290 5215 927 2819 3072 6064
80 3258 1063 2454 2562 6634 1818 6332 6082 1194 5227 6237 1396 2078 764 5820 3824 332 4271 3920 2583 6217 6296 2387 2079 2119 132 1004 6692 3026 4072 184 6797 1974 2773 1463 2808 4684 3224 4069 1082 6665 1149 1713 1343 4608 6159 3838 6941 2484 6811 2523 2840 3323 6359 2685 5804 3993 3315 3313 4282 1137 667 2037 5539 2409 4539 4159 1794 295 2345 3898 1214 6709 2925 3815 6590 2674 3562 2348 1329
94 5083 4762 5232 5020 2666 1297 2195 6843 6939 5060 4205 4824 4685 2092 1080 3414 3061 6883 1288 5285 2309 6808 376 6080 5617 3656 978 6512 3639 1812 5540 4005 5799 4772 4072 2483 3766 3728 6221 2530 2682 5384 2045 5670 136 5163 1931 3218 1607 2627 6449 6987 193 467 3297 2624 1007 1985 2222 2860 1741 5557 564 4039 5289 1050 1744 1635 3707 1818 5876 2461 3515 2983 234 6760 3324 6457 5662 351 572 1002 3462 5228 6797 72 6385 2626 3327 820 3550 6169 5728 1167
100 1207 4516 6400 1964 4672 4073 6283 2000 521 5064 2684 6625 6686 4994 3732 1818 1120 1931 4707 1208 2516 6855 594 1922 1564 4340 3039 3864 6 5788 5233 6381 3139 5210 6662 4921 6876 5343 4913 2163 1300 4376 2579 2802 4510 6229 1884 6104 1086 4967 4726 6249 733 311 2511 3027 3877 4117 2648 3942 4035 5688 5618 3209 268 1503 3563 3687 6289 3857 6324 1845 1861 1342 5205 4631 5386 3397 4122 2402 3504 5782 5667 2605 5268 593 523 2441 1571 6051 6757 4072 4389 1652 4200 3480 380 4727 1514 3876
57 2314 1269 6485 3282 4072 3406 1402 4823 3359 4289 2181 590 6087 4857 6544 466 940 878 2046 4688 5646 2766 4940 4052 3065 4118 1685 4074 5306 5808 4443 4422 6021 6140 4952 5036 1931 6490 5923 6686 1330 4624 4859 2382 3997 838 841 2080 2210 1726 5321 6975 4032 1649 4027 5258 3569
18 610 1651 5517 6139 6686 2514 2642 1955 5298 36 1931 5976 1756 1407 6313 5258 2271 3068
100 5831 4933 1773 4115 2849 6994 5258 2305 2820 1373 1243 491 2340 462 4896 4444 2154 5127 421 5759 3255 2853 1335 1159 1319 6452 5699 6097 2097 6927 329 6686 36 5461 2268 1748 5277 1175 6784 1613 3284 1577 58 3532 209 4957 200 4142 3439 3078 2943 3908 6687 3288 3513 2644 1076 4451 6804 1024 5099 2979 1467 4735 1701 6102 4535 827 449 4877 2381 6932 4197 4174 183 3788 1906 2489 2259 699 1885 6040 1105 3457 4111 468 3390 4438 6478 6756 270 5515 631 6898 167 4395 673 4942 291 2614
100 3870 4791 4511 6107 2422 5411 6110 5112 3448 4805 197 325 1671 2646 6450 1768 615 4757 823 3866 1722 4802 382 2541 1929 4454 4634 36 524 4536 3716 4357 6327 3272 4666 3695 693 1532 6655 4094 6036 5017 6838 1466 4394 5479 592 6042 3717 1280 2264 5418 2641 781 5570 5766 6376 2235 3274 352 4418 1515 1947 2049 3847 3692 4285 2435 262 4446 306 2290 5399 4028 5258 428 6358 1899 2154 5582 4653 2623 4301 2697 41 1736 3884 4699 4740 3511 2585 1936 3469 4144 102 389 3426 1653 185 5471
100 4015 549 6406 5224 6427 2603 5777 4359 6394 1925 2291 5585 4365 6073 252 5090 2039 5919 1033 6355 372 2359 6287 5271 3547 5632 5511 128 2050 752 3578 1139 3243 1124 3386 5136 5905 6329 3731 3225 6492 4488 2133 3638 4907 1786 4560 6129 3619 2673 2438 2855 6576 3878 6916 2646 5851 6649 1249 6052 536 6967 5847 4979 90 3709 5844 4918 1704 3008 5202 6893 6294 4776 1802 1743 2101 974 6516 36 4976 4590 1575 1711 4601 1559 1140 3861 6875 1070 563 6722 2494 2154 2410 1624 6357 723 4160 5373
100 3146 5829 6294 312 1465 1187 4503 2265 1236 4302 5523 4058 788 3655 5006 2744 1830 984 3488 3184 2954 2500 5236 6404 3823 3781 4641 4544 2193 2658 4530 2154 3793 2160 6712 1717 6688 635 707 220 6475 2042 1495 3147 2554 1087 2945 3589 4843 236 3319 6081 2487 5422 5997 1381 484 1852 4500 6891 4369 6947 2192 4542 2459 2646 470 5549 6187 6109 451 4523 3568 2374 4287 1981 2535 4720 6360 5266 5510 6473 5331 172 2874 4893 3213 3476 3365 1475 3700 680 3583 652 4311 2930 625 743 4988 3195
100 5012 4567 373 924 5591 6822 6800 4743 5790 2172 1018 1127 3049 4518 2439 1788 1296 4334 5287 5132 5052 1176 328 5955 2850 1493 3719 2116 5508 4644 1909 5072 5698 2205 2015 207 402 6054 5066 4306 1401 51 2680 122 872 511 4520 2646 5364 1378 2058 6599 2628 6218 4713 2450 5917 2096 5838 2146 2749 6369 4412 5773 3715 4579 2424 2954 1764 5975 5978 6608 6255 2364 886 554 5500 3873 1478 1357 4265 4660 5062 3471 1323 4498 4068 4638 1022 898 797 6286 2225 6840 2553 6294 1627 1714 1317 5857
49 6117 2954 2433 3278 2829 4960 2946 5736 1810 6693 5133 6294 6837 2842 4972 5027 1857 6654 5781 896 5551 1245 1223 2040 2961 6059 4371 1419 893 2804 857 2110 6199 6460 2727 4604 865 5512 2198 176 92 5076 5572 1967 6337 4257 4012 3962 402
100 2121 2971 4097 4204 6009 4576 3069 4821 3405 2003 1353 1983 1221 3413 1831 446 3624 3096 5721 412 4023 6434 1169 2065 217 120 4669 3649 3178 2066 2622 1153 2652 1392 2795 3180 5245 5848 5625 6547 967 2954 402 4592 6202 4231 6352 4486 2821 1314 4154 3187 3207 824 71 814 3809 6780 998 4423 3960 261 146 5089 5635 3395 939 93 2398 5219 3392 582 4635 714 408 690 1938 2765 6298 6205 3278 2637 4243 5697 6116 1328 5916 4106 4130 4775 6335 4170 1659 6881 4801 740 361 318 1431 5626
100 6341 6998 3891 4581 6243 3278 5460 4098 5805 2974 3100 4138 402 670 485 2507 2256 6860 555 5024 2714 4407 4668 3749 4815 2748 701 2025 3509 3915 2532 6340 1804 6002 435 2852 2950 646 3922 5530 3712 5791 160 6896 5859 2145 2355 3953 4433 1365 3445 1387 2297 5858 3059 6274 1672 3098 3738 4053 6733 2148 1147 3117 761 2089 1826 1382 581 6937 5320 1648 3030 2576 3434 2202 6585 1983 3802 922 10 5641 6387 6403 5274 5693 1037 331 2587 5092 3163 2237 5786 6089 2612 3067 2189 6263 450 1666
18 487 6557 1730 6498 4136 849 6782 1197 69 4086 2615 3296 1104 1983 6733 4308 3278 804
86 5583 1805 5371 3561 2366 3296 2047 6348 4270 5995 3971 2064 6853 5710 4725 2262 6456 1289 4350 1298 4019 586 4984 4414 2910 4112 6736 4949 5075 3842 130 2901 760 2899 4056 4116 3487 4379 651 1975 4346 501 2792 5807 2354 5488 1160 6641 3236 3199 5359 461 1100 4889 2817 4329 3805 3643 2035 3275 1731 2522 2342 1988 6306 473 105 4241 4899 1434 3123 1122 3760 1983 4233 6733 721 5130 6458 4611 538 1660 2873 4985 5671 2060
100 6303 3289 3888 6372 3552 4374 3247 3334 6207 4665 348 3737 5915 3296 2729 3654 6197 2898 2976 5833 2171 605 247 2319 4630 4465 5251 4924 1307 4060 6483 6558 5022 4643 1993 181 2914 6136 2520 3349 5408 853 5879 503 2651 4758 47 3837 632 6321 3251 1961 6620 3697 6186 3818 419 5974 2230 972 3924 918 2798 267 4574 2912 643 815 6318 3956 3704 2921 2886 1316 6968 3418 5084 3240 4661 958 6728 1000 2913 1334 4932 3443 5423 4563 2262 3048 4222 1119 4140 6733 3470 2120 1793 1273 4417 5347
18 2134 3616 4702 902 2884 5129 4875 3296 1993 2227 756 5451 2262 2908 2427 4605 5082 4458
100 4829 758 6375 481 2423 5482 4610 2375 2446 4055 4629 5429 3574 2109 6706 2427 1250 418 1614 4295 5734 2462 5930 3999 3374 540 782 2760 3097 2395 1155 276 5043 2994 4126 17 6867 6077 4421 910 2469 3003 3380 3108 2806 1064 2284 1539 1152 4013 299 442 5401 6791 64 5139 4837 3646 1828 5543 3718 2778 2596 6626 3197 5473 4361 3287 5191 1993 2880 5126 6966 6309 6977 5335 2262 1508 6786 274 6848 131 4462 4774 6541 6842 1864 2746 6402 5691 1877 6106 4278 6652 4318 3110 4862 3173 224 6131
82 903 5403 2427 6635 289 3143 3363 4793 1062 6905 3021 1879 1573 6611 3603 438 213 828 583 4413 771 3412 6746 3044 3256 3444 6651 3036 3598 3825 1993 2558 2208 5459 2253 3530 5740 2002 5886 1151 4698 1886 4712 5252 4 4133 5366 4475 5901 4975 3387 6025 2999 2758 1522 6115 6330 4910 6155 531 2681 6092 5235 550 3415 6718 5318 2375 1579 5872 2211 6039 1900 2707 727 4445 269 5534 4343 3558 5497 2404
100 6177 4203 2105 4314 4226 1376 327 6911 4683 3676 2518 62 4242 4016 6415 3054 5339 1585 2832 1253 3491 661 2231 5980 2292 3947 4383 888 3459 134 1767 3768 4437 2992 4424 633 1391 3357 2776 3844 1258 1587 4264 3089 4582 3304 2326 3060 5984 2488 2667 4782 6859 6753 5041 2375 2700 6034 1177 1745 3832 1698 2017 1389 104 495 22 6943 2431 5377 399 5534 5761 4120 787 2427 528 915 3684 5276 6206 1908 460 2463 2122 439 2504 6821 2282 157 2775 2691 6268 3085 1870 2900 5950 4633 444 4214
17 3832 477 5964 5534 4004 5293 6088 1657 6646 353 2375 4131 6166 1891 3280 5678 4066
100 965 398 595 5073 4771 6476 5760 2278 4934 3871 6833 2602 737 569 6610 3106 6682 4734 4129 4914 2568 1880 137 1451 762 4885 3779 279 4968 4943 3832 1735 6031 5223 6646 5602 238 3231 180 6636 305 6984 6573 1333 6145 3798 6265 2922 6727 1665 754 2168 589 1915 3161 6946 4964 603 2322 5241 5889 3613 4798 3077 676 5534 3582 4304 4908 4148 4861 5435 6114 1865 5509 1708 867 3623 2857 5281 1065 2142 5533 6979 570 5951 2232 3083 6922 5747 5181 2671 1156 3987 5119 952 669 2295 4393 1483
17 2408 6646 6308 3161 544 6710 5931 2796 5962 6810 6105 2090 2544 6196 3832 4468 4935
100 4764 1084 1924 3689 3082 3702 937 108 1449 2401 3688 6384 3756 5085 2165 4678 1662 2327 747 4262 6646 905 3191 3868 2790 3940 4123 6128 4020 2847 4831 3161 4339 4655 3699 3621 4839 5729 1371 5088 2803 60 3120 2496 2224 187 4816 1232 1999 5764 2164 49 24 3497 5527 5315 5312 5415 3164 5846 520 4468 3882 434 3103 6868 1471 1670 3557 2061 3465 4312 5185 6336 1059 3176 5991 3641 3537 1348 5391 2014 681 1588 3174 4854 2634 2432 2564 2378 5068 2831 6588 1883 4259 6577 3169 5529 750 6425
53 4468 2534 6551 2182 3353 2209 887 1077 1230 5730 1668 5204 546 3161 819 6246 1384 3385 2598 5383 6095 4822 6128 768 6763 2167 2318 5296 2546 2218 2254 1887 6792 1322 3148 121 1442 59 488 3431 2379 719 1411 2973 1184 5892 4652 1142 4330 2620 2098 4961 6351
17 3948 6602 2385 1394 5836 4468 901 5449 6128 170 5297 1820 6019 1442 1572 1093 3023
41 1986 3222 2878 4078 3175 5832 1572 5327 2629 1697 2242 6747 476 5308 789 4513 895 4088 5584 2118 4076 3226 3813 4316 1578 1442 4456 6554 4852 6128 5861 5447 4261 6787 621 5018 3417 5623 1023 6886 4780
45 1847 5545 3593 1973 2692 6824 4496 5854 6220 1572 20 1017 6470 6554 1695 2095 3463 6903 3899 3294 5032 2754 1047 2258 1705 3995 3285 4759 526 4372 2870 5104 790 4250 1044 694 1442 5035 3587 6219 748 5809 3291 5906 6500
53 6554 68 5613 5249 1017 4585 5253 2170 4547 4213 3354 6725 5439 5425 1572 2303 4694 3501 1427 6579 2020 5368 3025 1709 4166 3447 6708 3906 6424 1916 5282 2111 2356 3125 1921 5687 85 3352 5704 2249 4711 641 5332 2968 5772 1173 539 5882 679 3996 1254 3053 4891
17 5613 6554 4360 141 4310 975 6007 4992 3506 4481 765 5810 6389 1531 5811 1017 3091
100 3527 6789 1326 6178 5956 2981 728 4614 5863 1509 1905 179 3785 609 4336 1035 6930 5239 5751 4716 3850 6489 6423 1138 911 1874 292 5592 5103 4753 3631 5344 1976 4103 4017 2709 6170 3830 1257 3012 4602 5122 4754 6431 3845 3791 542 6719 5988 6459 4025 3763 920 2215 1706 1765 3848 2854 367 5613 4380 2329 6194 2763 2491 6477 4406 842 6776 497 1196 1694 2229 6278 1827 29 4196 1017 6909 6888 4141 1602 3522 5470 3893 1841 1853 5865 3446 734 5837 3783 4415 2200 143 6070 975 530 5868 5427
100 6592 4670 6981 127 4460 565 5113 1808 6750 4324 1688 354 358 6667 735 3172 5379 4185 144 6223 6720 5526 6480 813 5573 6594 6333 5218 793 81 3998 2571 1189 1987 3570 2768 1130 5317 5407 5825 6362 1227 4615 3965 3523 5616 73 5402 5735 4145 5620 5194 5711 3276 975 3883 971 5613 6793 1164 2482 4514 983 6250 3510 1279 76 1934 3064 4676 4240 2114 3468 992 5601 551 4649 5122 6033 4351 275 3586 1477 1633 3833 6098 5448 5835 3909 3910 1094 6775 4656 1030 1686 5161 3219 6642 4591 2270
86 4746 3336 1687 5467 2176 285 6168 4790 6919 6322 3691 5615 3909 6213 4281 3421 975 6676 5128 1190 4010 855 3775 5156 342 532 2601 6820 2897 1611 926 3347 1315 489 6823 6467 2033 6660 1107 835 5434 5668 1780 1872 6552 3821 4031 608 500 3836 3122 2421 1824 4800 2781 691 3494 1693 4687 5571 712 4803 5122 2703 5432 201 4273 3679 6363 1728 1943 4689 4284 3115 12 6672 6395 5797 6517 684 3080 6565 875 953 2388 6900
100 2339 1347 1907 1621 4296 2100 923 2905 1010 65 214 4345 1716 6045 2919 3138 2077 168 3828 6535 91 3230 6950 2212 27 6690 4274 4695 3685 5430 6488 1399 4189 5609 5250 4600 4223 4447 3449 1772 4693 3475 5575 3726 744 3739 3690 1198 1146 490 6765 3322 2430 3810 2460 4178 2834 5189 5188 4434 3246 5942 3626 3050 1390 6430 3909 1020 1375 791 912 3681 2449 4664 2223 2619 6705 2179 942 5122 79 6660 152 3458 2927 4756 1833 5648 2428 1210 3539 6971 3314 4303 6633 801 829 6182 162 4818
100 4366 2464 4113 4430 3629 2877 677 4996 2372 1995 1240 1860 3473 1485 1337 2255 1191 516 5778 6958 4838 4919 2394 5727 3400 6003 100 5216 5936 6405 2347 2335 6111 5925 2240 5028 4363 866 5370 4435 3277 3989 3035 4323 5703 1399 4457 3789 5357 6714 5380 4255 2019 2499 4731 3885 1844 4965 472 2987 6631 6502 5416 2068 1456 2730 889 3636 3544 414 6660 6703 4187 3909 4470 6555 2826 96 6371 6209 3994 2715 1933 663 6989 5783 5651 2325 1341 1415 1340 6284 2941 3479 6462 3954 3211 5862 1650 6779
17 1399 5565 443 5023 3211 6167 795 2508 2809 909 6660 5466 2391 6744 1784 393 3786
100 3211 6640 2336 2606 3668 2789 326 2589 864 3967 2903 6701 3723 3051 1598 1399 1054 6731 5137 880 123 5396 766 3981 4482 5257 6108 237 6411 960 2556 323 364 3116 5302 6514 475 6890 837 5240 443 6936 117 5970 5719 4183 3166 5495 1775 4195 2736 1684 1125 1085 4715 860 5567 6661 5288 6153 2352 6374 5963 4153 2616 5556 5787 1836 3467 5148 3242 6302 1053 1997 6285 6816 725 2876 4199 4388 2935 3628 2536 5307 2341 278 2276 6920 2472 5695 3894 4950 4479 5311 988 2234 153 657 4405 2640
100 4448 3507 892 5354 5290 5644 4709 1383 2188 3411 2799 3000 966 1369 6740 4356 3461 947 2677 675 5610 5150 6121 4948 4844 2497 2837 2244 3130 1098 5369 821 1261 5755 4887 6226 406 1405 5058 3046 4425 5521 212 6013 5559 5843 755 3754 3535 425 739 4905 868 459 5463 3897 3031 499 4571 6228 5719 6280 3211 3456 4603 199 2022 109 3787 2936 2252 5226 1285 443 1179 3235 241 5574 3302 650 3332 2939 5501 4147 1193 568 54 6942 1174 4063 1758 3663 1345 417 4789 5436 321 6895 955 6053
95 3087 5719 115 1487 3787 1058 2848 5046 4477 5431 5345 4785 628 2419 4083 5419 4733 1367 4003 2675 4464 1034 1014 3129 2986 5116 6293 3177 1097 2389 2306 5042 4690 4959 5050 5026 1625 1536 1727 4642 1052 55 3806 2996 5244 4099 5685 4347 1126 5676 5914 4989 6850 2263 4079 1075 4923 6235 3252 3599 6380 2443 3538 4101 413 5520 5834 6264 5199 5269 6531 2732 4326 4169 3529 4580 443 3670 6504 6499 784 3165 3881 6347 3792 4636 3916 4283 1979 5896 3929 1636 4461 5948 4830
100 253 3913 4770 604 384 3799 4269 1041 1641 1838 5475 2528 5114 2894 6049 3283 6154 3168 3329 4347 5918 6656 2846 547 5866 1834 3595 4404 1982 6484 6913 4541 5480 1276 654 6005 6032 5208 4569 4953 4263 18 812 2687 6542 1412 496 899 3724 3608 6413 2190 6216 5875 3693 2213 6938 3705 5880 1589 4737 580 1956 4517 5887 6125 2158 6240 5658 1806 4047 124 5038 5478 919 335 6204 2851 3546 2890 543 3787 655 4474 391 5483 1450 692 1372 3746 3149 3843 2365 2261 5674 5719 6466 5169 738 5593
21 496 4347 4493 2377 1566 5921 5176 5428 6817 150 1309 5314 3310 2549 5561 3752 6181 561 6273 5738 3787
100 5465 653 1168 2725 3145 43 1162 3585 4848 2656 6587 630 4347 6511 6491 4769 1195 6497 313 6156 4856 3014 6914 2975 3816 1622 6575 5694 6774 6877 3580 6214 5768 2498 3028 4842 6790 6621 4814 6334 5706 5138 2728 84 2695 4064 3441 221 205 337 5351 369 1366 330 3533 436 6130 5653 4847 3057 1702 4867 452 3055 1009 86 6538 5554 480 403 4442 529 6882 6769 1019 5891 1560 5600 1677 5437 3440 6015 1404 4313 496 5634 5733 5802 989 3372 1529 6940 4646 196 5491 370 6889 6912 2549 2247
100 6267 4149 166 1754 6522 2245 6195 3216 2063 3846 6803 2221 5453 66 3771 3683 3358 4268 4928 3758 2059 6563 5650 1202 4018 1970 2300 3968 496 409 1596 1145 874 4095 4841 3617 5934 5381 5927 3270 5243 4007 5059 3328 1479 1324 4977 6864 2777 1776 5749 4531 1494 6304 4993 5016 5490 1994 2203 2737 6326 4441 2180 4623 6163 6527 2272 4313 4526 6545 1595 1301 5536 4390 689 363 404 6832 3368 3959 2549 640 4403 6616 6010 2824 3383 6390 1734 5153 1364 6044 5361 6904 4626 6148 5816 553 2184 239
17 1789 2357 533 4313 5546 37 5417 2537 5047 2196 5558 297 4519 2549 4403 346 1762
100 5622 1862 2948 1643 3573 4625 5077 422 1048 6518 5971 4184 6906 2452 2057 1148 891 2005 6788 1244 3795 4193 606 2864 6468 6910 4201 4403 5170 5214 4378 6354 4703 5870 6241 1306 3566 6735 2009 6245 1519 5217 2486 6639 4938 3565 6422 4915 6988 3460 75 6035 6699 4598 2117 6685 3189 5544 3633 4501 5319 3869 2572 3618 3921 5589 5968 1305 3153 28 1591 4765 5109 623 1183 2595 5821 1454 5560 3524 2108 4941 355 4313 4873 1400 70 4980 1219 2738 533 2400 6523 6870 97 863 1012 231 3343 2069
100 5652 1182 4937 5903 6020 377 890 5595 1790 885 1623 697 3382 5221 2067 3331 2155 322 2260 4522 5053 77 6828 509 293 5071 533 2952 50 2917 2135 5853 232 4490 2013 159 6863 1421 6589 3394 5563 5717 356 4164 3648 1061 1797 4662 1338 3722 4194 6526 1863 2417 4258 624 5011 2363 5839 3632 6825 4093 6897 4962 715 28 6041 5522 1046 300 1339 2559 1644 2713 3502 3757 6673 3519 6748 3052 3642 4403 1205 1327 1422 3973 2800 2869 2434 4986 2016 5197 5039 1437 2361 4225 3047 3403 2349 1953
100 4744 3976 2131 6463 4472 1910 6873 4075 3931 6317 557 3502 6525 1481 1715 118 1546 1181 3935 28 303 264 1320 6732 2169 2823 639 963 6346 4820 2012 3963 1239 6844 6521 1520 1026 6723 1568 6258 3261 6606 6734 2699 508 1656 1783 4901 1553 1511 6568 533 1473 4105 1661 6540 5246 5125 6299 6421 1161 1608 2998 48 4773 3784 3017 4267 6189 15 6945 2647 5414 5149 2177 3260 1858 6481 4741 5093 35 483 2353 360 4971 3606 3872 2123 6099 1116 4697 4894 2654 3592 852 5813 2397 1068 3455 2296
100 6100 1556 6426 3239 3409 6152 6506 5594 260 5123 4752 5410 4956 1523 3730 63 5756 2440 1889 4714 3379 3820 6257 5095 5246 4870 5152 4545 2331 5167 277 2721 174 1113 3179 4897 5388 879 4947 573 493 4298 2485 834 5080 4551 3140 2896 2940 6963 1888 5794 6605 19 556 5642 5106 859 3502 1433 4534 6923 4382 5993 6694 1948 28 2594 2969 2856 1567 2448 4108 2076 4677 6845 3205 6435 4561 5725 6412 566 463 6474 6311 4834 3794 1472 9 2521 3013 5155 6094 5452 3340 644 1819 2923 3932 3553
25 5162 410 5198 3502 5629 5246 6878 3086 1778 125 5603 506 2331 5231 5295 4186 2187 848 3505 6242 4317 5817 1321 2591 4597
100 6603 3093 2206 3703 4364 6645 474 5151 6698 1616 2993 5795 2580 315 1912 5346 5286 1534 1629 1073 6597 2786 1350 3186 38 2331 3667 1001 1817 56 3770 6717 5696 98 3167 4109 6829 4033 4763 3333 5246 1547 2243 1238 4473 4480 169 215 6370 2199 5142 3657 2859 5874 223 101 687 4529 2964 3037 5603 2344 1486 1692 4146 514 1542 6741 981 1791 1601 3227 1354 1360 741 1580 4353 206 3370 1696 4391 1318 5365 2828 3079 3137 6158 3126 2560 5741 5742 6022 5372 4869 4851 3424 3735 3267 3979 1235
100 5842 3826 1859 1088 5581 1270 2551 1118 39 2933 3896 5568 5883 2376 2843 1610 3741 4089 2610 5796 3584 1951 1368 5450 2972 2679 140 6992 1112 1774 1807 1944 405 1590 2582 5776 1211 668 2753 954 1497 4902 6279 411 1963 6745 5499 5943 5611 2506 5382 2693 1096 5193 2199 53 5973 1157 6191 156 1111 3939 4385 2048 365 2157 6378 1570 2785 4621 5746 3974 3194 5079 2331 3422 138 1172 4813 1719 5599 2780 1283 394 5349 3614 5603 1718 6570 6275 6691 698 1078 5959 5715 774 5723 1551 1102 5329
100 6601 4700 6724 2670 6866 1971 4578 4718 6657 257 6247 6078 900 2199 4335 5049 2750 6133 5157 161 4797 2251 5603 6067 3743 3503 1096 607 3986 3452 4777 6847 2636 3312 6783 6827 5309 1504 5757 2289 164 2445 4419 4550 116 3070 2153 3041 3957 5484 2266 1992 5645 2287 4162 4428 479 6083 5765 1996 5494 6956 2194 2836 2955 4827 6755 1737 2625 6006 5 2784 6715 1632 2704 5426 2801 1766 430 587 6201 1792 1028 3664 5342 2951 4651 5061 5330 2543 1263 5535 3841 1091 3453 301 6281 2689 6834 1946
16 656 4817 3268 5145 6448 3911 3622 161 3105 1096 3517 2199 3596 1067 2505 2412
98 6011 6017 4817 4730 6208 6627 6349 392 3407 5692 4487 5367 4888 6764 3375 6630 2926 3361 4453 4794 1199 3430 1432 4973 5444 1213 1265 6055 1832 612 5815 5413 5562 4701 6658 3408 1420 6970 5264 5057 6887 6026 3428 4483 6983 4533 3659 3958 4332 6520 1123 6469 6572 2106 6171 6084 4011 1325 3436 5913 4245 283 3342 3249 1941 6777 2411 3945 5406 1962 4235 5186 6345 3042 3305 4556 3988 6962 1096 2918 6414 1703 2752 925 1851 6581 4588 6830 2906 4628 1968 534 2269 4459 161 5907 3767 5631
100 6915 601 6795 3188 3853 2827 2980 1332 5767 1882 4521 576 3090 5355 6356 5352 574 30 2743 1920 6670 3489 5067 222 994 3043 2418 5455 5160 4368 3660 6678 4817 6144 2539 3600 1459 5034 161 805 4559 3854 6617 6399 4209 1286 5606 2018 6933 13 366 2480 2966 1960 3024 1377 2740 1683 832 4632 3811 5385 4874 3521 145 2510 6595 3808 6902 3493 3335 6668 4248 5350 3032 333 2478 4868 1455 3081 2451 2456 4761 3241 4505 5234 5771 2909 1260 1939 445 1740 5763 845 4701 5469 870 2525 407 345
84 5019 1222 2107 6433 469 745 5063 3450 1850 3071 4609 1771 6758 307 6697 3640 4729 3492 5718 5115 5619 3977 6282 4439 396 3136 4617 3151 4817 4706 6135 5005 3682 2548 826 6759 94 219 3485 3121 2883 4392 1452 6188 3862 5999 3076 2416 4750 1229 525 6447 6043 1991 5328 6918 3907 4449 2782 4227 3201 1537 3969 347 2937 3808 2645 3318 5284 3950 710 614 5164 5201 671 1424 149 2007 5524 6752 4701 1040 982 792
100 1896 4234 3708 2611 2437 3671 3672 6175 2825 4663 1057 5238 2871 5823 2711 1592 4997 2934 14 929 3472 5682 6364 6382 1932 3204 1811 2093 4701 2833 3381 2565 620 3880 1496 3016 1954 622 2879 2783 6974 4207 1769 1856 5225 3721 6126 6047 843 2512 87 258 5628 2524 2082 3233 3477 6439 4812 1617 4049 3808 6926 1854 3389 4749 2794 1038 5890 512 1480 5143 6173 5998 3045 6465 2216 5860 6862 4355 6433 3835 1533 1849 3634 6931 4168 6211 3482 6972 2527 4358 1814 1528 6935 6418 4125 6210 4840 5538
100 5179 1209 5256 3135 42 374 2004 1742 4502 5922 6093 709 2220 5748 518 2312 3518 5237 3548 3508 5708 3238 1813 175 6272 510 182 3644 769 6066 6548 6935 4485 3351 4135 3337 6386 5476 5203 1803 3747 1957 2103 57 2735 3118 106 5173 3941 4212 1554 5124 4548 4110 2872 3308 4755 6801 5255 5424 3516 6198 2764 3119 4455 5397 2931 204 5270 4151 3808 256 3780 4494 6872 2669 1604 3155 5884 946 1275 5569 1045 4237 674 6433 5174 5965 3144 4077 3955 783 2390 3594 5656 4322 139 4858 2151 2139
16 4548 1787 1940 6433 6935 1846 2793 5171 2970 647 4030 2555 3860 482 2368 2283
64 5485 6953 6935 2578 4266 4548 6444 324 4766 1311 6976 4410 2124 1893 4995 4297 4163 2279 5117 4030 4622 5015 5180 5481 2477 931 208 5110 2083 31 5441 290 3796 4230 4738 310 4906 519 4525 4367 736 802 4067 6638 4352 2531 2513 6996 1513 2881 1395 2360 1436 2787 3978 6383 6681 1358 5528 3200 4804 3056 189 5952
90 4978 3541 2298 4161 5752 4548 5100 4657 1215 751 6232 4236 4221 4009 3694 5336 6567 2027 5624 502 2493 5924 424 4872 4679 3677 811 2152 1393 2337 4787 5700 2861 1246 202 4717 5404 2132 1178 6892 3889 6461 683 3590 26 5636 3198 334 1200 1266 1795 5660 4280 4030 2026 3325 6683 2275 4673 6584 1516 1251 1917 5472 3936 1005 6729 1801 1549 5121 3214 4680 1654 3827 464 126 5166 664 4618 1284 987 248 5159 1513 4396 1143 3196 5627 2294 1446
16 6396 4176 4717 2281 5960 6650 4030 2011 717 2492 6852 233 1669 3483 5280 1513
53 1565 5002 4850 4554 4512 2407 3904 4717 2949 1513 4275 6146 2156 3435 2822 3437 5647 4970 4290 2173 3849 6124 3627 4958 3727 4681 5209 1103 4176 2557 4806 6050 2889 2592 921 3307 6826 969 4362 1710 3141 6366 3490 3355 2638 478 4244 2550 1228 4640 3022 4691 4778
4 4717 4176 3429 5647
4 5647 6297 3429 4176
4 5608 3429 6297 5647
4 6297 3429 5608 3062
4 6495 5608 3062 6297
4 1815 6495 3062 5608
4 1815 3062 1259 6495
4 1259 1506 1815 6495
4 1815 1506 1259 255
4 3300 1259 1506 255
4 1506 3300 3402 255
4 5158 3300 3402 255
4 3300 5158 3402 1545
4 5158 6749 1545 3402
4 1545 5158 3295 6749
4 1545 3295 6749 3229
4 6749 3295 3229 302
4 5516 3295 302 3229
4 302 5516 3229 6578
4 833 6578 302 5516
4 833 5516 190 6578
4 6578 833 4760 190
4 4119 190 833 4760
4 4119 190 4463 4760
4 4463 3212 4760 4119
4 4463 1525 4119 3212
4 6437 3212 4463 1525
4 6437 5165 3212 1525
4 6437 5165 3542 1525
4 5165 6437 1408 3542
4 3856 1408 3542 5165
4 3542 6954 1408 3856
4 6954 3856 1408 3401
4 3401 3856 2183 6954
4 2183 6954 3401 6132
4 2845 3401 2183 6132
4 1760 2183 2845 6132
4 1584 2845 6132 1760
4 2845 1760 3156 1584
4 3156 6929 1760 1584
4 1584 3156 6929 2694
4 2694 2779 6929 3156
4 2779 2694 218 6929
4 218 2694 2779 1563
4 1563 2779 3360 218
4 1563 3360 1141 218
4 1141 3360 5784 1563
4 5784 1141 3360 6494
4 6494 1141 846 5784
4 2201 846 5784 6494
4 2201 6494 846 5140
4 2201 5140 846 4584
4 1312 5140 4584 2201
4 3759 1312 4584 5140
4 2989 4584 1312 3759
4 1457 2989 3759 1312
4 3759 1457 1154 2989
4 1154 2989 1457 3040
4 1154 32 3040 1457
4 3040 1154 32 527
4 3040 32 527 3564
4 4572 527 32 3564
4 662 4572 527 3564
4 662 4572 3564 4286
4 4286 3661 662 4572
4 4286 4811 3661 662
4 3661 5739 4811 4286
4 3661 4811 2442 5739
4 2442 5739 4091 4811
4 5739 3266 4091 2442
4 4091 3266 2442 4696
4 4091 3266 4586 4696
4 6315 4586 4696 3266
4 4586 4696 6174 6315
4 6315 6174 4586 1873
4 6315 1873 2474 6174
4 2474 5001 6174 1873
4 5001 2474 1308 1873
4 5001 2474 729 1308
4 729 1308 5001 5987
4 729 1308 5987 773
4 5987 3150 729 773
4 773 5987 3150 5254
4 854 773 3150 5254
4 854 1543 3150 5254
4 1543 5564 5254 854
4 1543 1866 854 5564
4 1866 1234 5564 1543
4 1866 5564 1871 1234
4 1234 1866 1739 1871
4 1234 1739 3874 1871
4 1871 1739 5726 3874
4 3874 4983 1739 5726
4 5726 4983 3874 6222
4 5726 2006 6222 4983
4 6222 6432 4983 2006
4 5586 6222 6432 2006
4 2006 6432 5586 3254
4 5586 6432 5547 3254
4 5586 432 5547 3254
4 432 5547 3254 4006
4 432 5445 4006 5547
4 5445 375 4006 432
4 5445 375 2772 4006
4 4599 2772 375 5445
4 375 1398 4599 2772
4 2772 1027 4599 1398
4 1398 1027 4599 4904
4 6262 1027 1398 4904
4 4904 6262 1027 6256
4 4904 3526 6256 6262
4 3526 3 6262 6256
4 794 6256 3526 3
4 5897 794 3526 3
4 3 5897 6233 794
4 5897 6233 794 2631
4 2631 6233 5637 5897
4 6598 5637 2631 6233
4 4431 2631 6598 5637
4 4431 3498 6598 5637
4 6598 5655 3498 4431
4 5655 4431 1255 3498
4 1499 3498 1255 5655
4 1499 1255 67 5655
4 1255 67 1499 999
4 67 1499 999 2944
4 5438 999 67 2944
4 999 2944 1170 5438
4 2944 1170 5438 5926
4 5378 5926 5438 1170
4 1170 5378 5762 5926
4 4909 5378 5926 5762
4 4909 5762 5986 5378
4 5986 4909 4783 5762
4 4132 4909 4783 5986
4 2807 4783 5986 4132
4 7 2807 4783 4132
4 4132 2807 7 3858
4 7 3858 2807 6991
4 3858 6991 4246 7
4 5953 6991 3858 4246
4 2373 6991 4246 5953
4 5953 4246 637 2373
4 2688 637 5953 2373
4 4570 637 2688 2373
4 3099 2688 637 4570
4 4256 3099 4570 2688
4 4570 3099 772 4256
4 5881 3099 4256 772
4 772 5881 4256 3002
4 772 5881 3317 3002
4 3002 5881 2977 3317
4 3317 2405 3002 2977
4 2324 2405 2977 3317
4 2405 2526 2977 2324
4 5683 2526 2324 2405
4 5683 2526 1839 2324
4 2526 5683 1839 5030
4 5683 5030 1839 6288
4 1839 5030 6288 5920
4 6288 5030 1089 5920
4 6288 5920 2311 1089
4 5920 385 2311 1089
4 2071 385 2311 1089
4 2071 1132 2311 385
4 2071 1132 3855 385
4 2071 1132 4247 3855
4 3855 938 1132 4247
4 938 4247 3855 2426
4 4247 2426 2959 938
4 5222 2426 2959 938
4 5222 2959 6702 2426
4 113 6702 2959 5222
4 6702 5222 113 23
4 23 3554 113 6702
4 6807 113 23 3554
4 1867 6807 23 3554
4 3554 1867 6807 1144
4 4991 1867 6807 1144
4 3362 1867 1144 4991
4 3362 1144 4991 724
4 4991 3362 979 724
4 724 3560 3362 979
4 979 724 3560 3454
4 3454 1894 979 3560
4 3454 1894 3560 1416
4 1894 1416 4081 3454
4 1894 4081 1416 2072
4 5272 2072 1416 4081
4 5272 2875 2072 4081
4 2875 5272 4188 2072
4 5856 4188 2875 5272
4 4188 2875 5856 4253
4 5856 4188 4253 210
4 4253 210 6716 5856
4 3952 210 4253 6716
4 3952 210 6716 2088
4 6079 6716 2088 3952
4 6312 6079 2088 3952
4 6079 2088 6312 6805
4 6805 779 6079 6312
4 6251 6805 6312 779
4 6251 779 6805 2958
4 2958 779 371 6251
4 371 2403 2958 6251
4 2958 371 6416 2403
4 6416 2403 371 5360
4 6416 5360 577 2403
4 6416 5360 577 3265
4 6030 577 5360 3265
4 6030 4124 577 3265
4 3265 6030 6949 4124
4 6030 4157 4124 6949
4 6949 4124 1133 4157
4 4157 1133 6773 6949
4 4157 6773 1032 1133
4 1133 456 6773 1032
4 243 1032 456 6773
4 1032 243 456 4855
4 243 4855 730 456
4 3711 730 243 4855
4 3711 730 4855 2547
4 2547 6529 730 3711
4 1192 3711 2547 6529
4 1192 1386 2547 6529
4 1386 6529 6438 1192
4 1192 3772 6438 1386
4 3772 1386 6438 4654
4 6438 4654 1150 3772
4 6924 3772 1150 4654
4 4654 6695 6924 1150
4 2502 6924 6695 1150
4 2502 6924 1380 6695
4 5492 2502 6695 1380
4 2502 1380 5492 2928
4 1380 798 5492 2928
4 2928 5744 798 5492
4 5744 2928 798 1252
4 5175 5744 798 1252
4 1252 5175 5744 6001
4 246 5175 6001 1252
4 246 6001 5175 3321
4 6001 6771 3321 246
4 3321 6771 2907 246
4 6771 2907 3321 986
4 986 2144 2907 6771
4 6172 2907 2144 986
4 6172 3543 2144 986
4 6172 3543 2321 2144
4 2321 1256 3543 6172
4 1593 1256 2321 3543
4 1015 1256 2321 1593
4 1593 1256 1015 3253
4 3253 1015 808 1593
4 3253 1015 808 4564
4 3253 808 1538 4564
4 1538 4736 4564 808
4 4564 4736 1538 6831
4 6831 4736 3536 1538
4 6831 4620 3536 4736
4 4620 3536 5929 6831
4 4620 3536 5929 4034
4 5000 5929 4034 4620
4 4034 5929 5000 722
4 5000 4034 722 178
4 5000 3645 722 178
4 2552 3645 178 722
4 178 359 3645 2552
4 3645 716 2552 359
4 359 5096 716 2552
4 359 3647 716 5096
4 716 5096 3647 4751
4 3647 4751 678 5096
4 4751 678 3647 6180
4 678 4751 6180 420
4 420 678 4819 6180
4 6180 4819 420 3111
4 2447 3111 420 4819
4 3762 4819 2447 3111
4 3762 3111 1166 2447
4 5212 1166 2447 3762
4 5212 4354 1166 3762
4 4354 5212 1166 3701
4 3701 4354 5212 4342
4 3701 4354 4342 2745
4 4342 2745 1036 3701
4 2745 4342 4238 1036
4 2745 4238 1036 1842
4 1036 3152 4238 1842
4 4944 3152 1842 4238
4 1842 4944 2734 3152
4 2734 3152 4944 5996
4 4082 4944 2734 5996
4 5996 4082 2734 3171
4 3171 5996 4082 695
4 695 3171 4082 5994
4 5994 3171 6684 695
4 6684 5994 3215 695
4 3215 1821 6684 5994
4 1821 6684 1868 3215
4 3215 1821 1868 6239
4 6239 1868 1821 1631
4 1631 6239 6524 1868
4 6612 6239 1631 6524
4 6524 158 6612 1631
4 6524 158 6612 4401
4 4401 2055 6612 158
4 4401 2055 6959 158
4 4401 2055 6959 916
4 4026 916 2055 6959
4 4026 6959 916 4982
4 3985 4982 916 4026
4 3985 3545 4026 4982
4 4982 3545 2036 3985
4 3545 3985 2036 5640
4 5640 5888 2036 3545
4 5640 2036 5888 1361
4 5888 5640 2963 1361
4 5888 1732 1361 2963
4 876 1732 1361 2963
4 876 1732 2963 2186
4 876 2186 1732 5818
4 876 5818 95 2186
4 95 2186 5818 5398
4 5818 5398 95 2367
4 5398 95 4832 2367
4 4832 5398 5849 2367
4 2367 5849 4832 4884
4 4884 5849 4832 357
4 357 5190 5849 4884
4 611 4884 5190 357
4 611 1796 5190 357
4 1796 171 611 5190
4 1796 822 171 611
4 822 319 171 1796
4 6277 822 171 319
4 822 4552 6277 319
4 319 4552 928 6277
4 2308 6277 4552 928
4 2308 4552 3807 928
4 3807 2308 6952 928
4 4788 2308 6952 3807
4 4788 3807 5462 6952
4 1645 4788 6952 5462
4 1645 1898 4788 5462
4 1898 5462 1645 2334
4 6751 1898 2334 1645
4 807 1898 2334 6751
4 807 6751 2334 4251
4 4251 807 4768 6751
4 807 4768 6982 4251
4 6419 4251 6982 4768
4 5724 4768 6419 6982
4 4527 5724 6419 6982
4 4527 6419 4540 5724
4 5724 2010 4527 4540
4 4527 2010 4540 6985
4 1291 4540 2010 6985
4 6985 2010 708 1291
4 708 2250 1291 6985
4 708 3982 2250 1291
4 3982 34 2250 708
4 225 34 3982 2250
4 3982 34 225 4452
4 225 4987 4452 34
4 4987 4452 74 225
4 4987 1919 4452 74
4 2657 1919 74 4987
4 1919 881 2657 74
4 881 2657 427 1919
4 881 427 2657 2653
4 6574 2653 881 427
4 427 2653 5341 6574
4 2653 6574 5341 6141
4 6141 5341 2051 6574
4 5341 5503 2051 6141
4 5503 6141 2051 2635
4 2051 2635 5681 5503
4 5503 5681 2635 5362
4 5362 5681 2635 5273
4 1136 5362 5681 5273
4 5362 1136 5273 6781
4 6781 5273 5446 1136
4 6781 3250 5446 1136
4 6781 2643 5446 3250
4 5446 2659 3250 2643
4 2659 3250 4037 2643
4 2643 2659 4721 4037
4 4037 4721 2316 2659
4 2316 3637 4721 4037
4 2739 4721 3637 2316
4 3637 2316 2739 1095
4 3637 2739 6379 1095
4 1095 2739 6379 4587
4 5489 6379 4587 1095
4 5750 5489 4587 6379
4 4587 5489 3601 5750
4 5489 5750 6160 3601
4 1468 6160 5750 3601
4 4386 3601 1468 6160
4 1468 4386 1959 6160
4 1959 1468 4386 429
4 1959 3761 429 4386
4 1959 3761 429 5412
4 3761 429 5412 5211
4 5412 5211 1569 3761
4 1569 5211 5412 5587
4 4167 1569 5587 5211
4 5587 2577 1569 4167
4 5587 579 2577 4167
4 579 4167 5814 2577
4 579 3887 2577 5814
4 579 5814 3887 2742
4 5814 2942 2742 3887
4 2942 2742 1937 3887
4 2942 1937 2742 5279
4 265 5279 1937 2942
4 5279 6628 1937 265
4 265 3834 6628 5279
4 6628 5977 265 3834
4 3834 6628 433 5977
4 433 3264 3834 5977
4 433 3264 5977 6231
4 6231 433 6365 3264
4 6365 1600 6231 3264
4 3373 6365 6231 1600
4 4705 3373 1600 6365
4 3373 4705 1600 6023
4 4705 6023 1798 3373
4 1798 3427 4705 6023
4 3427 5852 6023 1798
4 5852 1798 3427 6802
4 6802 5852 3273 3427
4 5852 1605 3273 6802
4 1605 6802 2024 3273
4 3273 5183 2024 1605
4 2302 5183 1605 2024
4 5785 5183 2024 2302
4 5785 2302 5183 5493
4 5785 2302 6997 5493
4 5493 6997 5785 4398
4 5493 6997 4398 1469
4 1469 6997 4398 3263
4 3263 4398 3019 1469
4 1469 3263 3019 1749
4 1749 1535 3019 3263
4 1535 3019 1013 1749
4 1749 1535 6176 1013
4 1013 1535 4692 6176
4 4692 1013 6176 1799
4 1799 6176 4692 6248
4 4692 1799 6248 2362
4 2362 1443 6248 1799
4 2362 8 6248 1443
4 2362 4558 8 1443
4 957 1443 4558 8
4 8 957 1489 4558
4 4478 1489 4558 957
4 957 3007 4478 1489
4 3745 4478 1489 3007
4 3007 4478 3745 4292
4 3745 3007 4292 5294
4 645 5294 4292 3745
4 4292 645 704 5294
4 5294 5195 645 704
4 645 704 5195 1966
4 4291 1966 5195 704
4 5195 4291 950 1966
4 950 6266 1966 4291
4 950 4291 3923 6266
4 950 6266 6058 3923
4 3923 6058 6266 240
4 6058 6986 3923 240
4 6986 240 6058 4134
4 4532 4134 6986 240
4 6957 4532 4134 6986
4 4134 4796 6957 4532
4 4796 4532 3203 6957
4 4002 3203 4796 6957
4 4002 731 4796 3203
4 3203 4002 731 3605
4 4192 3605 731 4002
4 731 3605 4192 944
4 944 3605 5649 4192
4 5649 5458 4192 944
4 2126 944 5458 5649
4 5649 5458 2816 2126
4 6767 5458 2816 2126
4 4583 6767 2126 2816
4 6921 2816 6767 4583
4 6921 4745 6767 4583
4 4745 4583 1875 6921
4 4745 6921 6607 1875
4 5008 1875 4745 6607
4 6607 5008 1875 5932
4 5008 4411 5932 6607
4 4411 6707 5932 5008
4 5932 6707 415 4411
4 4411 415 6707 4849
4 6707 61 415 4849
4 251 415 4849 61
4 4849 61 3678 251
4 61 3678 251 2839
4 2839 3182 251 3678
4 3182 2839 3678 2639
4 3658 2839 3182 2639
4 2639 3658 3182 4299
4 4951 4299 2639 3658
4 3658 4951 4299 2967
4 2967 4299 2466 4951
4 4951 2466 778 2967
4 980 2466 778 2967
4 3474 778 980 2466
4 980 3474 1055 778
4 6533 980 1055 3474
4 3474 6533 1055 3938
4 5855 3938 1055 6533
4 3938 6301 6533 5855
4 861 6301 3938 5855
4 5855 5798 6301 861
4 861 5798 3346 6301
4 861 3892 3346 5798
4 3892 3346 5798 3983
4 3892 3983 3346 5712
4 165 3892 3983 5712
4 2915 165 3983 5712
4 2915 1039 5712 165
4 6212 1039 2915 165
4 2915 1039 3006 6212
4 135 1039 6212 3006
4 3006 135 3992 6212
4 135 3006 6556 3992
4 6556 135 3992 4014
4 6556 1510 4014 3992
4 1510 6556 3356 4014
4 6112 4014 3356 1510
4 1510 3356 6112 2774
4 2774 763 6112 3356
4 763 2161 2774 6112
4 3918 2774 2161 763
4 763 2812 2161 3918
4 3918 2161 2812 2185
4 2812 3918 800 2185
4 2812 2717 800 2185
4 2717 800 2185 4900
4 6038 800 2717 4900
4 6038 2717 4900 298
4 6038 6615 298 4900
4 5498 6615 6038 298
4 5498 298 6615 4228
4 6615 4228 5498 2540
4 6510 4228 2540 5498
4 2540 3170 6510 4228
4 796 6510 2540 3170
4 6510 796 1397 3170
4 796 1440 3170 1397
4 1397 1440 796 5824
4 1410 1397 5824 1440
4 1071 5824 1440 1410
4 1071 1410 401 5824
4 757 401 1410 1071
4 757 1071 4895 401
4 757 4171 401 4895
4 4171 4895 757 3930
4 3930 537 4895 4171
4 1008 4171 3930 537
4 1008 3930 1304 537
4 2655 1304 537 1008
4 2655 6261 1008 1304
4 1304 2655 5578 6261
4 2455 5578 2655 6261
4 5578 6261 3073 2455
4 2455 6841 5578 3073
4 3073 2455 1843 6841
4 1843 3073 4595 6841
4 4595 4054 1843 6841
4 1843 4054 4917 4595
4 4917 4595 2814 4054
4 2814 1517 4917 4054
4 1517 2814 5579 4917
4 5579 1313 1517 2814
4 1517 5689 1313 5579
4 5689 5579 1313 6482
4 2617 6482 5689 1313
4 2617 6482 3902 5689
4 2617 2862 6482 3902
4 2617 2862 3902 99
4 99 1453 3902 2862
4 99 759 1453 2862
4 1453 1185 759 99
4 3674 759 1453 1185
4 3674 759 1185 1676
4 1185 1676 3478 3674
4 3674 4724 3478 1676
4 5972 4724 1676 3478
4 4724 4568 5972 3478
4 4724 5972 1998 4568
4 5972 1998 6680 4568
4 6680 1216 4568 1998
4 6680 1216 1998 6973
4 1216 6973 2797 6680
4 6973 588 2797 1216
4 6973 2797 588 1092
4 2797 2702 1092 588
4 1092 6269 588 2702
4 6269 1092 6190 2702
4 228 6269 6190 2702
4 228 6269 6865 6190
4 228 6865 4650 6190
4 6865 228 4650 5322
4 5322 6865 4650 6292
4 5322 4650 6292 1901
4 5322 6292 4397 1901
4 1901 6454 4397 6292
4 4397 6454 1901 4440
4 6442 4397 4440 6454
4 6454 4674 4440 6442
4 4440 6442 350 4674
4 350 4325 4674 6442
4 4674 4325 949 350
4 949 350 4325 6874
4 4325 810 6874 949
4 6874 949 810 4349
4 810 2406 4349 6874
4 810 2406 5673 4349
4 6123 5673 2406 4349
3 2406 5673 6123
4 6123 5673 336 4708
4 4708 3193 6123 336
4 4708 3193 336 5348
4 4708 3193 5803 5348
4 5348 3193 6721 5803
4 742 6721 5348 5803
4 5803 6721 33 742
4 6721 742 5937 33
3 33 5937 742
4 4723 5937 914 33
4 3134 4723 914 5937
4 3134 1043 914 4723
3 1043 4723 3134
4 390 1043 3134 1426
4 390 3466 1426 1043
3 3466 1426 390
4 1426 3466 6230 5456
4 6230 3011 5456 3466
4 5292 3011 5456 6230
4 6675 5456 3011 5292
4 2885 6675 5292 3011
4 5292 6675 1945 2885
4 6675 1945 4682 2885
3 4682 1945 2885
4 6961 4249 1945 4682
4 4249 4682 3410 6961
4 5598 4249 6961 3410
4 5598 4249 3410 1226
4 1226 3410 1069 5598
4 1069 5598 1226 1902
3 1069 1226 1902
3 1902 5819 1069
4 5819 4416 3104 1902
4 3104 3591 5819 4416
4 4416 6894 3591 3104
4 6894 1302 3104 3591
3 1302 3591 6894
4 1302 4309 2575 6894
4 5941 4309 2575 1302
4 2575 4309 5941 4555
4 5941 4555 4279 2575
4 4279 4555 5941 6632
4 4279 4555 6632 5806
4 5806 6632 4279 4497
4 6632 5806 4876 4497
4 4497 4876 840 5806
4 5684 4497 4876 840
4 5684 840 5078 4876
3 5078 840 5684
4 5684 5078 4963 1134
4 368 5078 4963 1134
4 4963 1134 3755 368
4 3755 6995 368 1134
4 3755 5661 6995 368
4 6995 5661 3755 4191
4 6995 5661 4191 3248
4 5661 4191 1042 3248
4 1042 4191 3248 3495
4 1121 3495 1042 3248
3 3495 1042 1121
4 3495 585 1121 2538
4 5894 585 1121 2538
4 585 571 5894 2538
4 571 585 515 5894
4 515 5745 5894 571
4 515 5745 2965 571
4 515 1502 5745 2965
4 5769 2965 5745 1502
4 2965 1502 5769 2054
4 5769 1502 6244 2054
3 5769 2054 6244
4 6244 2054 602 4104
4 602 6244 3092 4104
4 3092 3520 602 4104
4 3520 3092 4104 1691
4 3092 3520 5262 1691
4 6320 5262 1691 3520
3 5262 1691 6320
4 5262 3015 6320 1025
4 3015 6320 882 1025
4 3015 1025 882 2087
4 3015 6536 882 2087
4 882 6536 941 2087
4 6536 6671 941 2087
4 6536 941 6671 1430
4 941 3975 6671 1430
4 2696 3975 6671 1430
3 1430 2696 3975
4 3975 2696 2094 3577
4 2696 3577 2094 5333
4 831 5333 3577 2094
4 831 1526 2094 5333
4 5333 831 1526 4044
3 1526 831 4044
4 1526 6737 4044 437
4 1158 4044 6737 437
4 5990 437 6737 1158
4 1158 3734 6737 5990
4 6061 3734 5990 1158
4 3734 5990 6061 6730
4 6061 3734 6846 6730
3 6730 6846 6061
4 6730 6806 2429 6846
4 6806 2429 2248 6846
4 2248 6806 2429 6270
4 2248 6270 341 6806
4 341 6270 934 2248
3 934 341 6270
4 6037 934 341 5353
4 5663 934 5353 6037
4 1029 6037 5663 5353
4 287 1029 5663 5353
4 287 5663 1029 6143
4 6143 1029 5305 287
4 3038 287 6143 5305
3 3038 6143 5305
4 1689 3038 6596 5305
4 6596 1689 713 3038
4 6596 713 1689 6513
4 6513 6596 1913 713
4 6513 1913 2924 713
4 5390 6513 1913 2924
4 5390 985 2924 1913
4 5390 2246 985 2924
3 2246 5390 985
4 985 2246 5666 618
4 2246 5666 2075 618
3 2075 618 5666
4 2075 3609 933 5666
3 933 3609 2075
4 3609 4252 933 6122
4 2567 3609 6122 4252
3 4252 2567 6122
4 6122 2567 6580 3928
4 2567 6580 6118 3928
4 6580 3928 6118 2052
3 6118 2052 6580
4 5259 6118 2370 2052
3 2052 5259 2370
4 5732 5259 2929 2370
4 2929 5732 4172 5259
4 5732 4172 3281 2929
3 4172 5732 3281
4 4172 4886 349 3281
4 349 4886 5537 3281
4 851 4886 5537 349
4 3034 4886 851 5537
4 3034 5537 851 3673
3 851 3673 3034
4 6689 1417 3673 3034
4 3673 6689 567 1417
4 6689 3157 567 1417
4 1895 3157 567 6689
4 567 1895 1224 3157
2 1895 3157
2 1224 1895
2 1224 1782
2 1782 5665
3 3559 5665 3298
2 3559 3298
2 3559 5596
2 5506 5596
2 5506 5664
2 5664 1021
2 1021 3901
2 3901 5604
2 5604 6951
2 4748 6951
2 4748 2911
2 2911 2830
2 2830 2664
2 2664 3005
2 2995 3005
2 904 2995
2 904 387
2 387 2588
2 5275 2588
2 5275 1359
2 1359 4469
2 4469 5716
2 1663 5716
2 1663 770
2 770 4062
2 4062 6571
2 6798 6571
2 6798 1482
2 1500 1482
2 1500 2475
2 4216 2475
2 6726 4216
2 6726 6203
2 6203 6343
2 6343 638
2 2299 638
2 2299 5303
2 397 5303
2 397 4920
2 2863 4920
2 2863 1878
2 1878 3797
2 3797 1233
2 1233 5420
2 1108 5420
2 1108 3751
2 3751 4637
2 320 4637
2 320 5299
2 5299 1114
2 1114 1667
2 4061 1667
2 6586 4061
2 4553 6586
2 4553 3803
2 3803 2574
2 1220 2574
2 1220 3990
2 2476 3990
2 1679 2476
2 1679 1110
2 1110 1619
2 1619 4946
2 4946 6074
2 3914 6074
2 6014 3914
2 6014 2581
2 2581 6669
2 1720 6669
2 5612 1720
2 6534 5612
2 5553 6534
2 5553 6164
2 2607 6164
2 2607 4420
2 4420 6809
2 718 6809
2 636 718
2 636 6619
2 6659 6619
2 245 6659
2 245 3114
2 3114 2358
2 2358 3769
2 2471 3769
2 6453 2471
2 2947 6453
2 2947 6934
2 6934 5087
2 5087 6743
2 6666 6743
2 6666 3611
2 3611 6008
2 6008 4127
2 2517 4127
2 2517 1785
2 1785 5605
2 3206 5605
2 3206 3160
2 3160 3499
2 5267 3499
2 5828 5267
2 1927 5828
2 1927 4607
2 4607 1989
2 649 1989
2 5220 649
2 5220 6999
2 6999 4728
2 46 4728
2 46 45
2 45 4476
2 4466 4476
2 6471 4466
2 6471 6493
2 6493 6762
2 2328 6762
2 5013 2328
2 5013 3740
2 3740 1637
2 1637 617
2 4515 617
2 3311 4515
2 2904 3311
2 2904 471
2 1825 471
2 5045 1825
2 4181 5045
2 6291 4181
2 6291 665
2 4645 665
2 3800 4645
2 6614 3800
2 6614 6553
2 6553 1274
2 1274 6028
2 6028 4537
2 78 4537
2 6550 78
2 6550 6990
2 6990 777
2 1816 777
2 1816 1242
2 5878 1242
2 5597 5878
2 5597 3442
2 3442 5474
2 1699 5474
2 1699 4786
2 4786 5621
2 598 5621
2 448 598
2 6696 448
2 6696 3058
2 3774 3058
2 1935 3774
2 6069 1935
2 6069 192
2 192 6353
2 5376 6353
2 3345 5376
2 5940 3345
2 5940 4036
2 1781 4036
2 2887 1781
2 5094 2887
2 5094 1690
2 2008 1690
2 658 2008
2 1490 658
2 1490 817
2 817 4432
2 4432 2720
2 2720 6546
2 6546 5938
2 5938 1639
2 1639 1609
2 3010 1609
2 1292 3010
2 2351 1292
2 4799 2351
2 4799 1293
2 1293 5325
2 5325 4206
2 4206 142
2 4484 142
2 4484 2307
2 2207 2307
2 1586 2207
2 6063 1586
2 2346 6063
2 2346 4096
2 5555 4096
2 5555 3217
2 4543 3217
2 21 4543
2 6871 21
2 2723 6871
2 5908 2723
2 198 5908
2 198 6812
2 6812 1476
2 2086 1476
2 2086 441
2 441 6417
2 5457 6417
2 5457 1379
2 6679 1379
2 3341 6679
2 3341 6401
2 6401 6165
2 1101 6165
2 423 1101
2 3257 423
2 2 3257
2 2 6543
2 6543 2866
2 2895 2866
2 2895 873
2 873 5409
2 6768 5409
2 6768 1753
2 1779 1753
2 4046 1779
2 4046 5300
2 5300 562
2 562 1011
2 1011 591
2 591 548
2 548 6653
2 2650 6653
2 2384 2650
2 2384 1680
2 6446 1680
2 1724 6446
2 1724 3964
2 545 3964
2 545 2698
2 2698 5827
2 5827 3895
2 5031 3895
2 3525 5031
2 3525 5433
2 5433 5029
2 4045 5029
2 5323 4045
2 5323 5200
2 5200 1599
2 1599 6856
2 6441 6856
2 6441 5144
2 1558 5144
2 2761 1558
2 2761 5044
2 5945 5044
2 5945 3101
2 3101 2815
2 5033 2815
2 5033 2288
2 3765 2288
2 3765 3131
2 3131 2962
2 2962 836
2 5081 836
2 5081 3604
2 3604 4565
2 4565 6068
2 3778 6068
2 1165 3778
2 1165 316
2 5812 316
2 5812 1344
2 1521 1344
2 3500 1521
2 6361 3500
2 6361 5168
2 5168 4377
2 4377 6955
2 6955 936
2 3486 936
2 3486 3398
2 3398 6508
2 559 6508
2 799 559
2 186 799
2 1574 186
2 1574 2436
2 2436 1829
2 3801 1829
2 3801 3946
2 3946 2380
2 2380 5548
2 5111 5548
2 5111 5840
2 5840 4557
2 935 4557
2 935 3839
2 3839 1231
2 1231 4294
2 2835 4294
2 2091 2835
2 6561 2091
2 6561 4573
2 4573 856
2 856 5869
2 5869 2613
2 2953 2613
2 5443 2953
2 5443 4492
2 4492 6391
2 6072 6391
2 6072 5263
2 5895 5263
2 4981 5895
2 977 4981
2 4215 977
2 4215 1594
2 1594 5679
2 5679 1346
2 1346 6236
2 249 6236
2 249 2032
2 4150 2032
2 3867 4150
2 3867 1461
2 1461 3531
2 3531 3742
2 3742 2140
2 2140 1290
2 6157 1290
2 6157 2724
2 6799 2724
2 1079 6799
2 6814 1079
2 6814 3299
2 5310 3299
2 5310 6742
2 6238 6742
2 6238 6024
2 378 6024
2 378 1458
2 1458 3208
2 2573 3208
2 2573 5966
2 5966 6150
2 6150 5242
2 5654 5242
2 5654 5105
2 5105 4903
2 5098 4903
2 943 5098
2 943 2053
2 2053 6407
2 6407 2317
2 2317 5989
2 5989 5958
2 2503 5958
2 492 2503
2 492 4883
2 3192 4883
2 2597 3192
2 2597 830
2 3615 830
2 2137 3615
2 5107 2137
2 5107 4686
2 4686 3886
2 395 3886
2 395 4659
2 4659 3630
2 6647 3630
2 6647 1977
2 1977 552
2 1374 552
2 1374 112
2 6295 112
2 2056 6295
2 2056 5131
2 5178 5131
2 5178 6835
2 6835 6004
2 4402 6004
2 4402 4337
2 2030 4337
2 996 2030
2 996 4926
2 4926 5614
2 5614 6644
2 6644 4319
2 4319 5147
2 5147 5954
2 5954 4370
2 4370 1484
2 1439 1484
2 1439 5946
2 5946 4990
2 5720 4990
2 5720 6096
2 5686 6096
2 5686 5713
2 3464 5713
2 3464 6253
2 2678 6253
2 5040 2678
2 6393 5040
2 6090 6393
2 2991 6090
2 6564 2991
2 6564 4320
2 4320 3790
2 3790 504
2 4546 504
2 4719 4546
2 3094 4719
2 4509 3094
2 4509 1835
2 2280 1835
2 2280 5981
2 5981 2867
2 5961 2867
2 3937 5961
2 746 3937
2 746 1090
2 1090 3852
2 3852 1294
2 6566 1294
2 6566 2529
2 4809 2529
2 4589 4809
2 4589 5899
2 2956 5899
2 2956 2239
2 1978 2239
2 3202 1978
2 6091 3202
2 4429 6091
2 4429 956
2 956 6350
2 5933 6350
2 4239 5933
2 5947 4239
2 5947 1331
2 1331 5780
2 5780 4549
2 2277 4549
2 2719 2277
2 2719 498
2 498 3371
2 4220 3371
2 4220 1950
2 1950 1620
2 1620 2465
2 2465 1582
2 6562 1582
2 3551 6562
2 6149 3551
2 6149 4833
2 3423 4833
2 2590 3423
2 2708 2590
2 3102 2708
2 3102 1777
2 4864 1777
2 4864 688
2 688 4784
2 2586 4784
2 2586 5514
2 5514 5910
2 5910 686
2 686 6964
2 767 6964
2 767 111
2 111 3714
2 803 3714
2 3181 803
2 3181 6305
2 5542 6305
2 5542 3744
2 6739 3744
2 2932 6739
2 3576 2932
2 3576 2147
2 2147 2957
2 5737 2957
2 2238 5737
2 2330 2238
2 2330 294
2 5229 294
2 286 5229
2 3033 286
2 3033 2226
2 2226 4507
2 4507 5278
2 5278 6532
2 6532 4450
2 1106 4450
2 5400 1106
2 1958 5400
2 1425 1958
2 1425 995
2 5902 995
2 6496 5902
2 6496 4218
2 4218 3301
2 3984 3301
2 2219 3984
2 2219 2978
2 3549 2978
2 309 3549
2 1056 309
2 2214 1056
2 4491 2214
2 6815 4491
2 6815 5301
2 2519 5301
2 3384 2519
2 3384 5541
2 5541 3748
2 3748 1729
2 1729 1464
2 1464 535
2 3653 535
2 3653 5389
2 5389 2718
2 2593 2718
2 2593 3029
2 3029 16
2 16 3234
2 4911 3234
2 4911 2771
2 383 2771
2 1362 383
2 648 1362
2 648 6464
2 3776 6464
2 2236 3776
2 1413 2236
2 1413 666
2 666 5871
2 5871 6794
2 5774 6794
2 5774 1869
2 5792 1869
2 2031 5792
2 2031 6029
2 6674 6029
2 2191 6674
2 2191 3109
2 3109 1206
2 2609 1206
2 2609 3575
2 3927 3575
2 660 3927
2 6583 660
2 6583 4315
2 4315 2458
2 5486 2458
2 5486 4179
2 6861 4179
2 976 6861
2 976 3420
2 3420 1923
2 263 1923
2 6505 263
2 6505 5025
2 4471 5025
2 5672 4471
2 5672 203
2 6677 203
2 4057 6677
2 4057 5440
2 5440 5709
2 5709 6857
2 6857 5639
2 3588 5639
2 3588 5800
2 6127 5800
2 1287 6127
2 1287 5070
2 5070 4276
2 1299 4276
2 44 1299
2 44 2178
2 3271 2178
2 3943 3271
2 3943 5108
2 5108 1675
2 5069 1675
2 230 5069
2 3132 230
2 3132 6772
2 3662 6772
2 447 3662
2 1673 447
2 6325 1673
2 5690 6325
2 5690 1303
2 1303 2217
2 2217 2313
2 4344 2313
2 4344 3625
2 5091 3625
2 4341 5091
2 3865 4341
2 3865 6027
2 6027 1217
2 1606 1217
2 1606 1942
2 993 1942
2 6766 993
2 6766 6528
2 1428 6528
2 1428 3555
2 3555 6224
2 6224 314
2 362 314
2 1051 362
2 990 1051
2 4208 990
2 3925 4208
2 1310 3925
2 1310 3451
2 2649 3451
2 2649 6046
2 6046 5086
2 4328 5086
2 1081 4328
2 1081 3404
2 2141 3404
2 6569 2141
2 4333 6569
2 4333 3293
2 2893 3293
2 2414 2893
2 3926 2414
2 6260 3926
2 6260 6056
2 6392 6056
2 1626 6392
2 1626 2129
2 2129 6643
2 862 6643
2 862 1131
2 1131 4277
2 4277 2044
2 2044 2920
2 2320 2920
2 961 2320
2 3496 961
2 1630 3496
2 1630 4152
2 1488 4152
2 1488 3228
2 2982 3228
2 2982 5477
2 5477 3556
2 3556 2043
2 847 2043
2 847 3350
2 2665 3350
2 2665 2741
2 242 2741
2 242 1555
2 4619 1555
2 400 4619
2 400 6344
2 6344 850
2 4175 850
2 4175 3610
2 4846 3610
2 3348 4846
2 3348 4071
2 4071 3686
2 6969 3686
2 6969 711
2 6227 711
2 6227 454
2 454 6142
2 2470 6142
2 2470 5513
2 5513 5313
2 5313 1406
2 1406 4139
2 2902 4139
2 3366 2902
2 1840 3366
2 4085 1840
2 4085 3391
2 1128 3391
2 5576 1128
2 5576 5248
2 6582 5248
2 6582 970
2 2501 970
2 2501 5172
2 1512 5172
2 4974 1512
2 4974 2285
2 2285 194
2 2751 194
2 4954 2751
2 4828 4954
2 1640 4828
2 1640 5779
2 5779 596
2 4198 596
2 4198 82
2 4180 82
2 4180 3919
2 3919 6120
2 6120 1352
2 1352 6161
2 5845 6161
2 4722 5845
2 6486 4722
2 6486 3859
2 3859 6185
2 2310 6185
2 2310 5395
2 5395 2473
2 1099 2473
2 3650 1099
2 600 3650
2 2509 600
2 1664 2509
2 1952 1664
2 1952 968
2 968 6487
2 6487 5496
2 5338 5496
2 5338 702
2 702 5525
2 5525 2102
2 6420 2102
2 6420 2021
2 2021 4024
2 3004 4024
2 5722 3004
2 5722 7000
