7000 800
37 577 5181 2349 5224 1041 5765 5458 6412 3232 3748 188 2697 5447 5612 26 6746 3205 6588 1343 3984 5518 2632 6381 3542 2990 5202 1 6215 6580 104 2348 6159 3795 123 6551 691 5958
100 312 5751 5780 6913 3492 3398 6083 3412 4987 6992 5442 2295 4145 756 3622 2609 4717 96 4612 3274 2775 5171 3604 5839 5689 5365 577 4160 755 1685 3843 747 3461 1021 6027 2097 5150 975 1748 6613 2170 821 2737 2232 5371 3820 4276 4133 2103 3018 1758 2537 5242 5202 3907 6496 941 5822 6596 1440 6098 2264 2977 5803 5619 5835 1621 754 1588 1962 188 2243 952 3200 3901 4466 5536 5610 3135 2619 2095 6181 2508 4265 5843 5898 168 3709 63 6748 6497 4249 3976 500 5361 5750 5786 6279 6132 2023
100 6030 6360 5409 1213 68 6333 2597 5406 3064 2666 6253 3108 2983 22 1411 1867 1182 6553 1965 2651 3270 6853 1236 3835 1769 6293 3303 6702 5024 6587 4906 2295 5202 1830 459 6520 6210 4680 3099 3009 5633 229 2539 6927 3558 206 2385 6544 2948 5565 4435 6950 4436 2678 3289 4183 5163 5842 3054 4411 1920 6009 5965 4516 3467 2630 714 6736 4534 181 6854 3452 1422 188 5346 6468 2375 667 6538 2360 5868 5460 3850 6375 4090 4113 3791 3531 4561 2902 2052 4831 6102 6321 5407 6608 3090 4743 143 3477
100 245 6376 4374 3862 1982 4986 241 2282 4738 5202 7 2672 1681 5190 6640 6157 316 246 1357 95 689 1627 1318 888 5313 4285 671 1430 6017 163 4438 1973 3161 3915 2361 2457 3503 6762 3341 2017 1257 3951 2248 199 988 656 451 6561 5673 5424 3066 1989 5868 3410 2561 4147 5581 4704 4702 3840 5654 4119 5853 629 5042 5136 5159 2409 6395 4929 2088 3069 4019 3960 3011 4899 4164 6192 1468 5649 791 5427 2295 1149 2669 3762 3645 3032 2101 5768 1536 1628 179 4664 4527 5101 4742 4329 2449 5349
87 5868 4129 1866 1149 2001 2143 1413 6558 4426 591 3644 5221 1423 6341 6982 5838 170 506 5916 4049 1711 6416 954 6476 5987 1763 5464 4083 1134 4543 648 1062 4439 60 3043 6228 5793 1354 2091 6875 541 1647 6408 2904 4694 4228 1315 1125 4334 891 94 4066 2014 2755 1043 403 3183 2106 4489 4638 4810 2819 1720 3079 1840 6918 2371 6344 2182 2739 3691 226 1578 1198 2750 2116 3037 2315 5624 4900 3424 4622 3059 4757 2295 6331 6131
47 5651 4017 5637 4493 4931 5756 2320 5541 5838 6311 2047 1149 4755 5328 2687 2997 5253 2767 3169 2830 5066 1222 1817 5033 637 2514 2244 2703 5482 4604 4302 3435 2313 1794 2643 2532 4441 959 1086 5868 4965 5625 3409 5863 1825 1453 4635
100 4834 2580 5726 376 4709 2102 5533 633 5555 347 4414 2109 510 1297 5636 885 1115 6026 2768 3902 2414 1139 2122 250 4584 2137 808 6894 3285 6055 1530 4347 6782 3696 1149 5421 646 5048 1144 2578 568 73 5292 647 2764 4558 3396 613 5900 2712 4678 1790 863 4123 103 6386 3758 5838 2229 4339 5362 5583 2490 5140 6892 4621 3988 1434 4018 1024 3619 1513 6835 3497 3309 3637 6706 3975 1918 2171 4983 2621 1336 3802 3409 814 2176 4078 268 453 6003 2418 2485 384 3957 4135 4174 1835 2178 746
100 4231 1923 5942 6443 949 5838 2963 4442 3845 4465 6592 2511 5420 5081 278 6225 2135 5010 4798 5532 2641 3026 5647 332 1285 4161 6839 2981 1145 3377 5623 1966 912 4913 804 1869 1633 2494 2905 1554 6785 5800 5864 2523 2408 4112 5373 2119 2516 2810 510 5469 4457 2062 3454 2642 5870 4512 5978 3529 6032 3385 5211 5289 1092 3409 1439 501 4744 4154 3982 770 2411 4202 4430 2065 3159 6340 1643 4191 6212 5510 56 2947 6919 4313 2847 3973 4089 4746 4752 2053 876 4041 6034 5403 2341 4840 3694 6281
100 5551 1447 5510 1764 6201 4600 5112 4727 4080 327 3451 3194 6401 2638 1158 5054 5882 1533 2818 822 1037 2563 2705 4345 4674 1298 4696 946 2301 3819 5416 3505 3885 901 3540 6866 2729 3273 725 5029 5071 4812 2127 4876 4474 1682 1250 6755 963 2817 6481 933 4359 3749 1773 5021 1753 5710 5378 5621 4026 5465 6637 2079 1986 4594 14 3393 3958 1849 536 796 4382 4550 5234 1168 6867 3433 934 3792 6695 4926 2824 6390 1390 167 4655 510 6510 702 3449 5153 2531 4657 3852 5374 4725 3409 5117 5431
100 4025 1846 540 907 1063 4577 599 5940 2400 3526 383 4293 1816 4564 1393 1163 4424 4111 3186 510 2793 5283 2713 674 3425 5855 5355 2665 4934 2623 4523 1752 535 4268 114 2056 6264 4518 4094 1365 4947 4642 2950 1368 230 349 1929 2150 5215 5510 5128 4487 3143 1695 4088 3119 6059 6248 3569 4912 422 1656 2366 4380 1844 5921 2255 2015 5160 1815 1011 2637 4042 5522 4821 6367 6820 833 1697 4734 3481 1827 88 4540 4655 323 5805 860 4425 4281 3950 4658 6010 895 2592 178 2776 592 3063 1841
91 2607 2398 2567 445 390 4655 1311 2487 4126 5047 915 4873 6463 3364 1260 3878 1741 1450 1683 4729 3404 732 4412 5510 2956 3846 6334 1323 1618 2105 2870 4256 306 1033 1984 6056 2219 2234 6858 6987 2848 2445 750 2466 3640 1617 3673 1895 2784 362 3139 4545 3952 5549 5986 1547 2999 6965 5094 918 6582 5402 6155 4761 4592 487 1944 1789 4264 859 3275 4641 3924 4710 499 6296 917 3779 534 3705 4713 4667 4947 4943 4220 518 50 2203 2933 1728 2969
37 3703 768 6427 717 6726 2417 2484 1183 436 1657 4151 197 6237 2018 1328 4881 4006 4828 4398 1260 6562 3122 4707 4947 3921 5329 4655 5617 1903 3874 4165 2854 2159 6850 4652 5776 2716
68 522 2766 896 1607 4432 2649 3403 5284 532 6069 3967 1603 788 3669 2117 5599 4107 4947 2235 2842 3746 679 1512 320 2763 6019 1166 1204 4243 3994 5494 1665 4222 2124 2158 1377 6953 3297 4542 6549 2927 4087 1260 4779 1662 1410 2061 2042 6691 6908 2663 6669 6209 6092 6923 5319 4971 6885 2502 6880 2719 197 5004 5831 1270 6303 3790 2300
37 1854 514 3265 5669 6073 2558 1260 4328 1075 6138 3387 1624 2618 6806 6425 137 6908 6238 197 3821 2172 521 2758 4263 4961 2463 210 3892 3562 948 1630 5529 3922 6219 5205 3277 810
100 2598 6739 566 554 2942 6064 2779 49 5178 4819 6305 943 3370 6859 64 5903 3428 2291 6633 6126 132 6187 5819 1732 2377 5848 1278 1351 5523 5706 4136 3264 6999 3574 6766 3359 2668 5715 6908 6385 3046 2431 1659 5468 23 5087 3180 6150 287 5099 2746 5834 1651 1568 1359 4886 6421 3387 2608 6808 631 6135 1174 1235 3808 3153 4371 6404 6898 6684 6909 5957 3711 1836 830 3317 767 6167 2601 4762 197 297 4455 3319 2800 4128 2027 6687 6042 2382 5147 2228 4921 3292 107 4086 2292 1120 6370 1046
100 5318 1009 632 1114 5953 350 3038 4397 3387 5961 6908 989 4803 4826 5200 6090 6507 5240 3817 3344 5027 3939 657 5936 5070 3306 158 4771 4063 3228 3366 1922 6261 4808 968 6771 3465 6817 4236 757 6969 3842 6547 271 2333 3806 3495 5790 824 2913 5083 6033 4993 1076 3391 5796 728 5472 6735 2050 3360 553 2078 2985 5025 923 4028 5963 460 1472 5135 3361 4242 3723 4647 6977 794 162 2343 1655 1102 6277 4862 2194 3000 6717 6924 6284 4364 5045 650 1766 5082 2706 2744 1735 4079 6109 1398 830
100 4801 1151 6914 3030 52 1667 2081 771 1199 1102 6890 1889 1824 2048 5321 5473 3895 2524 4502 3100 5604 5074 4421 4327 2188 3539 2935 2812 3932 1014 6727 539 3387 2782 3578 4010 4336 5475 5437 2521 5850 5635 759 2224 463 2473 2233 44 1234 3551 2877 5999 792 659 5040 1686 3626 4311 4331 830 5243 4758 4597 4341 3706 3084 5816 972 6094 2335 5201 2772 5057 2086 2501 5051 1985 3208 3381 2732 2004 6794 2840 523 2540 3948 3553 6804 3378 2551 6050 1754 6120 2319 1470 4427 1241 2635 1516 6227
100 6593 4158 2003 6097 6068 3528 256 1215 1391 803 5119 5246 494 1194 830 432 6886 5425 4467 6541 3774 1466 1744 2552 1564 1541 5775 3271 4928 745 126 5111 1175 5540 5241 3882 5670 6941 4997 5046 5037 1589 1860 2038 1585 4800 2754 3904 5097 6039 1646 1372 1118 3980 5435 5040 6119 6590 1109 4047 3753 142 3476 6469 4199 3458 6752 5798 1152 6871 4903 5095 864 1883 267 845 4838 739 2692 2245 2577 6775 685 6584 355 6712 6517 4587 5910 1473 1102 2476 398 5125 1419 4782 6772 4337 1863 6660
64 1102 4245 5115 4814 374 5977 5670 6403 1228 1812 3191 940 2647 5007 6176 1417 6113 3656 2128 6442 3851 3276 6172 6623 1060 5826 2036 6455 4035 2923 439 6335 18 1404 1770 6444 3233 3966 4360 6129 1500 6495 3847 590 5209 1522 2215 1890 4307 4423 5755 6198 1025 5320 3623 5688 2486 5735 2133 1192 5040 1147 254 6644
74 3596 5414 5851 5826 1652 4563 2596 5670 1573 2350 2007 6758 1943 6625 2455 478 5040 1579 2951 1171 2066 5817 1661 1400 6719 6948 1464 990 1626 6935 3581 3991 6206 1926 2915 6313 485 6984 4318 5698 1833 2370 2399 2326 6849 2475 5290 3555 2962 6062 4517 6577 1035 1672 1864 5749 1674 6242 1887 4685 6705 1056 1497 5310 2238 1570 2790 6809 2356 1226 5155 175 3407 4910
100 6837 3926 5479 3945 3556 3293 2030 766 1126 1612 6472 5107 4103 395 1444 5748 706 6318 919 6060 4781 6688 5143 4615 6571 3507 5086 6170 6415 5213 6387 4348 5670 1231 219 675 3826 39 1777 2743 1509 3174 6317 3246 5644 5164 4938 1706 697 6605 5907 3207 4649 3284 5539 4867 2507 5393 5019 2093 6611 6715 6519 1537 4289 5546 1245 6206 6229 3777 140 2405 2183 4288 741 2401 490 1360 6862 5826 2525 6004 2674 3658 3203 1132 6569 6041 2328 4616 1159 455 1738 2654 3298 259 1082 3832 598 3463
88 1509 6651 1179 3457 537 2899 3466 1381 2681 1356 5949 4898 1663 5956 452 3701 4716 361 1693 443 5722 5826 5439 2903 3352 1435 6557 812 6251 5455 560 3004 4356 3025 1955 4209 1225 680 6722 5981 2406 1595 1317 5744 1312 973 5886 2342 3900 6008 4072 2227 6207 5141 5924 1272 2876 2395 2478 3416 1217 236 6786 2686 6206 3482 6006 831 4628 1116 3214 3268 4789 1264 1281 3825 3014 6731 4733 6414 3290 2236 4767 3607 4181 1850 604 1634
69 3406 1726 5576 1583 4749 6567 1509 2353 4787 720 4864 34 4225 5791 1508 4769 6514 2876 3716 4740 372 6206 1093 1034 4100 3187 3936 3899 2256 4008 6576 5586 2835 3350 2165 5515 3741 5648 4084 3496 6872 3647 4896 6020 6035 6654 3042 4048 4847 4036 3151 2685 4768 6328 16 1113 4262 1084 6998 6572 6503 5989 2393 2283 995 700 492 4935 1010
36 6567 4549 2446 3291 5899 1078 5056 2396 4846 5076 5023 2876 6578 1811 3349 5129 5545 652 4125 3698 2012 2246 1178 1509 2308 6787 6169 5419 602 244 6783 1898 2257 926 3085 970
100 6175 1501 3354 6792 1397 1486 3419 1865 585 2391 3615 916 1206 6067 5990 2289 3974 1912 1325 378 6066 1791 427 6679 3801 3739 133 5613 3537 4383 5915 1229 412 2857 2448 3456 2365 4134 4205 324 4669 6028 1644 6761 5433 5203 3474 5249 4492 1467 2794 290 1902 6308 4773 2554 3554 2876 6816 683 2094 5440 6781 6714 4701 4261 3672 282 2581 3530 2994 380 1642 6567 5718 1898 5537 5075 5925 6532 1577 981 4951 6540 4588 967 6289 6509 6085 214 144 4054 1446 1441 4319 5881 3134 5487 4499 6287
100 2077 2588 676 4402 5085 1008 4609 3171 6298 4686 1873 3657 2309 169 5785 1796 3024 802 1370 4626 1307 3383 2367 858 2627 3549 2574 6200 4960 201 6899 4237 582 3238 4217 4520 4253 468 4967 865 837 6664 3565 4950 596 6270 586 4582 2421 2857 4795 5456 3689 3158 4044 3231 655 6222 4676 1898 6827 4915 55 2318 3870 6173 3839 1713 3109 3858 6567 3737 4443 4556 4300 1172 6826 1138 1924 5702 4525 5477 999 3707 3545 11 1212 2894 6221 3227 5666 416 502 4500 4857 1772 5947 3613 793 529
88 6186 5506 1276 2345 820 4891 733 269 2828 1220 2885 6058 4932 252 1133 1641 1596 2482 5399 5396 4486 3141 1898 3443 5309 4663 442 2937 6900 4868 4223 280 3236 6979 2882 4859 4866 5055 3130 2627 2701 5064 1569 153 32 527 6052 5954 1308 1335 5561 5904 798 4399 3056 1349 606 319 5833 5302 710 3595 5877 3963 5459 3356 3937 235 5404 4106 6195 677 365 3256 4505 99 6828 6417 3210 5208 5304 4533 2857 4816 5238 6778 78 27
60 6847 5280 6696 6024 6932 764 65 3439 2412 6962 2614 2571 6037 5073 2857 1806 4130 2971 3690 5959 2261 4121 3599 2627 1823 5398 3375 5379 6348 1308 4322 1909 5508 4589 832 5315 4490 6342 1013 2139 4818 3394 1749 3259 3155 1495 2237 4250 5377 5607 97 6188 4057 6676 5264 1438 5461 5982 2499 6022
100 1099 5450 3189 6174 3342 2254 5996 1059 3804 5093 1837 6518 6080 3933 6798 3734 4407 3827 1007 5760 198 3502 1967 5204 5789 5359 3594 6873 234 239 5116 855 2174 3311 6874 764 1308 1454 4387 2721 3744 6685 3252 2627 5557 1575 215 4599 3674 1718 2115 2085 346 6061 1088 6655 3062 6961 5036 1121 6262 3147 4562 2728 2770 5554 4495 1899 3602 243 1387 3659 1031 4999 4200 2459 6351 6767 3369 2866 4673 3348 69 5390 325 519 658 6720 6045 2369 6607 479 3217 128 2730 616 2068 1805 5509 4175
100 2297 5770 2011 431 4150 3244 5089 6769 1782 4294 493 6594 5322 5700 4317 6133 1635 2757 6508 2816 2973 3095 1750 1165 748 2226 5820 1327 4750 5687 4394 5142 5876 5734 406 3635 4475 2104 2265 5466 5235 3650 6422 4553 5707 6018 4848 1694 6232 4195 3601 2090 1259 2644 6631 5501 3447 5179 2572 1308 6548 6456 1604 6023 6411 562 2317 1953 6467 4650 3818 4836 3426 1891 3033 1367 220 3655 4148 3972 1800 4825 764 4384 2887 420 573 1408 2859 160 3780 3342 6703 5931 59 2838 5236 4428 4736 5552
100 1106 1913 574 6929 903 4082 1124 6833 531 2727 5746 958 2562 6484 5400 6089 764 4470 6789 5894 5707 3560 177 2152 3856 4794 2832 5266 850 3786 5873 4117 3783 3464 1888 6139 6160 6677 5725 4721 3598 2211 5038 4211 5347 2092 6477 1745 6087 2489 363 5218 156 1342 3765 5580 5705 1161 5092 4257 3812 1485 2984 5652 2355 6842 3342 486 6796 4508 3007 6203 4575 2603 456 753 1244 1666 3896 5810 4824 570 1310 1073 6391 672 1451 6099 231 3036 5410 3684 5572 5575 2467 906 4 5411 5350 719
100 6196 2207 4369 5250 1793 2330 5830 2290 3437 4705 3836 1415 3342 3959 3201 5569 3752 5556 1431 1258 5594 6106 1432 5690 6971 5444 5631 1003 879 5653 2564 2241 4029 5626 3221 6081 5062 2710 1963 5312 2773 1304 6526 6627 2813 4511 5950 5707 5186 4173 4021 5944 3302 5527 6615 6638 3075 313 6363 5695 5519 5476 3953 4636 155 3116 54 958 3914 3692 4788 5712 3759 476 4050 5453 3725 3568 4791 1765 5348 3357 873 4419 2403 2786 4401 5685 2530 5906 982 3002 3098 382 426 1474 2921 511 6117 2029
36 1137 555 5499 3721 4786 3002 5109 5707 5694 4198 3050 5248 317 6418 4484 4169 5434 2959 3865 6895 4529 1023 3800 5867 958 6524 5548 2865 1319 5615 4040 189 2841 713 4386 836
100 3397 1995 649 2836 951 4569 1935 6634 5526 2512 5130 4366 2841 3429 48 3642 3583 6799 2005 3120 4620 958 848 5182 1187 4962 20 1784 1458 1802 3913 1983 1140 145 2646 2132 2212 769 4032 1514 6595 1070 392 4193 3017 1529 5884 597 1731 1608 274 5484 3202 4933 4924 3733 2415 6600 6243 727 2422 195 4051 3278 2602 3088 5187 4190 1907 776 4555 2464 5596 2387 4179 1814 807 13 448 1249 6502 1173 3269 6888 6057 454 2071 1300 3634 4274 6382 4216 4000 5183 6441 5438 3781 6107 379 3002
100 1775 3049 2841 5983 391 373 4639 1492 1980 6136 1546 4948 4284 1622 2698 5869 2045 1000 3985 1974 6433 3035 6276 3083 2258 1992 3494 2006 3688 2868 1442 2351 480 848 5720 6352 3761 2437 2509 3002 6492 6302 3719 2163 2130 3679 723 1911 6194 5193 4905 5885 644 1940 3909 2436 4850 6795 6116 4410 4075 1069 6550 1150 526 5578 4156 2184 1055 1316 173 1678 6665 2856 1054 2889 5547 1280 5043 2534 2307 4273 191 4309 3218 1884 5058 2008 4845 2456 2111 6648 3906 559 5138 2613 1555 4579 2583 2550
47 6211 1623 6704 1207 3538 681 5351 6447 1519 2841 6648 2964 4365 4839 5227 848 2506 3944 1636 4393 1112 6134 2546 5558 6877 3260 3336 9 1792 911 4192 6275 2311 6531 882 4332 3132 5497 4314 301 3889 4665 1302 5303 4003 5534 3328
100 4809 5405 3485 1756 607 3321 218 6936 4984 848 4280 1623 1200 4643 2529 3444 6648 2458 2538 1975 4056 3778 5113 3286 4429 2682 4547 851 279 6800 3250 6912 4477 2197 3368 2500 6522 2084 5773 542 921 818 2519 131 2394 3229 5161 5293 572 1798 1930 6774 5934 543 41 6322 2989 6512 4969 5535 6583 276 5939 5727 4406 3927 5861 6361 5516 1130 4661 3575 4964 1638 6491 6292 4627 3010 2724 1460 2781 6733 434 4735 4843 4464 3027 4227 3048 6915 5232 1947 6765 3670 3420 417 3849 4909 4777 2874
61 3267 3671 3338 1959 653 5792 4061 2833 3195 2881 2734 5764 3750 2252 2168 5405 272 6324 5713 3943 3388 5335 6190 2392 1623 3729 4634 884 6870 6949 6990 1193 6692 4970 6636 3969 309 4792 4720 1048 6646 4648 3320 3680 3589 4981 6648 3879 5577 6926 308 4666 3379 2020 5332 3946 2180 1671 4630 5069 5566
35 47 3956 3346 4241 4940 5948 5418 1052 856 3117 387 2675 908 4037 3355 2823 5405 2970 3823 4445 2140 2611 283 5792 1917 6515 4656 1623 5413 6051 4093 6358 4171 3421 2247
77 1742 6366 4196 6430 2639 1566 1406 1291 4116 2792 5553 5779 1670 1314 6274 2447 5923 2192 2304 5195 5641 2831 4291 3299 2032 2533 3977 3362 2528 1251 2250 2615 1797 966 3651 3384 2675 1296 6409 5622 881 1154 5766 3468 6559 3093 4506 258 4413 5792 2996 6457 5383 5295 354 5028 5483 4966 2268 1072 3448 5530 5672 122 5405 2780 1186 4778 4895 3563 12 352 3621 5668 6128 6163 4979
100 775 3177 762 1026 528 2723 5724 4514 4286 5273 1976 698 3215 5245 2206 4142 4991 4053 2161 2853 2250 6570 4052 2063 5454 2541 4162 6145 634 3897 1717 5951 6738 3662 3681 6805 2196 620 893 813 6566 1709 5167 1362 3176 5792 482 4607 4478 3893 5415 1542 2164 2660 5105 2955 3237 5132 1822 6539 4118 385 3888 1403 5244 868 1933 2675 5199 342 3831 4959 2897 5970 4206 849 4764 6896 758 1942 5169 117 6 790 4698 4059 1164 3326 544 3160 4790 5665 6840 4007 2862 1591 4741 2189 375 752
35 5252 3724 2709 1265 1057 4323 1067 3917 4458 3405 4633 4001 2675 129 5917 2878 3253 430 6797 4208 6645 905 2503 1227 4007 5166 4375 232 311 6161 2250 6286 5777 5059 4586
43 6586 281 207 6105 2089 779 3253 2294 5969 669 1170 6723 5306 337 1401 1904 2296 5316 5709 1572 2992 4963 66 2929 5998 4007 2517 2222 3239 71 2075 2424 1759 3860 5711 6819 2250 1563 3488 2193 927 1743 3717
61 2708 736 6208 3253 6224 5084 1689 2452 1475 5642 1347 1382 1779 3118 1739 2294 5795 6146 6086 4104 1730 6956 5738 6598 4007 6121 2322 205 6431 5656 1095 3881 3288 4952 2058 5841 2125 446 1747 1355 778 1640 82 6934 6893 3181 148 892 5966 1483 4841 661 6271 857 3861 74 2863 5973 5012 438 877
35 1832 5927 1921 5401 5517 3178 3288 1065 6628 2388 2294 6343 4653 1951 3787 4760 3986 1255 2944 980 1988 6846 974 5152 5887 6428 6603 2035 4776 5077 2151 1129 5270 260 3253
100 1872 6729 2957 3955 1736 3523 5901 3314 4807 2788 611 712 1810 6071 2209 3192 2064 703 538 2679 1821 4351 842 2993 6788 3272 5731 3242 801 393 3353 5375 3060 5514 3081 5524 2187 5629 6392 5960 2460 1502 2294 1553 79 5890 4011 1534 4005 314 146 2347 5611 3039 255 1469 6656 6635 4254 1862 3727 139 2629 2991 3519 3288 6048 2625 5593 2593 834 2129 3337 1961 4714 2791 4304 127 622 1305 2751 3787 957 4574 2652 2059 3760 1049 388 6829 3992 5490 2112 5807 3133 364 307 3586 284 2892
40 5606 2221 6744 1488 1691 1394 3288 5432 5144 976 2397 595 6751 5098 703 6104 3940 3296 2440 4723 5946 368 6285 5828 2620 4832 1565 3333 3469 4076 4695 3489 1639 3587 3588 6671 1648 3787 3653 5782
100 6446 3089 6180 5761 6234 5667 3872 5225 6439 1949 1119 5191 5794 3809 6994 4342 3590 6585 6130 200 2731 618 3646 2872 3146 6881 6505 2373 5207 6823 2021 5098 4283 4560 2586 579 935 4939 5662 2338 5353 6223 3757 5018 3787 400 3510 1669 1030 3206 6521 6325 3491 1481 3034 5693 5368 4998 4404 5591 1097 6730 4989 2655 4058 2468 6350 4127 2340 4573 5369 846 703 2557 4308 2715 5570 4901 1838 2054 6257 428 6049 5488 2271 1881 686 5001 2276 4578 186 4914 3513 4585 2941 4708 2497 3068 3113 4548
47 703 1373 3240 2118 2043 340 4417 1859 651 2940 2919 4320 3930 5337 3506 1819 5681 1030 266 5762 3880 3756 1032 3524 5721 5491 3330 5098 852 4722 5149 4870 1089 4719 5314 5723 3097 2298 6647 4215 6822 6498 1804 1786 348 4373 4453
100 3415 491 4613 3165 6356 6673 1916 72 1386 1540 2650 5865 805 5260 517 381 5686 2707 6928 3805 3140 5030 217 366 5098 4871 6474 4299 6891 1611 5799 5356 2280 6920 5268 6147 3515 5511 2691 3663 2807 2157 2688 3126 1243 550 113 5233 6402 2839 5740 6314 208 692 3082 4166 2302 6158 4187 5430 5920 2413 2505 3470 1277 3235 115 4108 5188 1030 5149 6710 6966 887 4958 1679 262 2364 5422 5489 248 5913 1906 4038 30 4043 4920 996 2922 6824 1545 4815 2327 777 2520 2430 1878 5657 6213 2278
75 2374 1733 5677 4350 6983 663 3157 4855 3603 161 4034 587 5837 1156 2653 1160 334 3683 624 3077 3136 3970 5149 4875 238 29 6315 5676 17 1146 5844 3620 4684 4902 5988 4433 558 4163 4185 1479 2325 1606 3051 6529 6185 1030 2419 2454 2175 1788 5704 6659 257 4731 1858 4039 1778 1562 2386 816 5747 1971 4422 2148 2378 4252 5640 883 5436 6307 248 356 6970 6038 6448
35 4232 4315 5928 6115 4259 5846 5339 878 5149 4167 5905 248 5747 1195 4804 4521 6784 462 626 203 3372 3029 6025 3693 2242 4355 6500 4085 547 2191 3964 1740 1645 33 3076
100 944 1590 6423 1760 2718 4278 2380 111 3365 2765 2545 6537 2144 1592 457 6377 3547 1781 3764 2861 285 3998 763 4446 4480 3511 6420 4213 4688 2741 36 5994 3886 1993 89 6487 551 2443 5878 4526 3040 1517 1897 5148 4409 6429 5741 1019 4388 4267 670 1861 4595 4878 701 969 4811 6967 3890 3044 6424 2274 1826 3747 6879 4806 4210 248 38 233 5997 6791 4207 5747 2783 328 5011 4570 2041 6047 5217 4372 4188 5703 5423 4884 1900 6848 3730 3266 4444 5298 3687 3372 3459 5941 1574 2676 5985 1968
71 3782 3283 4568 565 3 3876 1407 6841 4212 3886 318 1629 4623 4013 1809 3372 3304 4258 3788 1353 62 1421 621 3431 3154 695 3751 6205 5716 3340 2230 1396 4541 411 4306 3629 3440 2190 4201 1938 3021 5679 1531 6527 5219 6555 795 1361 358 3434 4977 4266 4448 5196 3145 3392 3718 513 6142 2932 5747 4644 1998 839 4552 811 1246 4890 5151 3736 782
35 3886 185 4033 3372 3981 6384 1597 3115 2044 2573 5034 2916 1631 5177 4046 4306 1216 1910 6164 1282 5932 3968 5840 4459 2645 2022 3931 4614 2198 6511 1268 1045 1188 3483 4120
35 2477 4046 1380 5544 3220 6763 4724 3127 5717 4144 6534 6814 1143 2633 2656 2314 3886 1338 3327 4306 2917 533 6236 2762 3261 6288 835 6546 1261 2461 1932 1416 6464 3012 641
39 4440 5757 1455 3073 2846 404 4420 5879 4557 4168 5658 5189 2177 4046 1122 4099 344 83 4306 6543 1632 1561 6046 3942 1275 2108 4031 5643 3327 4852 5814 2589 2439 5146 6925 2965 2636 6707 4830
35 4488 6306 4378 4860 3490 3499 2829 5811 425 3073 2987 6364 6565 3938 3789 2472 1079 5684 662 4046 2745 2749 2735 3327 2787 5451 4770 3606 6345 399 3294 295 6713 5696 2284
55 5638 6694 5609 3073 1871 2570 2612 2900 1716 4610 4002 6290 5376 5173 3327 477 134 3104 5220 5449 4888 2667 240 861 166 1600 5682 2469 1948 1668 6851 3390 3460 1197 193 4682 6513 295 2726 3815 3854 5481 2471 5771 6737 5627 1692 3055 530 977 4916 3373 1071 3996 4854
100 3280 465 4449 955 6252 3567 4260 6963 1098 1155 2324 4390 4155 46 6108 5408 2599 1712 295 5088 2368 1445 2434 4149 3997 149 2624 5498 5507 6332 6622 563 1877 1981 5137 3386 3990 4739 1571 6193 6082 5382 6075 2099 396 1543 1498 2057 682 997 3073 3324 2860 5918 3863 4297 4070 6349 1210 4143 6753 509 4139 5096 3918 1477 545 3712 4095 1337 684 1586 3142 6743 780 784 1066 2149 4186 6400 135 914 2936 4230 2471 1673 5743 564 1839 5874 4462 6721 5452 1005 3019 5829 3446 2072 1233 4675
42 1510 2488 6709 6183 2978 4877 5568 3738 1155 6480 1208 165 21 4539 1094 3769 552 1459 295 1801 2266 5808 6015 6725 5560 3941 2640 716 5471 1286 4554 6029 1876 1660 5964 6868 2826 5505 2471 1358 5975 4180
67 2700 5122 2451 5952 1363 1340 1269 4974 6643 2498 225 1901 293 4598 3241 3512 3793 5772 4481 2725 2299 221 6183 3875 817 3828 6732 2879 1002 6143 1409 3797 6043 2683 3667 2200 2471 1081 3164 524 1609 772 1399 2616 6601 3023 6863 5287 5728 800 6693 152 1155 3649 1223 3661 4763 1196 799 6283 447 2850 742 6000 5123 3413 761
100 3768 370 1209 4447 6632 4844 4340 5628 4692 6326 6183 4275 237 2359 6096 1301 4925 4802 1371 6907 1155 4565 872 5935 1991 2465 4004 2967 6997 5582 608 6575 5911 1783 3052 6693 2946 5282 1687 1507 6964 261 5397 853 331 774 2617 786 3493 4400 1279 2518 3763 838 2410 1847 1964 2606 435 5993 360 3223 3125 2954 2658 2680 3521 5172 4797 2670 2427 4605 1103 2560 6258 4858 6091 4115 4403 4312 1491 1680 4853 2961 1960 6329 6564 6162 6310 1729 4244 5880 371 6355 1345 1017 5032 1294 4027 642
100 4732 3830 2428 360 3776 2156 1768 4159 5127 3124 6183 823 2943 2628 1083 1774 3579 2785 6388 6485 409 4849 3775 5255 3179 5031 5387 5170 3313 6980 6811 3552 4415 4715 2673 5616 1461 3573 6693 4945 2720 6630 4238 2154 665 5428 3508 630 6473 6273 3310 4138 3103 4122 628 2976 4184 6478 4747 1602 4953 5184 2795 5311 4957 2214 5176 6821 2610 1619 5014 253 3822 1374 5730 4531 937 6917 2213 569 3993 2677 6843 654 1320 2590 6282 3570 3666 693 4055 2925 3107 6865 3080 847 5078 985 3072 4532
100 4483 3071 2693 5809 2269 5893 3300 6986 4941 402 6256 5131 3610 5697 1254 6001 2662 2312 4408 5563 116 4992 5767 512 4754 4602 4882 2888 1734 1581 299 5326 360 4503 5412 5061 3345 6958 6693 5802 437 2761 4711 489 4015 5860 3522 2814 1429 4606 4335 4544 5237 4537 6265 6235 3199 5937 2331 6666 1384 76 5872 6379 6993 1288 556 3107 4546 5000 3247 6040 3722 6393 3829 4822 6945 5228 4081 3128 6916 3150 3016 6156 4581 5585 3979 870 583 6070 6653 4608 5752 1364 1004 6406 4246 5646 5005 1437
34 2930 5198 2591 1496 5263 3107 3001 2871 3185 6718 5367 4937 2362 1941 6857 5912 1077 330 360 962 938 1761 6716 5145 3071 6624 890 5895 3714 986 6269 4980 1490 5
100 601 5269 4368 1283 6869 3678 6054 4823 6906 2429 159 1324 1053 6942 5343 3061 6838 3654 302 6825 718 3514 947 5614 2263 2337 4344 960 3436 6810 3168 3923 2310 5496 3400 4229 5258 1908 5495 3013 2070 5251 1593 6624 6374 3475 4463 2510 1956 3198 5972 4301 3796 4699 5976 2912 5462 4617 6910 2253 4835 3794 2028 3527 275 4772 136 2420 3224 2804 4456 6295 1108 147 6137 6672 3182 5971 6856 1852 4879 1051 1287 496 3053 2231 6214 61 3105 1012 2738 2339 1433 3071 326 4753 5909 3107 1544 2286
34 3987 1426 6711 6523 6036 6320 6624 897 1780 3071 5275 4619 3414 673 4538 1699 1771 5044 2910 5859 3891 1108 6552 5474 3912 1698 3282 1341 1737 6834 2827 6482 2025 4303
34 3625 4728 6724 3543 5259 4132 3520 5274 4995 2272 3627 3686 6624 444 722 6968 4796 1169 3058 1108 1018 3414 3585 6494 3954 4632 2752 1292 273 4559 5114 5180 4370 6616
100 1237 1946 6177 2796 483 2980 6063 2358 5324 5815 549 2797 196 2010 42 2277 1551 1724 5340 4434 4062 1108 4842 3639 6460 2067 5714 2901 397 5323 2920 4073 5317 6642 4660 5984 1489 2332 3903 2483 6466 5006 2659 108 289 6255 3091 2949 4861 3784 3873 869 6437 2249 2121 1535 3533 3486 6606 504 2293 1487 5291 2584 1539 4918 2873 6202 28 3254 4956 5995 6241 4624 2145 2384 1767 6125 2016 1346 4071 3609 3395 4718 1180 4096 2493 3414 407 5139 4596 557 2799 1934 5543 300 2110 5804 3686 3204
34 910 4346 6960 4114 475 2631 4759 3414 3742 3015 4389 3028 1090 1015 109 5745 575 2273 1253 6191 5480 3518 902 5291 3844 4157 2316 3219 6776 1022 4405 2223 1238 3686
64 3869 1527 5858 3401 3114 1177 6884 6897 6397 5372 3329 2880 2526 3837 6975 223 5291 5002 5158 2205 2648 121 875 5121 1653 2704 6294 6581 1064 3798 525 2306 6407 6149 600 2381 3686 3312 3144 4510 1329 119 4367 1505 1842 2334 548 589 932 6268 1885 3173 6204 1339 2740 6776 2195 4904 5360 1950 3592 4045 1677 3708
52 6776 6394 6764 5661 3006 4691 4479 1295 6339 2034 3351 3857 3225 609 6316 1117 3536 1080 4571 6988 183 2074 6884 2425 473 939 495 2556 6754 4221 5862 4338 6533 1598 294 5102 6249 4203 1719 1448 4240 3833 415 2453 5783 6354 2204 6432 5291 8 2166 751
88 4646 4601 3399 3616 4954 711 1299 1332 3517 1580 4022 3767 6617 3137 1834 3516 4379 6573 286 6011 4668 4748 171 4507 2453 561 1289 6542 3577 5737 6449 2883 6368 6383 1443 515 6904 2986 120 2988 593 1870 4949 4172 6323 4333 3110 125 5620 4712 1273 708 1266 339 6776 6884 5818 5230 2809 6359 2087 1038 5945 614 322 2201 1894 3731 2845 4218 2495 5008 809 6832 503 3811 3057 1818 4178 4566 2995 6602 5417 956 321 1972 5664 4391
45 6118 3616 2453 6461 4994 6884 2884 2542 3713 3445 6254 5022 1306 5352 6681 2661 1239 4590 734 3216 187 6661 5039 2496 4883 6459 2288 6072 1599 6005 4476 1042 2559 1449 4194 924 5595 6230 965 2568 1722 5503 4689 6749 6346
100 6882 1952 2433 5486 2504 3807 4726 4765 1141 6016 2895 263 1184 3031 5788 6579 6901 6347 5247 2453 871 1412 1101 5052 3156 6597 467 3618 6612 4972 335 5601 3810 5538 5849 5574 5385 4919 6668 3668 909 6981 6742 4468 5979 4654 2416 730 1700 4471 5571 2136 5933 1427 2600 1999 1650 737 6471 3910 6291 2303 2535 1931 357 5663 3172 4271 4092 4955 1091 4472 1303 3633 5333 5441 2073 3999 4988 2811 3859 5216 3616 1047 827 242 6831 6396 5823 4234 2354 5680 386 2855 3947 4893 1582 5022 3197 6976
100 2938 5603 5299 6272 3824 5729 2423 5022 5883 4189 4067 4418 2587 1843 4233 4519 505 31 2321 4930 578 5674 3258 6955 3616 5914 929 1857 5827 5108 942 3041 576 4637 1001 5801 190 5813 2076 2966 4098 6760 2138 6378 449 1997 3576 5542 5068 2100 2013 1201 3411 2843 2582 3003 6438 3418 3864 1248 1181 5769 1710 2844 1979 249 3453 1705 5680 3305 5448 2480 3898 4491 2671 3371 6398 6855 3167 2046 5226 440 1061 1375 6698 2346 5384 2120 5197 4069 1928 3417 77 5974 1851 5100 3149 469 336 4152
95 2134 2875 1820 3279 894 2851 4827 2376 815 1271 4361 5022 645 6002 4501 5072 797 5336 4865 5962 3532 6245 6985 3755 466 1757 1637 5185 1549 6670 1688 367 3559 5003 1494 3335 2055 5256 424 3211 1880 5919 6013 5763 2893 3848 1939 1905 4567 4067 6184 5525 4450 3213 5564 5134 993 5296 6489 1925 1601 2379 5832 3584 3665 3500 3632 1350 6101 4277 1994 2527 3770 6902 588 617 3067 925 5467 1969 24 635 1420 4358 6189 1044 6493 2908 303 6488 4887 3509 5680 5156 1262
34 2186 4452 1366 1085 5229 1211 6793 6110 4651 84 4330 3484 5680 1290 474 5889 3501 1532 1232 4324 5659 4224 5832 4530 3450 6852 6991 4775 3462 6728 4067 3628 2169 6525
60 4124 5206 6887 15 3871 3402 6801 1503 3664 4352 3677 484 6079 2595 4067 5307 1020 5502 6860 2585 2441 5079 3525 5832 3094 3611 292 6490 983 6365 5968 2742 945 6756 2928 4697 37 1267 6933 4239 5500 1511 3363 4431 516 4497 4670 4321 228 251 3087 6768 1727 5493 1185 2040 6327 1886 6525 5562
67 880 213 5395 5520 75 928 3422 984 5926 904 5832 1480 2344 1128 265 80 369 6450 5214 1313 516 789 1074 3814 639 4282 2536 6250 2407 5787 3754 2515 3566 5103 1402 2579 4362 5239 520 6658 3920 6944 1807 1418 90 5608 5733 687 6937 2820 1658 5559 1176 6525 5192 2924 4091 1482 998 6876 3479 1218 749 1751 5929 2019 2522
95 1087 3111 3710 6657 3376 6165 6217 6353 418 5634 1405 6525 4922 773 4785 964 978 2389 5386 4105 6740 2952 1714 1515 5866 5821 98 1958 6678 5787 3766 4110 994 5930 288 4437 1214 359 6144 4101 3925 5660 3430 3209 2575 6741 6708 5852 1379 625 6777 2481 6380 1702 6336 6178 3630 2548 1457 744 1518 2975 3078 4153 3339 4137 516 6649 6100 3212 1040 2909 433 3190 715 1484 86 738 6065 4889 1879 4504 3188 1725 2566 6674 6454 6114 6535 6435 1605 5110 91 1521 6940
76 4851 721 5009 464 5758 5742 5787 1111 508 6836 3682 898 6486 3965 1247 6911 2664 4982 6458 1614 1996 5223 3376 3631 5370 3249 1831 3813 5991 6903 694 3597 5067 5080 6699 5632 5285 6883 4662 2867 1548 3702 3175 4197 2549 640 920 3131 1829 705 4640 5388 3853 4603 696 4892 3614 3022 3675 4235 516 1219 1256 2002 3315 5272 6516 1715 6650 5708 6682 5133 6946 3732 6122 461
100 2825 4894 2492 843 4170 664 3697 3929 4917 2982 3389 4494 5854 4751 4392 5231 6373 2553 141 6626 6124 6954 1369 2113 1148 6802 19 3196 5053 2039 2199 3184 4572 6166 1613 6639 6440 2858 1252 6452 2513 5325 2689 2033 4395 6123 913 3376 2051 1478 3726 405 4681 419 6389 2181 6103 829 3472 3102 6946 401 2898 5254 4693 1987 1787 1567 5774 5787 5210 498 5334 5222 6652 3868 182 1587 264 2357 4396 3438 5521 1990 5797 4009 5602 4030 1036 3112 6905 4325 1610 2126 1875 5357 5478 785 6501 6680
100 3376 6218 4074 6278 5017 3949 4012 6112 6233 3045 740 1625 4102 5363 5445 2815 3989 6989 6140 4528 5279 4214 6946 3605 5897 6807 5276 6007 4357 4131 2803 3323 3334 345 1690 1110 3308 6931 841 1330 6995 3652 5784 6309 2185 781 4774 3695 138 4296 310 4690 6168 2479 3343 4793 3504 4944 4756 3301 6259 1927 6675 5426 1528 3591 6470 992 5531 4907 783 6878 2450 4611 4219 6076 106 429 3287 6074 2777 53 826 4593 5605 6337 1954 2684 40 987 6697 4454 690 5908 4996 4469 4911 471 1333 4894
49 3580 6563 1499 5739 1855 4515 5261 610 4874 4522 5463 2262 4894 4978 6300 4020 2945 345 343 2363 3331 1520 5288 3962 5943 6299 151 619 3367 594 6148 5759 5584 6371 6946 1557 5165 5026 4269 3884 3561 4310 4946 2869 3728 2083 2890 4141 3487
100 2037 2082 1242 2774 58 2699 900 1205 1309 5118 5589 1856 731 1559 1707 3478 3295 2060 5847 2285 3408 6560 1428 3106 4894 4645 1803 5063 2402 3905 2462 2722 3911 3740 828 2695 6939 666 2822 4703 1191 45 2926 6683 6641 305 2026 5781 3700 2372 3636 227 765 2958 5778 580 3612 5364 2383 6152 6304 6021 3163 6620 6445 345 6779 5600 2769 2240 6667 1882 2896 1452 4077 4461 4023 2569 3582 341 760 5391 4863 6483 6338 2208 4706 4975 867 6499 6563 4343 6475 1471 4973 1676 1493 2069 6972 1523
51 6563 6506 389 2107 6399 3101 3255 4536 1649 2251 840 3065 5857 4353 4968 1167 2789 6216 4016 1424 3961 1896 2555 1029 3971 345 1977 1868 3617 4942 1028 2702 2760 6436 5528 296 2806 3138 1142 157 5212 5330 4863 3020 4226 2202 688 2979 4990 3374 4482
54 3441 4270 333 1799 6690 2886 2323 1703 6247 2918 6599 4631 1524 1848 4829 3624 5967 5380 6734 6574 6563 1383 4671 2426 2694 5836 5592 5162 5485 6536 1322 4068 3170 4255 4908 5618 5753 874 4766 2435 1560 6663 4700 2543 1293 5106 3541 5212 5691 4863 4295 2432 5683 1348
4 5212 4863 1853 2886
4 2886 4381 1853 5212
4 2657 1853 2886 4381
4 1131 2657 4381 1853
4 2657 1131 4381 5736
4 931 2657 1131 5736
4 3867 931 1131 5736
4 5736 3867 931 5013
4 5013 931 3867 5567
4 5732 3867 5013 5567
4 5732 5345 5567 5013
4 5732 5567 5345 1684
4 3332 5732 1684 5345
4 1684 5345 2808 3332
4 5154 2808 3332 1684
4 3332 6127 2808 5154
4 2808 5154 2352 6127
4 2634 5154 2352 6127
4 6127 2634 2906 2352
4 2906 2352 2634 6246
4 6246 2906 2634 2162
4 726 2906 6246 2162
4 2162 726 6246 6770
4 726 4354 6770 2162
4 6770 726 4354 5104
4 6770 4354 3934 5104
4 3934 4272 5104 4354
4 3934 4272 5104 1755
4 1755 4272 3934 3546
4 3546 1755 889 4272
4 1755 2279 3546 889
4 889 87 2279 3546
4 5060 87 889 2279
4 2279 1550 5060 87
4 6700 87 1550 5060
4 6700 5060 150 1550
4 6700 1550 3226 150
4 6700 377 3226 150
4 150 3096 377 3226
4 3096 3226 377 1664
4 3096 1664 3008 377
4 1664 3008 3096 488
4 1664 488 3008 5358
4 6077 3008 5358 488
4 3316 5358 488 6077
4 3316 5358 922 6077
4 6629 922 3316 6077
4 922 4416 3316 6629
4 6845 4416 922 6629
4 2260 6629 6845 4416
4 4416 2260 6845 176
4 2260 844 6845 176
4 844 176 2260 6973
4 6973 176 844 5126
4 5126 5281 844 6973
4 5126 6301 6973 5281
4 5126 5281 2711 6301
4 5281 2711 5598 6301
4 5598 2960 6301 2711
4 2960 2711 497 5598
4 6812 2960 5598 497
4 497 2960 6812 3222
4 497 6812 6263 3222
4 6263 2690 3222 6812
4 6263 2690 930 3222
4 1104 2690 930 6263
4 2690 930 6231 1104
4 6231 930 3773 1104
4 4677 6231 3773 1104
4 4677 4837 6231 3773
4 4677 3773 4837 421
4 421 4065 4677 4837
4 4065 4837 6689 421
4 4065 6689 421 709
4 6610 6689 709 4065
4 6689 6610 3380 709
4 6610 709 3380 1107
4 172 6610 3380 1107
4 172 3380 5675 1107
4 172 5675 2080 1107
4 172 5675 1331 2080
4 6921 1331 2080 5675
4 6921 2080 1331 4591
4 1331 6921 4591 6434
4 6434 1392 6921 4591
4 6434 2753 1392 4591
4 6434 3638 2753 1392
4 3382 3638 1392 2753
4 3638 2147 2753 3382
4 2147 5194 3382 3638
4 2239 5194 2147 3382
4 507 5194 2239 2147
4 85 2239 5194 507
4 507 4783 85 2239
4 4783 5394 85 507
4 5394 85 4783 6545
4 4783 5394 6545 67
4 67 5394 6545 4064
4 6545 4064 2114 67
4 2114 67 4064 5120
4 5120 2114 4064 3745
4 2114 707 5120 3745
4 5120 3745 2009 707
4 707 3745 1274 2009
4 1274 707 2009 6453
4 6453 2009 1274 643
4 3803 6453 1274 643
4 3643 6453 643 3803
4 3803 3643 643 5588
4 3803 3643 3883 5588
4 3643 5588 3572 3883
4 5588 3572 2270 3883
4 4251 2270 3572 3883
4 3572 2270 1189 4251
4 1721 2270 4251 1189
4 1828 4251 1721 1189
4 4377 1189 1828 1721
4 4377 1594 1721 1828
4 4377 1828 4923 1594
4 5980 4923 4377 1594
4 4923 3322 1594 5980
4 6604 3322 4923 5980
4 6604 5980 3322 950
4 6604 6745 3322 950
4 950 6745 2220 6604
4 2220 6745 6330 950
4 6745 2220 1378 6330
4 5692 2220 6330 1378
4 6330 5692 1016 1378
4 1378 5692 413 1016
4 6621 413 1016 5692
4 1016 6621 51 413
4 3799 413 51 6621
4 581 3799 6621 51
4 51 6012 581 3799
4 6591 6012 581 3799
4 6591 6012 3544 581
4 6012 6591 1388 3544
4 3544 2626 1388 6591
4 2626 3544 4730 1388
4 2626 1463 4730 1388
4 4730 2626 1463 2998
4 3866 4730 2998 1463
4 1463 2998 3866 394
4 2605 2998 3866 394
4 4927 2605 3866 394
4 6266 4927 2605 394
4 5389 4927 6266 2605
4 3535 5389 4927 6266
4 6266 2547 3535 5389
4 3535 5389 2547 3704
4 2547 3535 3704 2972
4 2565 2547 3704 2972
4 2972 247 3704 2565
4 247 2972 3432 2565
4 247 3432 2565 5457
4 1127 5457 3432 247
4 5457 1127 3432 3685
4 1127 3685 5457 2259
4 1162 2259 3685 1127
4 1162 3685 2259 6141
4 2259 5922 1162 6141
4 1746 5922 6141 1162
4 6141 5922 704 1746
4 5630 704 5922 1746
4 704 5630 979 1746
4 212 704 5630 979
4 212 1027 979 5630
4 1157 1027 212 979
4 1157 212 6297 1027
4 1157 1027 6530 6297
4 1157 6530 3121 6297
4 3121 6619 6530 6297
4 6530 3121 6619 6818
4 6619 6818 6556 3121
4 6556 5338 6619 6818
4 5338 2747 6556 6818
4 2747 5338 6556 1813
4 5992 2747 5338 1813
4 1813 5992 4385 2747
4 1813 5016 5992 4385
4 2031 5992 5016 4385
4 4385 2805 5016 2031
4 2031 6479 2805 5016
4 2031 1039 2805 6479
4 1039 6479 2805 6930
4 1039 6930 6479 1190
4 6462 6930 1190 1039
4 6568 6462 6930 1190
4 6154 6462 1190 6568
4 6568 5875 6462 6154
4 5429 6154 5875 6568
4 678 5875 6154 5429
4 5875 1704 5429 678
4 5429 678 3550 1704
4 3550 1704 1970 678
4 1970 1704 3550 1376
4 3550 1376 1970 1504
4 6410 1376 1970 1504
4 1376 1504 6662 6410
4 3557 1504 6662 6410
4 5392 3557 6410 6662
4 6662 1945 5392 3557
4 3557 1808 1945 5392
4 1945 1808 5392 2849
4 2098 1945 1808 2849
4 2849 458 2098 1808
4 2098 2849 458 1552
4 458 2098 202 1552
4 1552 202 2442 458
4 1414 1552 2442 202
4 2442 2131 202 1414
4 2131 5699 1414 2442
4 2131 1414 3148 5699
4 5699 2131 410 3148
4 5699 6111 3148 410
4 3148 410 6111 3047
4 3047 6111 5294 410
4 5294 6111 3047 1616
4 3772 5294 3047 1616
4 3772 1616 5294 5366
4 3772 4820 1616 5366
4 5366 4820 3772 1050
4 5366 1436 1050 4820
4 1050 1436 4820 4509
4 1050 4509 1436 6240
4 615 6240 4509 1436
4 615 6240 4509 1202
4 1202 5277 6240 615
4 1202 615 2049 5277
4 2049 1202 1068 5277
4 5277 2049 1068 1230
4 1068 1230 5174 2049
4 1230 6773 5174 1068
4 1230 6773 1978 5174
4 5174 1978 6773 6889
4 6803 1978 6889 6773
4 3318 6803 1978 6889
4 2024 3318 6889 6803
4 4460 2024 3318 6803
4 2024 2 4460 3318
4 2024 2 4460 5344
4 6088 5344 2 4460
4 5344 2 6088 6790
4 6088 5344 825 6790
4 6088 825 6790 4109
4 3248 6790 4109 825
4 4109 825 3248 4869
4 4936 4869 4109 3248
4 4869 3248 4936 3743
4 4936 3743 2934 4869
4 4551 2934 4936 3743
4 3455 3743 4551 2934
4 4551 2934 3455 4805
4 3455 4805 4551 2852
4 298 4805 2852 3455
4 2852 4683 298 4805
4 1284 298 4683 2852
4 4683 298 1284 315
4 315 4683 1284 1344
4 315 1284 4524 1344
4 1221 4524 315 1344
4 4524 1221 2622 1344
4 1221 4524 2622 4833
4 4833 1221 5124 2622
4 2802 2622 5124 4833
4 3720 4833 5124 2802
4 3720 2305 2802 5124
4 3720 2802 93 2305
4 93 2305 472 3720
4 93 2305 472 6759
4 6759 93 4060 472
4 1389 4060 472 6759
4 936 4060 1389 6759
4 1389 4060 936 2968
4 2968 1153 936 1389
4 1153 1915 2968 936
4 164 2968 1153 1915
4 164 2798 1915 1153
4 2225 2798 164 1915
4 164 1352 2225 2798
4 2096 2225 2798 1352
4 2225 2096 660 1352
4 660 605 1352 2096
4 2096 5175 605 660
4 605 5065 5175 660
4 5175 605 5065 971
4 5175 6978 5065 971
4 6978 3935 5065 971
4 971 6978 6044 3935
4 6978 3935 6044 4496
4 4496 3935 6044 5955
4 5955 6504 6044 4496
4 4496 6504 5955 2974
4 6504 5955 2771 2974
4 2974 6504 2123 2771
4 2123 4248 2771 2974
4 6830 2123 2771 4248
4 2123 1105 4248 6830
4 1105 6830 105 4248
4 57 105 1105 6830
4 57 105 1105 2939
4 3230 57 105 2939
4 57 1919 2939 3230
4 6426 1919 3230 2939
4 6426 1919 1096 3230
4 1919 6426 1096 4204
4 6426 1096 81 4204
4 4576 1096 81 4204
4 5297 4204 4576 81
4 4316 5297 81 4576
4 2217 4316 5297 4576
4 4316 2217 70 5297
4 70 2217 2907 4316
4 70 2907 154 2217
4 2907 154 2576 70
4 1123 2907 154 2576
4 5446 154 2576 1123
4 3281 1123 5446 2576
4 1123 3281 5278 5446
4 3281 5446 5278 4872
4 4872 1334 5278 3281
4 5278 1334 4872 5590
4 1334 4872 5470 5590
4 5470 603 5590 1334
4 5678 5470 603 5590
4 4097 603 5470 5678
4 4097 5678 603 277
4 277 5655 5678 4097
4 5050 277 4097 5655
4 5050 3471 5655 277
4 4687 5655 5050 3471
4 3471 5050 4687 5327
4 3471 3243 5327 4687
4 3243 4687 5327 6153
4 1914 6153 5327 3243
4 6153 2336 3243 1914
4 1914 6153 2336 2287
4 118 2336 1914 2287
4 118 2336 3834 2287
4 2287 3834 3005 118
4 3834 118 6280 3005
4 5492 6280 3834 3005
4 2891 5492 3005 6280
4 5492 6280 1203 2891
4 2891 2173 1203 5492
4 2173 2891 1203 3442
4 3442 2173 6974 1203
4 2173 423 6974 3442
4 3442 423 6974 735
4 6974 991 735 423
4 735 2837 991 423
4 735 2837 112 991
4 112 4140 991 2837
4 112 4140 6312 2837
4 6312 4140 112 180
4 4659 4140 180 6312
4 4659 180 101 6312
4 4659 180 101 1937
4 4659 1937 5896 101
4 101 5896 1937 6413
4 6413 1937 5896 35
4 724 5896 35 6413
4 6413 35 5824 724
4 724 5824 35 2733
4 5824 2733 724 6757
4 6938 5824 2733 6757
4 2155 6938 2733 6757
4 6757 6938 6369 2155
4 6938 6369 2155 224
4 2155 224 43 6369
4 224 43 6369 1785
4 43 1785 224 3785
4 3785 2544 1785 43
4 3785 1845 2544 1785
4 3785 2544 1845 4885
4 1845 4885 6405 2544
4 5512 4885 6405 1845
4 4885 6405 3995 5512
4 3995 2167 6405 5512
4 6957 5512 3995 2167
4 3995 6957 2167 5871
4 6957 1584 2167 5871
4 2953 1584 6957 5871
4 6815 2953 1584 5871
4 2953 6815 1584 5504
4 6815 1893 2953 5504
4 6815 1893 3123 5504
4 1893 3123 2801 5504
4 899 1893 3123 2801
4 3123 2801 4513 899
4 6197 899 4513 2801
4 6197 1576 899 4513
4 3162 1576 4513 6197
4 623 1576 3162 6197
4 623 6959 3162 1576
4 3162 623 4625 6959
4 2759 4625 623 6959
4 6959 2759 4625 2404
4 4625 2404 1795 2759
4 1795 2759 2404 2275
4 1795 2275 2404 6864
4 1795 3983 2275 6864
4 546 3983 2275 6864
4 3983 546 6864 5701
4 408 5701 546 3983
4 5701 6244 546 408
4 5701 6244 408 2390
4 1476 2390 408 6244
4 2390 470 1476 6244
4 470 3193 1476 2390
4 1476 3193 470 6952
4 2834 3193 470 6952
4 211 2834 3193 6952
4 2834 211 6952 351
4 2834 1762 351 211
4 1762 4583 351 211
4 4583 1762 4679 351
4 1135 1762 4679 4583
4 4583 4679 1135 3877
4 3877 4679 338 1135
4 338 1135 2756 3877
4 3877 5300 2756 338
4 338 5300 2756 4290
4 2756 5300 5015 4290
4 4290 5015 5300 886
4 3855 886 4290 5015
4 3358 886 5015 3855
4 3358 886 3855 4985
4 4985 3358 3855 6182
4 4985 3358 1425 6182
4 5573 4985 6182 1425
4 6182 1425 5812 5573
4 5812 4799 1425 5573
4 4799 2210 5812 5573
4 1058 2210 4799 5812
4 1058 2210 4799 6701
4 2210 1058 571 6701
4 819 1058 571 6701
4 6701 571 819 4817
4 4817 571 819 6528
4 3262 4817 6528 819
4 4024 4817 6528 3262
4 6528 3262 668 4024
4 4024 6686 668 3262
4 4024 6686 668 6780
4 6686 6780 668 3245
4 5754 6686 3245 6780
4 3245 6780 5754 4326
4 3245 5754 4326 2438
4 4326 2438 5754 638
4 4326 638 2438 4856
4 2438 1708 4856 638
4 1708 638 1525 4856
4 4856 1525 1224 1708
4 1224 1556 1708 1525
4 1556 4737 1525 1224
4 1224 4737 102 1556
4 4737 612 102 1556
4 612 102 4737 194
4 6614 612 102 194
4 612 4287 194 6614
4 6614 194 4287 5825
4 4287 5825 6614 5806
4 4287 5806 5308 5825
4 5308 5825 5806 854
4 5806 5308 1892 854
4 3916 5308 854 1892
4 854 3916 1892 209
4 6465 3916 1892 209
4 6465 209 1456 3916
4 6465 1456 209 2931
4 2931 5301 6465 1456
4 3325 2931 5301 1456
4 2931 4014 3325 5301
4 4014 5301 414 3325
4 25 414 3325 4014
4 414 6844 25 4014
4 25 3423 414 6844
4 2141 3423 6844 25
4 6844 3423 2141 2748
4 3928 3423 2748 2141
4 1240 2141 2748 3928
4 1240 2748 6813 3928
4 3928 1240 6813 3715
4 2160 6813 3715 1240
4 6813 2160 2914 3715
4 2160 3715 6084 2914
4 6084 6239 2914 2160
4 6084 3648 6239 2914
4 6239 6084 3427 3648
4 6239 3427 10 3648
4 3427 6260 10 3648
4 4146 3427 10 6260
4 6609 6260 10 4146
4 6260 806 6609 4146
4 806 6609 4146 1696
4 806 6609 1696 2470
4 1696 2267 2470 806
4 2470 1696 2267 6861
4 6861 2470 1385 2267
4 1385 3129 2267 6861
4 204 3129 6861 1385
4 3129 2594 1385 204
4 6451 3129 2594 204
4 2594 6451 1462 204
4 2594 1462 6451 174
4 1462 6451 6095 174
4 1462 6095 174 3838
4 174 6095 3838 2696
4 3838 6554 6095 2696
4 2696 3838 6554 5049
4 6554 4784 2696 5049
4 4784 6554 1723 5049
4 1723 5049 4784 5265
4 184 1723 4784 5265
4 5650 5265 184 1723
4 184 5650 5265 5091
4 5091 3263 5650 184
4 5091 3263 2717 5650
4 5091 2717 5902 3263
4 2717 5902 5168 3263
4 2717 5902 5856 5168
4 5902 5168 5856 2491
4 5856 1136 5168 2491
4 3641 1136 5856 2491
4 1136 3641 787 2491
4 787 3641 5341 1136
4 3092 787 5341 3641
4 5341 3092 3498 787
4 4813 3092 5341 3498
4 1675 4813 3498 3092
4 3498 1675 2864 4813
4 3608 4813 2864 1675
4 5257 2864 3608 1675
4 3608 5257 2864 6031
4 3608 6031 5257 5888
4 5888 6031 5257 5262
4 6031 5262 5888 567
4 5888 567 4897 5262
4 567 4897 6151 5262
4 743 4897 6151 567
4 743 4897 6151 92
4 743 6151 6419 92
4 92 6419 743 3908
4 92 6419 3908 130
4 6419 130 3908 6093
4 4535 3908 130 6093
4 130 4535 6093 4363
4 6093 4363 4535 2146
4 4363 2146 3534 4535
4 3166 3534 4363 2146
4 3166 2146 3534 441
4 3166 6078 441 3534
4 6078 441 5639 3166
4 5305 5639 441 6078
4 5305 481 5639 6078
4 1465 5305 5639 481
4 481 100 5305 1465
4 1465 100 481 584
4 100 584 3841 1465
4 100 6943 584 3841
4 3676 3841 584 6943
4 3676 3841 6943 4580
4 862 4580 3676 6943
4 3676 4580 3086 862
4 3086 4580 862 961
4 961 2604 3086 862
4 5035 2604 961 3086
4 5035 961 3347 2604
4 3347 2604 5035 3234
4 3347 5035 4473 3234
4 3347 3234 4473 5892
4 4880 5892 4473 3234
4 4880 4473 5845 5892
4 304 5892 5845 4880
4 5845 304 6589 4880
4 304 5845 6589 6220
4 6220 5090 6589 304
4 6220 5090 6589 3816
4 4349 3816 6220 5090
4 3816 5090 4349 6618
4 4349 3816 6618 729
4 4176 729 6618 4349
4 1100 4176 6618 729
4 4176 6357 729 1100
4 4176 1100 2142 6357
4 2142 6357 1100 3735
4 2142 3593 3735 6357
4 3593 3735 2142 291
4 291 3593 4376 3735
4 3593 1006 4376 291
4 6319 291 4376 1006
4 6319 4376 6179 1006
4 1006 6179 6319 222
4 1615 6319 222 6179
4 6179 2736 222 1615
4 4745 222 1615 2736
4 4745 953 2736 1615
4 3307 953 4745 2736
4 4745 6750 3307 953
4 953 3307 6750 5671
4 3307 6750 4279 5671
4 6750 6951 4279 5671
4 4279 4485 5671 6951
4 4485 6951 5443 4279
4 6951 5443 4485 3771
4 3771 5443 2329 4485
4 3771 216 2329 5443
4 2474 2329 3771 216
4 3919 216 2474 2329
4 4177 3919 216 2474
4 3919 5891 4177 2474
4 5891 3919 1263 4177
4 1263 5891 4177 4498
4 4498 5891 1263 1776
4 4451 1776 4498 1263
4 1776 5354 4498 4451
4 4451 5286 1776 5354
4 5286 5550 5354 4451
4 3571 5550 5286 5354
4 1321 5286 3571 5550
4 3571 1321 5550 4247
4 4247 3571 1620 1321
4 3660 1321 1620 4247
4 4247 4672 3660 1620
4 4672 3660 5381 1620
4 5381 3251 3660 4672
4 6747 4672 5381 3251
4 5381 3251 3978 6747
4 3251 3978 6747 6922
4 2778 3978 6922 6747
4 1874 2778 3978 6922
4 627 2778 1874 6922
4 2778 1874 627 3600
4 3600 1874 3548 627
4 627 3548 3600 1558
4 6199 3600 1558 3548
4 4182 1558 3548 6199
4 6199 699 4182 1558
4 699 6199 5271 4182
4 4292 5271 699 4182
4 5271 3887 4292 699
4 5271 6171 3887 4292
4 3887 6171 5041 4292
4 3887 5041 6171 2000
4 2000 6171 5041 270
4 2000 2821 5041 270
4 270 2000 6947 2821
4 270 6947 6362 2821
4 2821 1654 6362 6947
4 5645 6362 6947 1654
4 1936 1654 6362 5645
4 1654 1936 2444 5645
4 2444 2714 5645 1936
4 2714 6372 2444 1936
4 6372 2714 2444 329
4 6372 2714 6053 329
4 124 6053 6372 329
4 329 110 6053 124
4 1395 110 6053 124
4 110 124 5938 1395
4 1395 5938 866 110
4 3699 1395 866 5938
4 5938 866 3699 2218
4 4305 2218 866 3699
4 3699 4305 5020 2218
4 6014 4305 2218 5020
4 4305 5020 6014 3257
4 5020 6014 3257 2216
4 2216 2179 6014 3257
4 3257 2216 5579 2179
4 5579 2216 3894 2179
4 2153 5579 2179 3894
4 5579 5331 3894 2153
4 2153 3894 4780 5331
4 2153 4780 4976 5331
4 4976 5331 4780 4629
4 4976 4629 5513 4780
4 4629 4976 5513 5597
4 1326 4629 5597 5513
4 5513 192 5597 1326
4 3564 1326 192 5597
4 192 3074 1326 3564
4 192 3074 3564 2281
4 2281 3564 3074 3473
4 3473 2281 1701 3074
4 3473 2281 1506 1701
4 1506 3473 1701 1957
4 1506 2911 1701 1957
4 2911 1506 1957 3152
4 2911 3152 4618 1957
4 3152 450 2911 4618
4 4618 450 3152 636
4 4618 4298 450 636
4 6267 636 450 4298
4 6267 1538 636 4298
4 3480 6267 4298 1538
4 1538 6267 3480 353
4 5342 3480 353 1538
4 353 5342 3480 5157
4 5342 353 5157 5587
4 5342 5587 1526 5157
4 5587 6226 5157 1526
4 1526 6226 5587 5719
4 1526 6996 6226 5719
4 5719 6226 3070 6996
4 5267 6996 5719 3070
4 7000 5267 3070 6996
3 3070 7000 5267
2 7000 5267
