7000 5042
2 3866 1324
2 1324 3467
2 1683 3440
2 3440 6142
2 2519 5558
2 5558 1986
2 1986 623
2 5834 6242
2 1047 636
2 6034 3490
2 3490 189
2 3217 3452
2 6725 6581
2 4370 1918
2 6949 914
2 914 6805
2 2167 1386
2 1386 5634
2 5634 239
2 239 4070
2 3226 4631
2 4631 2989
2 2989 1533
2 3219 4059
2 4059 5123
2 1588 1546
2 1546 5132
2 2013 5020
2 5020 1900
2 1900 6852
2 5653 5710
2 5710 306
2 306 668
2 668 3773
2 3773 2226
2 3094 1857
2 1857 1443
2 1443 6741
2 6741 5424
2 1314 5844
2 6994 6809
2 1591 4219
2 4623 2520
2 1411 1075
2 120 1227
2 1227 848
2 128 1098
2 1098 3503
2 3503 1810
2 1810 3742
2 3742 4490
2 1827 2627
2 2627 4122
2 4122 6976
2 6976 68
2 3123 2642
2 6685 5412
2 5724 4030
2 4030 6867
2 6867 5877
2 2337 3212
2 3212 1660
2 1660 4104
2 2615 6228
2 6228 496
2 3417 3735
2 6342 2439
2 2439 3827
2 1953 3311
2 2260 941
2 5933 2673
2 2673 245
2 245 3438
2 5112 3254
2 3254 5990
2 4547 6277
2 1074 6906
2 672 4700
2 363 5759
2 5759 3092
2 3092 519
2 519 5646
2 1828 2994
2 2994 3448
2 6630 453
2 6668 3729
2 3729 5784
2 274 134
2 134 3477
2 3477 6046
2 4801 6667
2 6667 3113
2 3456 1548
2 1548 5310
2 5310 1419
2 2264 1592
2 958 5015
2 3272 3020
2 3020 2370
2 5338 2409
2 2409 2487
2 3852 797
2 797 5291
2 5291 5613
2 1315 2607
2 2607 26
2 1932 526
2 2281 402
2 5934 5675
2 3301 6189
2 6189 6960
2 1605 6044
2 6044 3182
2 3182 1323
2 906 242
2 3394 5017
2 5017 1691
2 5715 1598
2 1598 3747
2 3747 2049
2 989 1161
2 1161 6600
2 2491 5410
2 5410 1502
2 3594 52
2 4902 3562
2 3562 6311
2 6845 2303
2 2303 459
2 369 1784
2 1784 6748
2 6748 6820
2 6116 6217
2 1239 923
2 2929 146
2 3359 1529
2 1529 1011
2 3535 4633
2 4633 6289
2 5087 4618
2 4618 3790
2 3790 1053
2 1053 2887
2 2887 432
2 432 3837
2 3837 5518
2 5518 5453
2 5453 887
2 887 1855
2 1855 2899
2 1587 6068
2 6068 5101
2 3363 3964
2 3964 2718
2 1702 3346
2 1933 4956
2 6542 6337
2 6337 178
2 6191 6671
2 1160 3343
2 5119 4888
2 4888 5448
2 6176 2424
2 2424 1633
2 836 4729
2 2019 4097
2 3150 3554
2 4608 368
2 6104 1248
2 4193 551
2 6075 5649
2 2453 698
2 6923 1133
2 6731 3048
2 3526 5733
2 5733 5442
2 713 5599
2 5599 6980
2 6980 206
2 206 2495
2 4649 4634
2 4538 1086
2 1086 5979
2 629 3329
2 3329 395
2 395 2991
2 2991 5565
2 5565 3173
2 6727 6642
2 6642 3622
2 3873 2538
2 3139 1958
2 1958 851
2 5538 4785
2 4785 3439
2 3480 4048
2 2855 2125
2 2484 677
2 5407 2190
2 1945 6293
2 3192 5122
2 956 3358
2 3358 2212
2 2212 3127
2 4852 1479
2 1479 5534
2 4856 1139
2 1139 2310
2 2310 2756
2 1240 1720
2 3156 1216
2 5339 147
2 1938 6800
2 6800 3810
2 3039 199
2 1237 1758
2 1758 5549
2 4472 106
2 3891 258
2 258 904
2 1703 283
2 283 6084
2 2269 6202
2 6202 4083
2 4886 3634
2 2620 423
2 3180 6926
2 6926 2810
2 2810 3532
2 5815 6004
2 4211 1785
2 4344 5910
2 4127 1942
2 1942 3165
2 3165 5455
2 3999 4073
2 4073 494
2 494 4931
2 1770 2304
2 2304 5019
2 584 3474
2 3474 4535
2 5661 266
2 266 6525
2 6525 1740
2 1125 3234
2 3234 6019
2 6832 2122
2 2122 2501
2 2501 6438
2 5164 1985
2 1985 1117
2 1117 4882
2 4882 5903
2 76 1910
2 1910 6501
2 4792 3795
2 1310 55
2 6160 3404
2 5964 2807
2 3982 6648
2 1093 1583
2 1583 3658
2 4510 3656
2 5957 1680
2 3627 3481
2 3481 1778
2 1778 1712
2 1712 2728
2 2728 6138
2 6138 2325
2 4742 2815
2 4894 271
2 271 5370
2 2165 2055
2 2055 2422
2 2422 6726
2 6363 552
2 552 2081
2 1482 3012
2 3012 1292
2 1292 6442
2 4672 4123
2 80 6256
2 1426 4724
2 5367 6908
2 6908 3514
2 3949 2933
2 2933 246
2 5512 3752
2 3752 886
2 886 5824
2 6474 133
2 2287 4387
2 4387 1989
2 1989 4613
2 4846 155
2 1404 4117
2 4117 2172
2 2172 398
2 5166 5922
2 6616 5094
2 5094 3697
2 5738 4885
2 2371 5828
2 3779 5508
2 5257 5790
2 4898 5670
2 5670 3581
2 3581 2326
2 2326 3912
2 3912 6615
2 6615 917
2 4749 2090
2 2090 4737
2 4737 2258
2 3796 3369
2 3369 3952
2 1062 2896
2 1506 5110
2 5110 6541
2 5832 1168
2 1168 137
2 137 1881
2 1881 5163
2 5163 3040
2 3040 1472
2 3903 6713
2 6713 6711
2 6711 175
2 175 5901
2 4830 6688
2 6688 1861
2 1861 5384
2 5384 3235
2 3235 3385
2 3650 1726
2 2251 1223
2 1223 4212
2 4212 2187
2 2187 4315
2 4315 5624
2 5624 431
2 3836 6418
2 1802 1550
2 1749 953
2 3549 490
2 6578 3569
2 6819 2889
2 5195 781
2 781 2146
2 6475 3824
2 217 6750
2 3324 6873
2 4485 4658
2 2682 5216
2 6139 6322
2 6822 1327
2 1327 2314
2 99 980
2 174 2980
2 2980 3914
2 5435 3504
2 3504 5308
2 5394 2943
2 2943 6940
2 6940 3112
2 3112 2005
2 3275 2853
2 2853 6112
2 6112 3811
2 434 563
2 3498 3276
2 3276 4987
2 6190 503
2 444 6687
2 4333 2629
2 4816 1527
2 1991 5757
2 4929 2047
2 2047 5487
2 722 5585
2 6257 1437
2 1437 1495
2 1495 5200
2 5200 617
2 2587 4876
2 4876 1590
2 6008 2988
2 3791 3528
2 5120 587
2 587 5167
2 1606 5481
2 5481 4560
2 4560 3185
2 3185 4782
2 1002 4622
2 4622 608
2 608 74
2 3057 1360
2 1360 5089
2 1859 2114
2 2114 6562
2 5153 4480
2 3379 4837
2 4837 2121
2 2121 5608
2 5608 5641
2 5641 98
2 4397 6696
2 6696 4917
2 4415 1735
2 1735 2488
2 47 5238
2 5238 5656
2 3962 6393
2 6815 2844
2 261 5977
2 1193 3222
2 3222 5188
2 3678 4502
2 4502 210
2 2192 240
2 240 2928
2 2928 1276
2 5545 2312
2 1031 1519
2 5239 3958
2 3958 5718
2 6175 5191
2 5191 6564
2 407 3719
2 3719 619
2 2229 6244
2 2396 4843
2 4843 336
2 3661 5463
2 1793 4381
2 4381 2609
2 955 4403
2 4403 1844
2 4794 6911
2 6911 5458
2 5458 3671
2 3671 333
2 333 6955
2 6955 32
2 5737 385
2 816 3775
2 896 286
2 286 5732
2 5732 4164
2 6795 2305
2 3859 2143
2 2143 4835
2 4263 3432
2 2883 3471
2 1022 2776
2 2871 936
2 5429 3688
2 1782 1845
2 1845 78
2 78 2011
2 314 2091
2 5503 762
2 2666 4342
2 588 830
2 830 1460
2 1865 1488
2 4009 4418
2 4418 6813
2 6583 5233
2 5233 205
2 205 4052
2 5052 5521
2 5521 6286
2 4038 4074
2 5509 5344
2 5344 4378
2 4378 6817
2 3493 1584
2 251 772
2 772 1394
2 6047 6576
2 6576 2213
2 6020 4184
2 3838 5587
2 4046 360
2 360 688
2 688 4401
2 3118 633
2 5667 2000
2 2000 4284
2 2473 1165
2 6119 6612
2 6359 2323
2 5237 4972
2 3632 6303
2 4516 1449
2 302 1473
2 1473 6752
2 3816 4186
2 4186 2962
2 5631 4311
2 2340 499
2 581 1899
2 1396 3749
2 3749 2947
2 2947 4851
2 238 2741
2 2741 2970
2 5472 1048
2 1048 3520
2 2548 1228
2 1912 4713
2 651 4214
2 4214 1939
2 3274 3250
2 5899 5859
2 5859 3772
2 4266 4854
2 4854 3084
2 3084 2215
2 2215 3907
2 3907 869
2 569 5685
2 5685 4
2 5171 3310
2 3042 897
2 1654 5379
2 5379 6451
2 6451 3761
2 3761 847
2 847 3978
2 5483 3255
2 1795 6261
2 6261 5633
2 5633 6767
2 1446 2727
2 2727 977
2 2138 6899
2 1539 1558
2 1558 450
2 806 6448
2 6448 6398
2 1442 2235
2 1790 6481
2 4817 1803
2 1803 3766
2 187 4427
2 3521 3807
2 3807 6729
2 6729 462
2 2821 1410
2 1410 2594
2 2205 5673
2 5673 2865
2 2865 5970
2 5970 949
2 949 396
2 396 2734
2 3211 1774
2 654 6394
2 6394 876
2 578 354
2 354 508
2 508 5943
2 2744 2987
2 215 5130
2 5130 1874
2 1874 4926
2 4926 1490
2 5333 3692
2 5313 1553
2 5099 6090
2 6090 679
2 679 2914
2 5787 3028
2 4169 5285
2 5285 5278
2 6673 230
2 1716 4826
2 1369 6833
2 1271 5765
2 5765 5332
2 924 4249
2 4249 3589
2 3589 6973
2 6973 929
2 692 2401
2 2401 2656
2 2656 1172
2 1172 6183
2 3366 185
2 185 4289
2 4289 5284
2 5003 5690
2 609 4779
2 4779 4770
2 4770 2234
2 2389 3078
2 330 4524
2 1885 228
2 6639 2278
2 2278 4392
2 304 1202
2 1202 1421
2 3643 4904
2 2848 2425
2 3560 3669
2 331 4712
2 4712 5391
2 5391 19
2 19 2353
2 3822 2077
2 2077 3496
2 3496 566
2 3466 5907
2 5852 357
2 357 2586
2 2586 700
2 6381 6023
2 2254 6777
2 6777 4384
2 474 2579
2 1493 6326
2 6326 5699
2 2445 2288
2 5520 531
2 531 1408
2 3683 1188
2 1188 1676
2 1676 6108
2 6108 3240
2 3240 1926
2 1926 2801
2 2801 130
2 130 3693
2 3693 4035
2 4035 2932
2 6971 4335
2 5777 3781
2 3781 4282
2 4282 3748
2 3748 2161
2 605 2280
2 6651 560
2 560 5408
2 5408 264
2 6314 1613
2 1016 4529
2 4529 6626
2 6626 1682
2 3322 2282
2 2949 2442
2 2442 4913
2 2606 703
2 703 6354
2 6354 6460
2 6460 1651
2 1651 5831
2 5831 6284
2 5527 6631
2 3673 2209
2 2209 4135
2 1432 1173
2 1173 5033
2 6699 4789
2 5077 3460
2 5763 3287
2 2880 322
2 4550 5183
2 5183 6083
2 6083 1148
2 1148 2262
2 2262 103
2 3238 3710
2 732 5945
2 229 1624
2 1624 3856
2 3856 3023
2 3023 4252
2 4252 2051
2 3890 1832
2 2245 4740
2 2050 3534
2 659 4163
2 3418 6058
2 1326 5595
2 4470 4881
2 4881 122
2 3764 918
2 6818 879
2 879 6959
2 6959 1118
2 413 1862
2 3787 6269
2 4687 2109
2 2109 6848
2 6886 6010
2 4407 278
2 463 2360
2 6215 2074
2 400 4615
2 4615 6717
2 6717 2431
2 4461 4411
2 1281 5941
2 1429 2033
2 2033 570
2 2792 6471
2 6471 544
2 1675 256
2 256 5721
2 1340 3517
2 3517 2875
2 2875 5582
2 5988 4274
2 4274 1267
2 1267 925
2 925 3337
2 3337 3489
2 4109 1238
2 4675 5018
2 5018 2922
2 2922 4772
2 4772 21
2 6746 6502
2 6974 6933
2 2926 1302
2 1302 1956
2 1722 5272
2 1984 6738
2 6738 3152
2 739 4171
2 4171 899
2 4192 4581
2 4581 6186
2 5246 2208
2 2208 57
2 1351 4063
2 4063 3530
2 3925 5935
2 5935 6735
2 1961 517
2 517 2630
2 2630 3638
2 5778 2410
2 2410 1500
2 795 1412
2 1412 3510
2 4530 3611
2 3611 4307
2 1170 4055
2 2616 6946
2 6946 5460
2 4933 2435
2 4577 4691
2 4691 1092
2 1092 6203
2 6203 3813
2 3431 3502
2 6853 6568
2 6568 1815
2 1815 1301
2 4903 6806
2 6806 4639
2 4639 5919
2 5919 5055
2 4360 3309
2 3309 5454
2 3508 1608
2 1608 4825
2 1363 3267
2 60 1113
2 6783 53
2 3555 5876
2 5876 4542
2 1245 911
2 911 6927
2 6927 241
2 241 5788
2 4862 151
2 3286 6494
2 3763 6270
2 6270 376
2 376 6880
2 4684 3447
2 3447 4641
2 4306 5390
2 5390 4015
2 5492 1853
2 1853 652
2 2619 1694
2 1694 5295
2 5295 6364
2 6364 6683
2 4998 5548
2 5548 3093
2 4262 2674
2 389 2701
2 2701 5875
2 5875 1329
2 247 427
2 427 4860
2 4860 5062
2 6093 4949
2 1878 4475
2 2101 5274
2 707 3457
2 3628 2707
2 211 2876
2 2876 6510
2 6510 3181
2 3304 6248
2 2927 1288
2 6887 4660
2 4660 5516
2 6563 318
2 318 6435
2 1174 1800
2 1800 5537
2 4506 40
2 40 6662
2 5603 6734
2 6734 270
2 6896 3059
2 3059 3459
2 3459 5676
2 4348 4875
2 4875 1138
2 1138 5139
2 5139 4041
2 4756 6780
2 6780 3458
2 3458 4159
2 2791 3966
2 5312 4983
2 4983 4790
2 3338 5437
2 5437 5286
2 5286 5592
2 1041 1892
2 1892 2977
2 802 5027
2 5027 3070
2 3070 4941
2 2450 6180
2 3867 260
2 2063 5505
2 5505 647
2 647 642
2 4728 2541
2 3829 3769
2 726 1920
2 6969 4907
2 4602 5032
2 2858 6397
2 4491 3455
2 3455 1265
2 1265 6532
2 6532 6153
2 6153 3355
2 529 3233
2 3285 4791
2 135 4238
2 1966 5576
2 4004 6945
2 6945 2668
2 22 1530
2 1530 6548
2 6548 6751
2 6751 1600
2 3631 1090
2 1090 2834
2 1111 3806
2 4236 3018
2 5414 3801
2 3801 4653
2 511 4279
2 5478 5240
2 3847 2426
2 2426 5496
2 3067 4848
2 4848 5978
2 5978 491
2 491 291
2 2873 3120
2 3120 2084
2 2084 1107
2 1107 6495
2 6958 725
2 1135 733
2 733 3499
2 4505 3605
2 3450 2546
2 4064 3186
2 3186 6101
2 3121 4692
2 4692 5753
2 5753 4255
2 6512 1877
2 1877 5976
2 4955 3921
2 621 3823
2 5811 2406
2 1423 1639
2 6260 4979
2 4979 3261
2 3913 4866
2 6419 5623
2 5623 4690
2 4460 5569
2 5569 6152
2 1923 3294
2 1211 1264
2 2665 2259
2 2469 1806
2 5768 1669
2 1669 1612
2 3754 3541
2 3069 3045
2 6650 114
2 4481 4115
2 662 5363
2 5363 6516
2 6516 1707
2 1554 282
2 282 5467
2 681 6005
2 2438 248
2 248 3878
2 34 3125
2 3792 5202
2 5202 6919
2 6919 2552
2 2552 5851
2 3939 3100
2 3100 2961
2 6065 4008
2 3877 2223
2 2223 430
2 430 5399
2 1746 5456
2 5456 4493
2 4493 3017
2 2347 5436
2 3014 3724
2 3724 2903
2 2903 5176
2 5176 5265
2 5265 5298
2 6920 4011
2 4011 6205
2 5131 4916
2 1155 5752
2 5752 5544
2 4819 4620
2 4620 6497
2 4957 4710
2 4710 599
2 599 6849
2 6849 4144
2 4144 5928
2 5928 1964
2 3559 4017
2 4017 3424
2 3424 2163
2 1545 4883
2 2602 4406
2 4406 6663
2 6929 2086
2 2086 5820
2 5479 6182
2 6689 4257
2 4257 1295
2 1295 5069
2 5069 1447
2 1447 194
2 1060 200
2 200 2605
2 6807 5406
2 6029 1919
2 1919 4465
2 969 2134
2 3649 4327
2 4327 6771
2 4155 3434
2 1552 4539
2 4539 5380
2 5380 4663
2 4663 334
2 2760 2897
2 4445 4351
2 3799 5070
2 5070 5823
2 5823 2345
2 2345 6086
2 6086 4695
2 1349 709
2 709 2847
2 2847 3544
2 2316 4179
2 4179 1247
2 1242 3051
2 3051 5507
2 5507 250
2 250 1046
2 1046 5883
2 1817 2367
2 2367 6547
2 3193 3989
2 3989 3230
2 2874 6077
2 6077 5029
2 5029 714
2 714 591
2 1839 630
2 1089 2128
2 2128 350
2 350 3506
2 5776 2016
2 2016 4383
2 5975 3140
2 3140 4298
2 6454 2750
2 2750 1331
2 1331 3615
2 3615 1521
2 1521 1700
2 1700 4828
2 1393 1994
2 5514 2635
2 6247 5707
2 6652 2997
2 2997 5870
2 2518 1987
2 3390 2476
2 5905 1597
2 4967 4151
2 6220 4258
2 4258 4786
80 6338 6984 4762 852 6132 2796 4148 1915 1279 5104 6072 1296 5428 6999 5726 4629 4681 649 4528 1409 221 6779 4521 5098 6316 1979 5217 2490 236 6732 2809 1625 181 2177 144 2156 4404 1017 4006 1677 1018 5160 2120 3815 2859 2851 1194 4438 3451 831 2108 5212 2569 750 2225 4507 660 5386 3271 96 2296 2110 2677 2563 3897 1635 664 4701 2754 6816 3988 6893 5533 5351 2292 5551 188 5124 1509 721
92 6712 3148 5758 3333 6972 5328 4787 553 4244 1957 1028 3915 4085 1937 3297 6997 5270 4094 4580 1951 2298 1903 4833 5430 5709 502 6570 1773 2981 6943 575 4804 2141 2230 719 4050 2863 5273 4758 4082 598 774 2171 3160 5607 6572 403 5660 5950 3367 6567 1601 1864 6336 3097 2825 4788 6276 3974 4118 3880 5583 5938 571 653 6349 4317 5 3598 611 2130 4425 182 5800 4450 1477 5335 2723 4797 2072 788 3475 2017 513 6722 4988 4841 4471 3610 2024 5730 6658
92 5734 2893 4297 3141 5224 613 5786 2166 6392 5686 4166 6847 1486 2048 3855 1300 6518 4655 324 6773 2695 909 1136 6294 2601 92 3349 1684 810 2302 4626 394 5702 4168 1611 5648 4935 6 2590 5136 6965 4878 5371 315 3893 3902 5095 6633 5441 6905 6506 1744 6799 2523 6760 6229 3288 3732 6245 2059 465 381 5955 3666 6621 507 5808 6174 6478 3525 5506 299 488 6199 4739 3325 2814 3734 5535 521 6125 1383 4514 749 6240 6500 2902 592 5682 4321 777 191
100 6795 5466 1105 4838 5196 85 5378 5912 6802 1929 5355 3022 1466 558 5342 4850 5887 1151 1512 945 2152 2724 1528 901 2358 3068 737 1157 2451 1141 5038 2766 1898 5806 3875 371 5037 4996 6646 1883 48 3942 2561 1454 6498 1516 3220 4065 3264 2604 2030 512 2850 5179 865 37 4072 3469 4223 6902 4283 220 2600 4855 6096 2547 3995 475 5425 321 4654 4771 1826 6484 6135 1180 4921 5929 1371 1996 5079 1220 6485 5627 5484 826 5234 5972 6787 3759 2087 3247 1364 6463 345 4911 4842 4588 5464 5643
100 2220 582 3648 6762 4462 5383 5420 457 3215 3551 3600 751 4299 4027 3429 3955 1688 6698 2533 637 2446 2503 963 1571 6385 2578 4239 3328 5364 154 912 4696 685 2404 153 993 6432 1389 3700 4160 6327 5006 2 4385 4614 4959 1667 764 5209 1014 380 680 2550 1891 2990 2193 6307 1645 2827 4781 6589 1977 3512 2070 6665 1436 1609 319 694 4196 436 4887 4439 1887 329 1258 4001 5302 1004 3010 111 6409 2008 4727 5232 3425 2653 6540 1476 5860 1670 1723 3437 3705 2289 4647 1306 768 3074 5530
100 5085 5121 158 3845 944 6944 6603 5054 3183 4839 58 6459 2700 88 2416 2589 1811 226 1330 3771 2374 4745 3708 3536 16 4743 3812 6107 4031 4024 3835 2020 2684 1236 720 294 3828 6216 793 3225 5008 173 3317 6536 5662 6900 166 1632 2864 3603 6585 4768 5275 4775 6724 4389 1452 476 2154 6386 2794 70 2293 411 2795 5756 6238 5369 6157 3104 689 3620 6922 1366 4645 3246 2268 3320 5999 2421 4814 4858 3874 5350 1990 5012 3651 2191 6259 868 136 5440 4806 4128 3007 4349 1507 4177 4210 2483
29 4777 3617 1469 2402 5447 5161 6496 6081 5388 5687 4534 525 159 5500 3001 5953 6328 1917 5311 1255 1765 3077 2294 2838 2330 1376 5287 1057 2835
100 581 5419 5554 6821 4205 3167 6879 4312 5638 3606 3091 4195 3579 6410 1638 1005 4473 6559 6835 3725 5805 5984 1594 2164 138 4567 3335 2689 746 1414 2998 766 6113 6703 4322 1603 2344 6445 4157 1384 1036 6009 393 3305 738 2916 3089 4098 6413 4554 6827 4517 2126 3435 6141 5766 6371 6792 6111 3476 6594 3053 4764 650 2802 4175 5632 5671 1655 2708 1009 3327 6830 6530 4991 5360 3803 4141 1644 2657 4682 6701 960 5080 1789 2434 3751 6403 5220 3423 4431 3500 1627 2574 3707 4382 5404 6263 3409 5397
96 6487 1244 6291 4242 5150 4836 6670 4989 6659 3122 6320 5057 5601 1838 593 1100 4627 2069 102 5480 105 1807 1742 1052 2612 2671 4456 1982 2984 4124 4416 6574 2061 6744 2185 2500 3726 3283 6628 4019 1467 2622 6070 6350 5010 3657 3639 937 2039 6069 6914 10 6499 456 433 4095 4246 1178 377 3712 5674 3635 632 2681 5862 2383 1056 5177 3522 6255 1525 803 704 3818 5107 2662 2830 4884 5818 5886 4002 3644 6003 4910 326 3846 6340 5439 3691 5471 5231 5489 5591 5519 1860 5588
18 1125 1061 4953 4527 1289 176 1280 6892 6073 627 3804 5059 5042 947 4198 482 712 4923
100 6584 3844 1063 46 2333 489 4495 4975 3249 6321 5023 1662 1630 5182 6598 6043 4583 4609 6258 2181 2963 3993 5108 6404 1309 4066 478 1515 296 3910 6472 4822 4434 913 5622 225 3019 585 4515 4077 778 2912 320 1752 1464 4433 5720 4755 1232 3072 1913 3221 2676 1610 5170 2290 576 404 2443 2250 426 6597 548 5021 2867 2306 3981 460 3662 2758 455 3281 2720 5895 6306 421 550 3882 2906 3443 4853 3422 1492 3607 1263 5991 6622 2797 6344 3593 845 2153 5187 4944 5612 2366 940 4570 3975 2751
99 3042 5857 3295 2934 2599 1652 6341 3265 6493 3587 5872 6491 4980 1034 6417 5578 4970 3744 4367 3884 5056 3405 1823 5522 4874 6768 2322 2640 1385 3253 5109 3354 5949 2506 2160 72 1908 197 3619 2112 1637 273 6680 522 33 3391 3248 4936 3251 5411 3310 2485 2623 3733 2006 2811 6995 1339 6319 3227 2194 5129 2127 3537 441 2113 504 3944 6225 2099 4153 6057 3388 682 4945 337 3800 4121 5888 6025 1085 351 2725 6370 857 5874 1513 1673 1775 6798 5785 2399 4080 2770 4873 657 4393 6267 2595
20 5343 3918 4857 4265 2375 4026 4908 6492 4861 957 6534 5372 1867 5395 4558 6925 5241 2329 172 6095
100 5472 3817 3633 2083 1967 3677 3523 6669 4301 5398 4952 4361 4324 3433 4426 5796 420 4619 2983 2246 3052 4576 5387 3861 6990 961 1678 1731 761 1229 5450 1065 3714 4152 6365 5276 5103 5175 412 3218 2634 5747 6968 6629 358 3430 6728 2909 3079 1003 1025 2970 1863 832 3931 5048 6560 3066 2135 2025 6883 4202 5983 6467 4746 1334 3213 1799 4398 5963 6664 1556 1184 1719 4395 193 4034 2648 3296 4914 5140 2244 4353 3033 6709 1415 1888 3413 3415 5327 5798 2067 5111 2343 1747 4204 6237 3047 94 1750
63 3324 4377 6011 557 5893 186 6676 3083 3805 461 1615 4323 5931 3783 4671 3899 468 6592 5227 4303 1976 2168 2920 3784 4049 542 784 5156 5556 2137 4207 1508 606 1186 3608 4677 646 2027 1672 2111 5051 2939 5317 4084 5498 5575 2003 5043 2730 2468 2868 25 6921 6745 4966 2921 2107 6091 5936 3660 4432 3865 776
16 1446 1818 2477 493 2693 3482 4319 6147 3994 5942 828 5028 4273 1868 268 464
16 2014 2534 6519 4704 3558 724 1963 1221 5152 2918 741 5385 6227 4976 2941 4046
100 816 5375 2631 4437 5573 1456 3368 3063 2636 3904 4145 1246 1997 6031 1294 1955 1050 4469 758 1876 6691 5523 5584 1112 3770 1097 4707 2583 4107 5213 2417 6018 112 1478 5225 6967 3833 2584 2440 2936 5039 4939 2464 2197 4371 6042 5072 5446 972 2680 385 1879 6446 4114 3675 1343 1738 5075 338 4847 6209 253 6941 4563 667 4329 86 4217 15 28 5208 4264 6617 289 691 5742 4548 4343 4595 1871 6749 5995 5444 935 6928 5007 3191 4007 1693 5475 6387 5946 452 90 3161 545 3872 5594 4827 4271
100 3403 1536 162 3540 4290 2655 6106 4328 3802 959 6184 3936 1664 5614 1559 6013 6223 3189 5843 6051 3258 5314 3869 4869 6808 730 994 6133 3331 3591 1405 618 6942 5833 5821 4139 3357 4722 5346 2459 3279 1358 1893 1222 1251 3348 6527 3095 6210 2284 5741 6534 3041 3721 6660 1013 4565 4110 1940 4119 1256 4871 1023 458 64 4021 843 4978 1277 4275 6204 2321 4000 2279 2089 3919 5746 2556 1195 1153 2577 1852 3159 5793 6214 5989 6851 6185 5490 1181 6239 6110 6710 401 307 3626 1503 4287 1705 486
20 1340 3334 4221 3887 6373 4446 2530 1177 6433 981 2761 5721 805 6938 6195 2900 6782 1027 6121 3344
22 4608 6206 2866 6903 5252 2931 3114 4272 1981 125 4314 5846 3654 3497 6897 4379 1268 734 3341 6339 3814 520
100 2457 3032 6137 3967 1143 589 759 4203 4126 1319 974 165 1070 1012 1875 2214 6884 4101 160 4995 6453 2175 3372 4896 635 3013 5754 6136 2157 6334 2216 1607 6035 6064 1431 6436 6794 5814 6193 2042 2996 3841 4702 4951 6569 1361 2255 6555 4280 6964 1024 3221 596 705 5637 1382 690 5517 2759 4610 5415 6396 3445 4815 4278 3035 5729 5349 3364 1501 6488 3745 2517 2823 127 5716 6509 97 4022 6770 4037 198 742 2565 6407 2915 6718 515 4803 4632 1214 2885 2499 161 4774 4624 3568 4925 1433 419
100 6097 6335 2274 4069 3789 2462 4436 5289 2773 4674 2010 2562 3746 1983 195 6366 5493 1890 891 1226 429 3313 1461 6374 3900 1494 5214 6383 1102 3793 3442 1946 288 4504 442 4414 5744 2512 6546 252 4133 4605 1565 4974 4047 218 2139 573 6226 2285 4992 864 2659 3565 3680 2096 5986 446 1524 3597 342 4678 4180 6586 4452 4443 1470 6155 417 5144 2924 1969 5550 2224 997 5610 2038 1083 5354 4617 6158 5197 4334 5711 675 4300 6402 1971 93 6024 6129 1328 3134 5207 6114 1813 2037 4685 372 5215
100 5367 3278 3652 1381 1995 783 2879 6192 67 4753 6425 2331 4140 3136 5221 5837 2817 4950 3531 3970 4243 3293 5242 5663 408 6285 586 5501 4313 1846 370 1388 1345 5362 349 4798 6421 2688 1402 2509 5443 5882 6006 6517 717 2078 5745 3172 3518 5567 227 2670 3984 5279 6641 3983 1120 1395 492 297 1346 1208 6932 3398 678 6549 4044 23 1122 930 3315 3596 203 5985 841 5971 2103 1931 740 3479 6287 148 84 1316 3768 3468 1757 347 5427 2559 580 3717 4544 6554 4754 3851 6039 5822 6014 6861
7 2364 3684 6614 4734 5781 1869 6753
100 3146 1954 6975 4308 5303 5542 950 708 3509 564 5669 2819 4422 1777 5586 3151 4156 5244 2849 6343 257 6188 2186 6067 1455 706 5563 292 1663 374 1001 2390 1666 6060 2516 2452 2204 4805 6983 6917 4844 4108 6634 1657 6533 6590 1373 132 2950 5698 3621 2423 6055 1998 2179 4561 670 6479 3200 1468 4234 1250 2692 6988 1797 316 3026 1182 6742 2971 1131 2974 2953 6461 3664 1282 1950 1380 6200 6250 6369 2341 4922 861 1897 4222 2976 1359 3860 728 4173 3940 5082 856 2557 6450 6268 2675 4281 3858
100 3903 365 5330 6282 416 6868 2162 723 6356 2369 1739 4648 6171 5229 1422 5865 3776 4131 4784 6401 6571 4511 6476 472 5701 6579 2494 5118 4594 6038 3382 4586 3203 661 4877 2206 164 5572 4296 1708 5810 390 1566 3743 75 2308 1761 4247 1643 3701 1472 6814 1475 6704 715 4545 2373 6420 3545 1344 409 2136 5206 6881 5222 6127 1842 1697 5850 4014 6033 6661 5035 6503 3604 6877 1137 4090 2056 1156 3728 1641 6528 1709 4146 6415 1787 1880 4870 126 2145 2505 3307 3006 590 5115 2535 5071 1851 6105
100 529 5559 3696 6970 2349 3529 4738 451 4522 985 900 4892 6355 2570 2833 2972 6490 4699 2645 3992 2028 4834 5894 3371 4761 6894 4829 2429 4730 5438 5340 5524 4347 484 5923 2536 814 1776 104 4158 1391 823 4582 3957 447 2917 3353 2733 1299 1183 6149 1169 118 5628 4061 4374 3991 743 3636 406 168 1575 4408 2119 2752 4977 3319 4706 5341 6290 6045 231 3695 5306 640 5045 3961 1033 4726 5969 3758 3965 4220 2643 2267 3788 2380 1541 1217 4354 3946 222 418 3908 4112 1779 6207 4484 6423 1572
100 1176 5269 6280 110 1835 2597 574 2241 6253 1816 5665 6304 4350 3202 4596 2412 1895 1026 2236 2845 2884 6561 4676 6179 62 4458 5795 4733 1348 2755 767 6252 6939 6062 6198 6178 5735 6150 2726 2174 1628 1866 6251 2001 5476 5657 5925 789 3154 1356 622 2951 2095 2948 4453 5261 115 2667 4569 3111 2456 2549 932 2839 485 4651 3483 5011 410 2702 3374 6859 1537 1907 5836 3290 4449 4071 4628 466 4224 109 975 190 5993 5031 838 3840 878 3494 6028 5581 5076 4669 556 2731 2270 6610 6128 1010
41 2891 4078 3373 5249 1491 6457 555 2624 6898 5855 213 2474 4479 2905 5719 3738 1132 6468 5996 727 4638 6866 3715 4129 87 6951 6262 6483 6391 3533 3922 196 5356 663 701 3821 5155 3854 4176 2633 413
7 2824 4412 1379 3561 3090 4134 2869
67 4127 3937 2683 3176 2618 2735 1801 2836 1948 4245 5937 2291 2195 4391 4185 5376 5664 4964 2937 1064 866 5128 1714 6249 4571 4143 17 3519 3659 4194 2958 2239 1729 1127 3716 3075 1621 829 5189 6428 362 5002 1485 804 6757 2781 2663 3384 2820 3314 3954 5629 6167 1973 5696 1562 5230 4893 4694 3753 6375 3863 5647 3883 3056 1266 5666
41 2316 42 4028 4447 6740 5869 3332 885 6766 1648 1365 2479 3381 6721 1073 1287 6692 3916 4543 5900 5725 4440 3544 2180 6885 5143 5324 4188 139 3135 2036 562 3060 1882 4509 5413 202 2699 5263 1886 5219
70 2229 683 438 30 6194 1620 5449 859 998 3184 1689 428 5797 5775 1904 920 1390 889 6950 612 262 6452 6466 780 3755 4557 5093 5930 119 5956 6351 4568 2722 5580 2745 5462 824 6504 915 2679 1959 2551 3162 3223 527 5421 3126 4601 4635 3169 6977 2588 5640 6915 6281 2649 5282 2719 5557 1534 113 1745 2956 782 779 2790 1870 6606 5799 340
100 1696 1921 6772 4056 1681 5090 5192 1952 5073 4062 1674 6803 2740 5319 6443 6539 1270 2342 4477 1377 481 2031 5169 5236 5326 204 4859 1596 643 2132 2437 3034 6232 1830 4744 2088 5325 1480 6333 6301 2661 6041 756 167 2608 4559 5611 2543 5347 2297 6531 1481 2388 3029 5174 5761 3133 1400 1894 3681 3647 4358 1115 6422 2021 5184 3037 5290 1531 6424 827 4679 3739 1233 5553 1671 4366 6456 787 6979 4286 3449 2639 5981 5959 4763 3108 3188 1119 938 710 6682 4591 422 3542 4783 5688 5513 2449 366
92 5764 1109 6317 6573 5374 5812 1058 116 1352 3780 6400 3886 5205 5973 4748 279 1006 6486 655 4667 2591 4086 5568 771 5473 5337 5499 117 6684 2482 3130 1397 1311 5944 665 5547 5863 301 3930 3629 2780 3690 1171 4060 1191 3262 2082 5644 4831 6834 6672 2650 1037 5909 4225 3832 1808 3462 2553 6679 5948 4165 2363 4409 2391 5097 4277 3808 141 5597 1836 4294 3318 538 5389 5040 1751 2295 2626 3718 6674 6526 5511 4012 1187 3976 1015 951 1274 3923 1304 1269
88 2848 5400 6595 5864 4537 1725 1523 1474 3044 5047 497 2854 1518 6313 214 1128 1563 3709 4736 89 5068 1760 528 13 7 1659 5889 2777 5488 3175 2307 6088 770 5024 6201 1759 219 6412 6640 4181 2785 539 4525 4705 4904 1243 5939 4386 1901 3595 1715 6037 3177 4405 3145 6842 6764 1007 3668 4501 1341 4029 2978 5315 6681 4096 2249 6271 6462 2528 4419 2332 3015 6241 1206 1427 4963 4209 3408 2554 4448 5403 3400 754 5539 1051 3082 6131
73 3764 5392 5913 2515 5088 4345 2105 3513 5091 4865 6007 3599 4332 4845 5589 6236 3896 4053 817 4430 2198 4697 3731 3996 4723 1497 3308 2652 910 1134 988 2742 3929 3389 4150 6986 820 5418 4454 4997 2504 4013 3263 6840 184 2886 987 5917 3786 2540 1968 1510 2711 1332 3352 4909 2407 5994 3486 2178 2935 4042 5615 3979 6521 4197 5920 6222 4549 561 5267 4496 6050
57 2874 4250 4293 5358 6146 359 3706 2502 1392 3487 3316 2826 3590 335 3410 4036 5974 4800 44 6666 6117 6426 1094 3546 2787 3102 6837 5457 4994 4585 3393 3076 2015 323 4423 6071 303 5618 387 2904 4424 5873 5067 2995 1623 6056 1000 1820 4982 3302 1947 5005 3672 883 3767 2497 1375
17 6360 6989 1458 1260 6234 5625 839 2183 2218 3291 4938 6511 2721 2888 6235 4232 5826
100 6886 2430 6580 6380 4574 3888 9 3008 760 2973 6082 1636 4575 1471 3951 4487 6439 2170 3524 6330 1569 1911 6040 5210 3889 5695 2057 695 6588 4965 2966 844 3997 1406 2357 3098 6599 1350 1185 4081 3505 4597 3206 5590 3698 6961 6378 2716 3950 3653 6848 2965 2044 346 3277 2753 3260 769 3862 1687 1254 5063 2846 3031 5181 1856 5297 1960 157 3407 4752 3473 1734 1029 5329 3924 890 6345 4927 4973 6624 3064 5264 5679 5102 5782 3436 6078 594 2818 2775 2882 6159 669 3612 5000 5465 6529 1972 821
100 1932 2712 3201 6233 602 1850 5105 4606 893 1463 6962 3580 6246 1045 1320 6790 6299 6016 3155 4607 4364 3892 6103 6032 1884 6544 4778 2555 3927 3538 2378 1129 6405 1231 4934 6743 5172 2954 1441 4413 3088 3685 4178 4880 5736 2598 6048 2610 4468 6609 1834 26 6515 1084 753 5916 1145 5096 3736 4357 2299 850 4136 3087 1658 5619 6274 5749 2860 6649 4526 5259 3870 2071 2522 348 1849 5081 928 2644 1949 2058 962 6054 6376 1944 6254 5193 4189 295 1305 3881 2286 3588 1225 1766 29 2309 6850 4562
7 4894 794 3362 4958 2815 1435 6888
57 5434 4003 2908 5892 854 4579 6716 3427 3119 2793 5515 5902 479 3985 1595 5740 711 1809 3515 696 3602 4292 6053 2748 6305 356 6469 5620 736 4688 5365 5802 1417 4489 2217 697 2762 2703 5353 1727 902 4895 4267 1962 284 4111 1198 3396 597 903 2408 5495 2799 2654 1140 6156 6829
2 1827 5228
2 3343 5915
2 290 2807
2 5284 3601
2 6292 567
2 5431 2476
2 5908 931
2 5854 5546
2 6878 3614
2 6264 4812
2 5009 4780
2 874 310
2 6916 3158
2 926 3963
2 4846 501
2 6966 5703
2 1423 2572
2 7000 4786
2 3411 5014
2 4342 588
2 3687 812
2 729 6286
2 6029 5406
2 1741 3259
2 6814 1472
2 1762 5460
2 645 3395
2 3492 2779
2 2301 6437
2 5467 5561
2 6953 169
2 4981 699
2 1713 3676
2 5004 2832
2 6230 298
2 448 1126
2 986 501
2 4463 6781
2 6889 6545
2 1247 6447
2 1041 540
2 5257 5508
2 380 921
2 1039 3252
2 3106 5084
2 702 2041
2 4200 3804
2 2013 6126
2 713 1576
2 5288 3416
2 6027 1347
2 6058 5218
2 6702 4465
2 1646 1582
2 4497 2340
2 3848 3158
2 2159 2283
2 3045 2433
2 108 3871
2 2892 2527
2 3928 5768
2 6715 546
2 6151 1718
2 2115 5890
2 5053 3906
2 4686 2415
2 3622 2925
2 840 3986
2 6785 1347
2 6022 2959
2 95 6550
2 3658 934
2 2585 4661
2 2498 3195
2 5113 3720
2 6637 5739
2 6726 6801
2 1 1824
2 1275 2717
2 229 4802
2 5856 192
2 5703 638
2 3830 4971
2 6148 5853
2 3528 791
2 849 6063
2 3347 3270
2 1124 4
2 5951 1785
2 4630 6030
2 6332 2992
2 3216 6017
2 1 5293
2 4100 2901
2 2018 5377
2 4689 2116
2 4715 4664
2 3877 6857
2 5593 4070
2 50 1496
2 20 523
2 3934 1439
2 2544 5243
2 1347 3009
2 2465 5819
2 3669 61
2 210 5723
2 6778 6004
2 4201 3868
2 1896 842
2 5239 1519
2 4813 2161
2 3692 5313
2 6163 6814
2 4551 752
2 2537 4025
2 6565 686
2 6891 6465
2 1 4369
2 6954 4751
2 2632 6771
2 211 5352
2 1421 3643
2 4905 1698
2 4698 6735
2 3446 5606
2 2190 2805
2 1088 2737
2 1054 6720
2 5372 1544
2 3554 4523
2 6812 2481
2 5520 2300
2 4190 4339
2 5064 5050
2 5461 1713
2 2320 5307
2 398 6444
2 6913 5137
2 4812 1066
2 1878 1114
2 2913 6324
2 5451 3822
2 610 2271
2 4259 3613
2 5884 811
2 3625 645
2 6399 4891
2 5486 2837
2 1756 5905
2 4291 6172
2 3778 6737
2 2481 5412
2 3624 5283
2 6872 3421
2 5308 6677
2 3722 5891
2 405 807
2 3142 1618
2 2617 5848
2 1398 2327
2 5307 6637
2 3703 3775
2 5147 2629
2 1585 6361
2 5680 1419
2 1854 5251
2 849 45
2 1169 3756
2 1647 992
2 6408 1504
2 2140 6993
2 1740 1362
2 140 4664
2 4553 4650
2 5019 6765
2 209 4326
2 2324 5848
2 4613 4890
2 2151 5783
2 4672 2784
2 2907 4641
2 1713 3550
2 1290 3085
2 4992 4719
2 355 209
2 6627 1163
2 2360 6215
2 5509 4074
2 6165 4394
2 367 3124
2 2428 3876
2 4192 1110
2 3492 2361
2 1755 2092
2 2975 1561
2 4593 3850
2 6843 4665
2 933 3065
2 1430 6205
2 6218 6765
2 3338 2419
2 1733 209
2 143 4088
2 2617 2911
2 6331 3214
2 6858 3968
2 1286 4664
2 4497 4630
2 2334 765
2 3586 1930
2 648 796
2 2397 1732
2 6196 1407
2 996 2052
2 228 1704
2 3502 4093
2 234 3656
2 3973 6046
2 6878 4043
2 3485 4174
2 6390 1879
2 1590 4091
2 1691 6553
2 6348 1640
2 6838 4099
2 3067 5496
2 1338 2118
2 6839 5422
2 2856 4536
2 3312 1147
2 1130 2211
2 3321 5201
2 3065 5771
2 3421 684
2 2213 5794
2 3285 3233
2 837 927
2 2581 1357
2 5256 4008
2 1988 2272
2 1438 3716
2 4650 4905
2 261 2844
2 332 1482
2 5086 5331
2 6645 3046
2 1925 5722
2 2596 4616
2 6952 5870
2 4695 3723
2 414 5435
2 3269 6620
2 5691 2354
2 3002 2348
2 6948 5868
2 59 1247
2 4969 1899
2 2564 4457
2 2491 6653
2 6124 2052
2 1362 3804
2 6906 4057
2 2658 1965
2 2564 4187
2 1640 1089
2 2129 1653
2 2713 633
2 1732 6118
2 5712 1786
2 4033 4689
2 1164 5470
2 4826 1369
2 2945 131
2 615 4380
2 1568 2045
2 1434 6785
2 1297 4948
2 6618 648
2 3412 2458
2 3180 6714
2 1121 237
2 1142 6870
2 4266 2265
2 4711 5454
2 5066 6793
2 61 3378
2 6295 1726
2 3667 1902
2 4832 83
2 1374 607
2 3390 1987
2 6303 3980
2 4162 4724
2 6871 5201
2 5370 2165
2 948 1593
2 3777 4541
2 1088 1101
2 6930 931
2 4256 6644
2 2461 4266
2 5396 2714
2 3663 1273
2 3669 331
2 5422 3613
2 4373 3401
2 280 6211
2 3144 3472
2 3171 6099
2 2068 3323
2 2493 763
2 3078 6154
2 4045 3219
2 5880 2718
2 4981 1781
2 2232 6538
2 5228 1428
2 639 2938
2 5365 6440
2 6843 467
2 1453 3797
2 5817 2514
2 2397 415
2 4375 4821
2 4929 4720
2 3472 6434
2 2372 1542
2 6186 5246
2 627 5652
2 212 71
2 6552 3115
2 5478 3370
2 5708 4464
2 4310 2877
2 2945 4716
2 2272 2575
2 6297 4341
2 3895 1748
2 567 2511
2 3777 4138
2 4879 3613
2 4541 5078
2 2258 3491
2 3994 1035
2 397 6936
2 4971 6601
2 1540 5890
2 4228 6607
2 4512 5692
2 2514 1372
2 3085 877
2 5089 5760
2 3170 1213
2 1690 5871
2 2707 5352
2 4241 881
2 1844 2094
2 6993 6620
2 2594 5497
2 6362 2774
2 5877 5540
2 1992 6907
2 6987 66
2 4999 6841
2 6465 6863
2 3080 1101
2 2969 4201
2 1418 3004
2 1238 2831
2 3534 659
2 5288 1782
2 5967 5684
2 3361 4862
2 1721 6212
2 2529 2913
2 4330 2356
2 265 3485
2 5445 2532
2 6916 3576
2 4751 6632
2 6272 6231
2 5194 1902
2 291 2873
2 277 129
2 4113 5083
2 2011 2045
2 5283 603
2 4689 4540
2 3894 1656
2 3144 4330
2 6322 6822
2 1711 1432
2 3898 2019
2 6804 343
2 6266 4943
2 6953 2338
2 3139 2538
2 3004 1418
2 4552 314
2 5957 234
2 490 4483
2 3128 3299
2 4233 6558
2 424 1923
2 735 6126
2 2959 718
2 2808 629
2 849 5426
2 6662 3507
2 4417 6149
2 5084 4172
2 5787 5250
2 3798 4598
2 6605 5656
2 3399 6419
2 3355 4417
2 487 4807
2 6652 5707
2 4759 5703
2 4695 1205
2 4058 6608
2 6231 6272
2 4401 1772
2 6604 32
2 926 2910
2 1483 5470
2 2264 942
2 1961 2148
2 3421 5784
2 1116 648
2 3543 1272
2 652 5708
2 6695 4494
2 1444 6408
2 500 135
2 5009 818
2 2829 1111
2 5681 1819
2 3638 5801
2 4336 601
2 1802 2706
2 6145 1284
2 4680 2254
2 2560 6963
2 4099 5884
2 6269 4687
2 2771 5116
2 6076 2596
2 4535 5661
2 718 5373
2 4147 1560
2 6627 2053
2 5867 3000
2 3849 4057
2 5820 523
2 4032 790
2 5373 6181
2 1079 4684
2 4530 3510
2 6295 2251
2 5651 4573
2 1281 2002
2 1975 5604
2 1505 2930
2 5676 152
2 5960 4442
2 1095 1564
2 1398 4668
2 1142 4942
2 4089 674
2 1699 6557
2 3208 3420
2 4731 1281
2 2982 4390
2 1099 5741
2 4920 4428
2 2149 6786
2 4298 3243
2 2641 2243
2 881 1192
2 511 4519
2 2507 6427
2 423 6714
2 2075 1080
2 4052 5052
2 6477 634
2 919 2926
2 1018 1748
2 5032 4023
2 6831 2125
2 1248 4193
2 170 748
2 4076 4020
2 2932 6971
2 2964 2613
2 4817 6481
2 700 516
2 1336 1617
2 4307 1170
2 5652 6347
2 171 1025
2 5706 6151
2 3303 1159
2 4255 1448
2 5941 382
2 4213 5770
2 5032 4023
2 6377 5654
2 4721 1130
2 2789 5600
2 5470 2339
2 5044 1044
2 3839 6653
2 71 235
2 1247 4937
2 4288 2806
2 201 3676
2 796 6618
2 3645 3346
2 1498 4010
2 3233 3004
2 5771 3065
2 2646 6093
2 4809 6934
2 403 6384
2 2144 4646
2 2146 6475
2 1872 1333
2 2576 6212
2 2232 3149
2 3192 339
2 6758 5727
2 224 2524
2 1091 1984
2 1200 2480
2 2158 6444
2 2957 4370
2 423 6714
2 6123 6769
2 2458 6076
2 143 5022
2 234 3099
2 5113 6160
2 101 5271
2 1589 1407
2 4199 6177
2 3379 2539
2 3233 3004
2 4901 874
2 4461 4400
2 2062 1535
2 5655 894
2 1108 1767
2 1197 5138
2 74 1166
2 3511 1914
2 976 2945
2 3982 916
2 5751 1629
2 5751 5066
2 2890 5240
2 3547 1633
2 6953 3392
2 869 6431
2 4064 2546
2 1593 1936
2 6362 2365
2 298 6440
2 2352 1133
2 2704 3392
2 2356 386
2 4236 3806
2 5268 6197
2 5186 4248
2 5755 5721
2 277 129
2 4346 2763
2 3366 2470
2 1872 1333
2 386 4915
2 6841 5737
2 5538 3174
2 4542 5684
2 799 2791
2 687 4510
2 5467 6302
2 4802 5945
2 4551 6878
2 3609 6395
2 1411 3115
2 6398 1442
2 5178 3153
2 415 1634
2 1612 3754
2 6810 3002
2 79 1593
2 6166 265
2 2234 2389
2 1378 4665
2 1814 6173
2 339 4498
2 4368 3873
2 5536 5932
2 4478 5731
2 1078 3147
2 4688 1909
2 3571 871
2 5122 956
2 4917 5300
2 4947 5309
2 5841 6655
2 398 5705
2 2301 6085
2 546 2142
2 1704 4659
2 131 1517
2 5851 3939
2 1653 549
2 1918 6949
2 272 1451
2 3071 4400
2 5697 4415
2 2788 5485
2 5188 3678
2 2445 91
2 6873 4485
2 293 1030
2 3898 3511
2 1718 1588
2 5877 5540
2 1578 1018
2 5055 4410
2 2870 3756
2 6213 2242
2 3210 4461
2 2328 3123
2 4794 2094
2 6864 6776
2 3397 388
2 6221 3557
2 6690 620
2 4004 5779
2 6444 5166
2 5153 6562
2 3421 5784
2 3710 3011
2 4573 5651
2 5298 6920
2 1567 5237
2 5168 3605
2 2007 2940
2 2123 5482
2 2466 5781
2 52 4120
2 644 3702
2 1682 317
2 260 1499
2 530 1428
2 6286 1307
2 6069 1368
2 4680 6023
2 5966 2210
2 5149 6677
2 3948 1549
2 3548 799
2 4190 6690
2 5794 2698
2 1424 4503
2 2315 5095
2 5474 2573
2 5962 1975
2 2660 2672
2 4659 5689
2 2668 2638
2 56 1768
2 4810 3760
2 2746 3830
2 4709 5847
2 3267 2580
2 966 2736
2 3622 1532
2 4295 5832
2 2734 2414
2 880 1314
2 1071 140
2 4890 946
2 3585 1211
2 4390 1505
2 2356 386
2 1840 6080
2 4457 2944
2 6912 4216
2 4325 5767
2 809 123
2 6367 622
2 4420 812
2 3569 3987
2 3270 1493
2 3943 6981
2 978 800
2 6122 254
2 5485 2788
2 290 916
2 2709 308
2 5262 5248
2 1228 6266
2 2472 5228
2 2101 1144
2 2746 1272
2 5651 2362
2 4091 6008
2 4812 641
2 4957 4686
2 4104 2615
2 6497 2415
2 684 1312
2 98 4397
2 4401 6458
2 4773 1551
2 3127 506
2 1068 5566
2 2897 4445
2 2872 6049
2 363 4700
2 6447 1242
2 1586 5853
2 2664 3548
2 4821 1927
2 6286 5897
2 3573 2616
2 2672 6730
2 4592 5952
2 3987 6819
2 6585 2403
2 2074 1769
2 6332 1543
2 946 986
2 5305 230
2 3115 2951
2 503 5743
2 1445 3502
2 4782 755
2 2361 6021
2 666 3559
2 325 5562
2 3174 5014
2 4417 3355
2 572 1514
2 916 1257
2 579 4100
2 5683 4159
2 5803 6293
2 2312 1031
2 2878 2918
2 3735 5867
2 755 1002
2 4653 607
2 4759 6924
2 6497 4823
2 6663 6929
2 3153 5178
2 2259 2469
2 4429 5635
2 601 212
2 991 4947
2 3994 2413
2 2861 3291
2 3847 2890
2 4564 5348
2 2488 1522
2 5199 2632
2 1329 1179
2 6170 2098
2 4623 2133
2 3195 5065
2 5134 1599
2 1577 3050
2 5731 3959
2 1780 4856
2 953 3549
2 5691 1249
2 27 5780
2 3096 2325
2 6992 4593
2 6520 4708
2 4918 5980
2 4851 6865
2 6654 2651
2 3 2828
2 5577 4589
2 2252 5774
2 3586 6036
2 5866 1829
2 796 3972
2 5502 4147
2 6508 941
2 2988 3791
2 5510 1059
2 3011 2060
2 2539 3379
2 5783 4759
2 5365 6935
2 3330 6875
2 1071 2393
2 2242 2605
2 5693 4104
2 1459 2717
2 269 6607
2 2203 3002
2 672 4057
2 3760 4810
2 1079 5262
2 5697 2384
2 5604 1631
2 1301 4903
2 2261 344
2 5540 2337
2 2478 6582
2 4421 4208
2 1336 4711
2 1219 6550
2 4151 6220
2 1076 2432
2 1732 2311
2 5849 2573
2 57 1351
2 3514 4183
2 5830 51
2 6612 514
2 6809 1591
2 2414 470
2 5960 543
2 5654 2521
2 1925 2567
2 4731 2002
2 6774 5706
2 5645 1564
2 4103 2861
2 3740 4340
2 4099 4075
2 4835 4263
2 2091 535
2 5258 5299
2 882 4346
2 1560 2960
2 2054 898
2 1613 3236
2 6315 156
2 6104 368
2 1695 3
2 3380 547
2 3256 6788
2 5975 4383
2 3879 2257
2 2779 716
2 509 2840
2 2709 308
2 3825 2463
2 6736 4208
2 6537 6923
2 6630 3448
2 6379 3231
2 5977 1193
2 1425 5127
2 2603 4093
2 3572 604
2 4025 5154
2 3360 1945
2 2233 5173
2 5617 3243
2 3938 2266
2 4693 4262
2 6513 702
2 2982 1121
2 5918 1978
2 3392 2704
2 3797 2093
2 616 5164
2 5965 5582
2 5570 3228
2 2184 931
2 1484 3848
2 6180 4513
2 2355 2353
2 332 1504
2 6608 6418
2 4008 5750
2 2098 763
2 4092 5965
2 5365 6935
2 1791 4585
2 4132 1573
2 3656 1819
2 807 233
2 3386 536
2 2226 1786
2 6839 3454
2 785 4790
2 4384 474
2 3301 5606
2 2253 6648
2 1597 4967
2 267 3025
2 5813 4497
2 5433 579
2 6553 4598
2 4291 2463
2 1780 4856
2 627 4750
2 2923 1906
2 3928 254
2 2709 6759
2 6882 425
2 1418 3004
2 5846 4500
2 5911 463
2 6739 3245
2 6434 3080
2 1213 3441
2 4467 2757
2 4611 2272
2 6099 6810
2 3132 5543
2 5416 5482
2 6176 5448
2 247 948
2 6030 6329
2 6168 124
2 2355 5321
2 3737 3785
2 6187 1252
2 752 3575
2 6872 3421
2 3342 6645
2 4088 384
2 5992 1706
2 6284 5527
2 6635 3645
2 2670 4162
2 6535 2682
2 2233 5173
2 4113 4388
2 773 437
2 2453 5649
2 801 6632
2 1018 108
2 5951 4344
2 5359 773
2 269 6607
2 2910 5322
2 3945 5365
2 4536 2713
2 4769 5099
2 4513 1965
2 702 6513
2 4683 6175
2 616 6438
2 3564 4550
2 4508 6761
2 1914 3511
2 5540 2337
2 6213 6807
2 4709 5847
2 3682 3005
2 5141 2053
2 6947 3269
2 5866 1829
2 863 6149
2 5087 1547
2 5658 991
2 3631 1600
2 2831 2131
2 4302 233
2 3452 6357
2 2767 1737
2 6890 5323
2 1459 6985
2 2065 4724
2 3470 5982
2 1862 3787
2 2240 6693
2 2489 1110
2 4167 4729
2 5305 230
2 2151 999
2 4135 5294
2 5832 4295
2 3506 5776
2 6582 6543
2 4233 6558
2 4187 2189
2 2489 1110
2 4747 2945
2 5092 2319
2 666 1964
2 3452 6725
2 450 3911
2 3609 1398
2 4490 392
2 5116 5691
2 4099 4818
2 5659 2400
2 4698 2148
2 5396 1357
2 6169 6389
2 4497 4154
2 3943 3085
2 971 6754
2 2568 5677
2 3945 5365
2 5030 145
2 5891 1043
2 1798 4125
2 2199 3655
2 546 2142
2 537 3678
2 5114 1438
2 1547 2392
2 631 1367
2 5154 5178
2 3370 5478
2 2804 69
2 5462 3722
2 2370 2992
2 1338 849
2 3885 2053
2 3340 952
2 2233 4342
2 6541 2697
2 6998 1783
2 5901 4830
2 6151 625
2 5699 91
2 3086 4642
2 6755 2896
2 1321 3699
2 5528 4766
2 4309 1794
2 5842 620
2 982 6563
2 3439 3480
2 3397 3914
2 129 1175
2 6933 919
2 6781 12
2 6763 5058
2 880 5424
2 3461 2964
2 4467 4703
2 4796 4435
2 6706 291
2 2319 4868
2 2323 83
2 4956 5789
2 1197 5138
2 2448 4339
2 2647 1654
2 3963 3638
2 1430 4666
2 1021 4318
2 1290 4455
2 313 6783
2 5739 1869
2 1905 4211
2 290 1257
2 2593 1889
2 3103 6260
2 5106 6030
2 745 6553
2 2040 2263
2 2968 1703
2 1653 549
2 120 1075
2 4402 1631
2 4058 4441
2 5402 4174
2 1025 5780
2 3179 183
2 5074 124
2 6758 4102
2 4333 1298
2 898 5694
2 270 6896
2 5817 4170
2 5703 4636
2 2566 6164
2 1783 6348
2 812 5138
2 4653 3241
2 3769 4338
2 6825 6454
2 414 388
2 2049 989
2 5751 5066
2 156 6862
2 6272 2118
2 4093 38
2 1547 5087
2 5142 2150
2 2614 1843
2 1237 199
2 1538 3470
2 4460 4690
2 3670 2359
2 3386 536
2 5954 5967
2 6298 60
2 1040 3103
2 899 1110
2 1692 4728
2 361 369
2 3969 2097
2 5123 4102
2 5951 4040
2 4079 4990
2 6278 5728
2 6818 4867
2 60 2580
2 4556 2579
2 3713 4912
2 5781 6638
2 6049 1044
2 1039 107
2 3231 2690
2 4057 1812
2 2898 178
2 3038 3360
2 6089 4428
2 4816 3592
2 5668 454
2 5841 2514
2 103 1399
2 5564 5571
2 671 3689
2 3876 6094
2 5483 3978
2 1502 3594
2 3999 5455
2 4362 6815
2 505 2029
2 3055 3282
2 2414 3211
2 2524 224
2 4306 2511
2 5743 444
2 6956 638
2 473 1401
2 6352 1355
2 634 5700
2 4254 207
2 1728 2786
2 437 2444
2 3229 276
2 2182 5218
2 4138 6824
2 1095 1564
2 143 5049
2 2315 5095
2 5655 5932
2 4793 2219
2 4238 1966
2 2473 4840
2 2305 3859
2 6761 5452
2 2895 2495
2 4795 3819
2 3592 3046
2 4233 6558
2 4362 6505
2 6750 6577
2 5394 6346
2 3727 2946
2 2756 1240
2 896 5083
2 123 2248
2 3679 4228
2 4937 6022
2 364 5429
2 5801 2782
2 5348 1936
2 5531 238
2 2376 325
2 2489 4192
2 5084 2969
2 6162 1711
2 2256 238
2 1421 3016
2 5675 3446
2 6746 21
2 6593 2155
2 6705 1444
2 3241 607
2 6987 6860
2 3585 3043
2 1253 970
2 2235 1790
2 3250 5899
2 5813 3998
2 5718 4683
2 2199 2423
2 3137 4310
2 3158 2465
2 2492 3221
2 3166 1218
2 3613 3702
2 3018 6449
2 3009 5316
2 1710 2843
2 615 1924
2 3416 2336
2 2487 3674
2 3256 6788
2 6224 4237
2 6357 2032
2 4316 6318
2 1953 6000
2 6858 5442
2 403 2560
2 2637 5462
2 4337 142
2 3956 1025
2 1394 6047
2 3355 4417
2 6430 373
2 5828 2348
2 1839 3572
2 822 3289
2 918 4302
2 2060 5204
2 5750 3774
2 3109 5151
2 2226 1786
2 5262 6880
2 2079 6427
2 3446 518
2 3810 3039
2 3231 5613
2 1578 1748
2 1828 1104
2 264 445
2 6353 5908
2 3009 4288
2 4968 415
2 6558 2789
2 383 4499
2 1201 501
2 4248 4362
2 6000 2705
2 870 2167
2 4789 3757
2 3614 2736
2 2641 1686
2 652 3419
2 5065 4227
2 4032 4863
2 6687 1661
2 3741 648
2 66 5998
2 1812 6482
2 4269 4356
2 4330 2737
2 317 3322
2 3797 2188
2 2544 4863
2 970 5019
2 5407 6936
2 5126 1457
2 1378 4132
2 2436 3630
2 1762 4932
2 2946 3727
2 6495 6308
2 1505 2930
2 1964 666
2 6300 4481
2 1179 1354
2 386 4915
2 2318 6654
2 1927 731
2 5942 5728
2 3730 5658
2 5135 3050
2 3300 3163
2 3168 3166
2 3255 615
2 5896 65
2 6177 4491
2 5846 3953
2 298 5053
2 6613 2097
2 2768 5918
2 978 3756
2 1076 2432
2 6019 6832
2 5083 2743
2 146 5162
2 6815 6505
2 5502 4985
2 3968 2252
2 5266 2929
2 3480 3439
2 5003 6796
2 332 123
2 2895 3941
2 811 3969
2 2687 6754
2 5198 1372
2 3825 3689
2 2764 3394
2 524 2273
2 4709 5847
2 2043 3938
2 687 4510
2 6123 2034
2 183 3179
2 5829 716
2 6663 6929
2 5979 3257
2 971 3526
2 4604 4933
2 4867 6818
2 4346 1066
2 1219 6550
2 4533 2436
2 2026 5835
2 1561 2975
2 3842 5762
2 3401 2508
2 6023 4680
2 3762 3266
2 5965 5988
2 5789 6542
2 2510 1303
2 4341 614
2 3933 971
2 6242 1686
2 6871 1579
2 6154 5600
2 3238 1399
2 449 2403
2 6358 5650
2 3094 5712
2 5595 5804
2 1072 4230
2 1993 1104
2 2097 2544
2 2233 2749
2 6063 6480
2 3631 1600
2 5323 510
2 6513 6489
2 1934 4506
2 2420 3820
2 6953 2338
2 4284 4840
2 4213 648
2 5979 3257
2 1038 747
2 1675 3641
2 6513 702
2 3921 621
2 6656 6173
2 4411 2002
2 6074 6455
2 382 1763
2 1079 5262
2 2406 2572
2 6657 6388
2 1190 1570
2 2272 2575
2 4304 2034
2 2840 6279
2 5757 4720
2 5186 4248
2 4208 4359
2 617 2587
2 2526 6550
2 1108 2568
2 3048 1055
2 812 5773
2 2772 1925
2 1088 3484
2 4435 2188
2 4311 840
2 1743 1732
2 2736 3614
2 1833 4553
2 6292 6325
2 4016 996
2 570 2531
2 1031 2312
2 6860 3830
2 1646 5142
2 3204 3673
2 4340 1408
2 5961 765
2 6916 3576
2 265 2571
2 802 3164
2 5145 1770
2 6230 5365
2 1483 2339
2 2467 6637
2 6636 6455
2 5544 4819
2 3932 1544
2 2658 5940
2 5405 4455
2 269 6607
2 5126 1941
2 5359 773
2 6266 4943
2 3663 6552
2 853 4546
2 1647 1186
2 5247 1828
2 6411 414
2 566 3330
2 5964 3404
2 3559 5345
2 1111 4259
2 3073 2023
2 2395 5296
2 4791 500
2 5840 526
2 5636 6382
2 530 392
2 5030 6152
2 6996 255
2 6414 1261
2 5853 1586
2 3375 6844
2 1337 4394
2 3030 6092
2 6797 5451
2 4279 3370
2 2382 3987
2 3878 34
2 1020 3099
2 1930 6781
2 6265 2498
2 5101 5485
2 1349 3723
2 1196 5046
2 2525 2855
2 3796 3491
2 4256 6948
2 6205 1204
2 1941 1457
2 4518 6348
2 5598 5903
2 6880 1079
2 2336 275
2 2034 6123
2 990 392
2 2213 287
2 4033 6866
2 5783 1069
2 4134 1440
2 1589 6272
2 2862 415
2 1580 6831
2 5092 6685
2 4937 3387
2 6996 4149
2 1121 2982
2 5339 1216
2 698 6537
2 4807 5982
2 2899 1123
2 3399 6419
2 3572 1839
2 2350 2054
2 4488 5655
2 4172 4201
2 1016 4572
2 4885 2228
2 5965 4092
2 69 5077
2 2548 3520
2 1557 3972
2 6218 163
2 5560 1993
2 399 3804
2 3361 4862
2 6277 6823
2 5064 2691
2 6149 863
2 5621 2133
2 867 1116
2 5432 2729
2 3809 1732
2 6318 1022
2 5030 378
2 1564 905
2 1722 149
2 6860 6987
2 1936 5348
2 2428 3147
2 3563 819
2 4826 1369
2 495 3269
2 1123 156
2 3535 4253
2 3061 905
2 773 437
2 6825 6644
2 4808 1542
2 2040 2263
2 1088 5921
2 871 5336
2 6864 3794
2 4932 4604
2 824 619
2 5194 1902
2 2765 5251
2 4125 2418
2 1733 3199
2 1067 5646
2 1354 4564
2 2144 469
2 6257 81
2 3289 454
2 4835 4263
2 6981 59
2 5683 4159
2 3699 3552
2 2280 6651
2 1179 4564
2 5372 4270
2 5148 1135
2 1126 6470
2 2478 2035
2 6891 6275
2 6996 3934
2 2910 5322
2 445 2277
2 5898 5211
2 2714 6890
2 1832 6593
2 1617 3508
2 2431 3071
2 3890 3465
2 1248 4193
2 6323 6408
2 1498 2539
2 5487 5962
2 2822 3582
2 3574 3383
2 3021 2040
2 6650 2227
2 4076 2432
2 995 6931
2 6134 1905
2 5477 699
2 2150 6583
2 3142 3024
2 4625 3245
2 43 626
2 3195 5858
2 480 6733
2 2445 91
2 5066 5751
2 2858 4023
2 604 1839
2 4478 179
2 6164 471
2 3147 2428
2 1021 4318
2 2433 5552
2 6501 121
2 1307 6286
2 1568 3340
2 5564 834
2 4780 1313
2 3419 18
2 2064 4680
2 4901 4652
2 6960 1605
2 6115 2142
2 2075 1080
2 6727 3062
2 5988 4092
2 3411 2694
2 5294 6162
2 5336 871
2 5083 2743
2 5693 4104
2 4162 3105
2 6895 4650
2 6872 3421
2 6030 1403
2 389 2317
2 5015 3272
2 6352 1698
2 3027 1771
2 3994 1035
2 4397 98
2 312 4999
2 6813 2313
2 6416 6026
2 6273 1069
2 2221 4961
2 4962 4226
2 5266 2929
2 180 5050
2 836 6756
2 3539 5845
2 2242 2605
2 6447 1242
2 3387 4937
2 3014 5436
2 6758 4102
2 2151 81
2 2455 170
2 4523 786
2 1649 4725
2 4649 3941
2 2458 2211
2 1338 792
2 3221 2492
2 3312 397
2 4776 6826
2 6122 254
2 4577 2435
2 5868 1150
2 5304 860
2 1147 5809
2 1690 5854
2 5706 625
2 3798 3842
2 566 6875
2 4849 4091
2 2857 11
2 2182 1326
2 6846 1885
2 1462 415
2 5167 4930
2 6474 855
2 4541 801
2 5907 5852
2 6061 4553
2 5168 3450
2 1980 1538
2 3973 4801
2 3962 6605
2 5692 4375
2 5127 100
2 6099 6810
2 509 244
2 5474 3395
2 5552 1342
2 6994 6596
2 2040 1347
2 2975 1938
2 5898 4206
2 904 2968
2 3760 4810
2 4577 5151
2 18 6909
2 5927 2913
2 798 939
2 2100 3402
2 702 4849
2 5258 5299
2 5432 3129
2 1859 1162
2 835 3627
2 3827 4476
2 1201 4613
2 6248 5401
2 656 380
2 4088 384
2 4519 658
2 5700 1992
2 6817 4864
2 3909 1403
2 6796 6406
2 1197 874
2 567 2907
2 2857 5512
2 5846 4500
2 4399 4311
2 3418 5717
2 6697 6002
2 634 2085
2 1449 302
2 615 1724
2 964 6109
2 4890 986
2 483 4451
2 5015 3272
2 3722 2637
2 5041 4193
2 4917 5697
2 3142 3292
2 3567 2975
2 5960 6190
2 5382 2804
2 6248 5401
2 1730 4715
2 5566 568
2 5461 3868
2 1634 1462
2 3994 5816
2 5976 4955
2 2602 2877
2 6591 1293
2 1067 5560
2 2542 1047
2 5856 565
2 633 6647
2 2967 3194
2 1733 3199
2 2076 3078
2 5046 4018
2 5816 6767
2 4478 179
2 4307 2147
2 2327 4183
2 3038 5277
2 3514 2327
2 3158 2465
2 5722 4890
2 51 5830
2 4183 3514
2 6632 801
2 578 876
2 3181 3365
2 6368 1159
2 1686 2641
2 1806 6122
2 5146 4004
2 6823 1074
2 2732 745
2 5976 4955
2 2029 5151
2 5527 6284
2 5316 3646
2 4428 6643
2 5897 4038
2 4041 1337
2 1553 1149
2 4506 1934
2 1616 4524
2 122 1551
2 5146 5576
2 4199 6177
2 1130 3584
2 5943 2744
2 549 1574
2 3750 4316
2 4488 894
2 3926 6826
2 3572 604
2 6219 4902
2 4338 3769
2 836 6756
2 5185 6331
2 6272 4555
2 4533 2436
2 1533 4045
2 6857 5256
2 1740 2999
2 1791 3230
2 2320 2837
2 3471 3750
2 463 5911
2 2377 3466
2 5235 215
2 1082 2852
2 3236 3566
2 5477 699
2 6036 2116
2 2092 5906
2 1093 2253
2 1210 6377
2 6126 4363
2 4455 798
2 6272 6231
2 6348 872
2 4656 1450
2 4318 3609
2 2507 2063
2 2414 470
2 5469 3722
2 2651 2582
2 4233 330
2 6565 2493
2 977 671
2 5154 5178
2 6283 5454
2 4472 5549
2 2019 3898
2 5997 1833
2 6442 2784
2 3488 5004
2 224 1490
2 4132 3778
2 5226 6524
2 4441 6098
2 3760 4810
2 895 6623
2 5954 1245
2 108 2757
2 1357 5396
2 3000 5867
2 5645 3061
2 298 6440
2 2619 6464
2 4103 2861
2 5487 5604
2 5773 1197
2 3419 18
2 4010 2539
2 21 6746
2 2576 317
2 6931 800
2 1054 1822
2 6416 2026
2 3879 505
2 2423 2199
2 3228 1435
2 812 5773
2 20 2454
2 579 5281
2 4043 584
2 6017 2041
2 5004 3488
2 5271 3242
2 2359 2803
2 1093 2253
2 1167 5672
2 4459 3544
2 6823 2952
2 2371 6788
2 1398 192
2 2248 809
2 2658 6368
2 341 6170
2 943 4665
2 3848 4161
2 81 5318
2 1626 6952
2 3966 5312
2 6513 6489
2 1290 5405
2 1272 3830
2 3294 3585
2 5281 6310
2 1357 4051
2 5274 707
2 765 5180
2 2466 3171
2 4661 5713
2 4380 1585
2 4216 4897
2 6126 2428
2 4715 3785
2 2919 5961
2 2816 2642
2 5789 4924
2 3977 846
2 5463 3682
2 1873 6910
2 3925 6279
2 2228 4885
2 4555 792
2 1532 375
2 3601 6406
2 328 4931
2 1602 4919
2 958 1668
2 3304 3365
2 567 973
2 6535 1792
2 1896 818
2 6891 1692
2 6419 5134
2 6362 2774
2 2043 6566
2 1416 6027
2 2986 3649
2 3934 6996
2 5845 1717
2 1564 905
2 1169 3686
2 849 1338
2 3553 4780
2 6805 4940
2 6789 35
2 1264 1805
2 1124 3198
2 2527 2420
2 1489 6089
2 2428 1078
2 6645 5147
2 510 3163
2 5334 5871
2 2176 968
2 6889 5561
2 1126 6470
2 305 5815
2 1526 6824
2 3017 2347
2 6916 2467
2 4335 5777
2 3075 2200
2 5789 6542
2 1872 1333
2 833 6063
2 3952 1062
2 1308 2085
2 2951 2247
2 6612 6359
2 6811 2857
2 3555 53
2 208 4276
2 5827 5190
2 5062 2646
2 5529 437
2 6217 1239
2 235 71
2 2856 5667
2 2238 4388
2 5847 572
2 6388 6657
2 2234 2389
2 5555 4191
2 4566 5727
2 5293 2376
2 169 1096
2 5987 1224
2 4102 5123
2 5751 1629
2 1011 4240
2 4826 5026
2 1111 4259
2 834 4230
2 1418 3004
2 1262 906
2 178 2117
2 120 1075
2 2914 5250
2 265 6166
2 6431 569
2 1634 5203
2 3321 1496
2 3687 3809
2 6797 5321
2 3173 3062
2 2134 2986
2 5127 5953
2 3609 1021
2 6474 855
2 6974 6502
2 1527 1991
2 6508 941
2 5510 6434
2 3543 1008
2 5053 4230
2 3197 2200
2 1499 260
2 1224 1077
2 2968 3414
2 5418 4773
2 6844 5933
2 2685 6761
2 512 1814
2 3226 5593
2 5699 91
2 4902 6219
2 6625 4928
2 4735 3395
2 5885 2532
2 6017 1841
2 5296 2271
2 6677 391
2 3613 3702
2 3058 3282
2 2894 6948
2 3431 3813
2 6836 673
2 1044 5025
2 3266 5743
2 4474 500
2 2771 5116
2 929 2411
2 4208 4421
2 4262 4693
2 622 862
2 6949 1918
2 2767 5305
2 2163 2381
2 5460 4962
2 3774 4912
2 1248 5041
2 762 2666
2 5348 1593
2 68 2475
2 4199 4396
2 1653 2862
2 3143 1768
2 6289 3229
2 5961 765
2 4789 3757
2 3560 1087
2 3935 2466
2 5146 5779
2 4076 4020
2 5639 2301
2 6991 6543
2 443 4068
2 5194 2081
2 467 6693
2 4486 3336
2 1347 2263
2 5095 2315
2 795 1500
2 642 6863
2 1920 5835
2 2670 4162
2 1978 4809
2 1812 967
2 223 1943
2 1241 6985
2 5100 4824
2 2354 3926
2 4320 228
2 3625 3016
2 792 849
2 4227 2861
2 5516 6563
2 4326 4512
2 4259 4546
2 4093 1701
2 2560 3232
2 5266 3209
2 6411 5125
2 3809 2311
2 5694 898
2 3624 4363
2 2140 6870
2 2158 6982
2 2288 2300
2 4532 5468
2 3046 4816
2 3804 399
2 5544 4819
2 6791 1505
2 317 6212
2 5514 1994
2 894 5536
2 5372 3960
2 5791 3816
2 516 700
2 2247 5966
2 4612 1312
2 2857 6811
2 5300 5697
2 6653 6736
2 6059 3193
2 729 4038
2 6116 6820
2 6197 2159
2 2585 2709
2 5866 1829
2 1235 6836
2 6508 3375
2 3312 397
2 6520 4708
2 4083 4886
2 2257 2379
2 4490 990
2 5157 5195
2 499 6827
2 2914 5250
2 6591 3438
2 3454 6856
2 5953 6080
2 152 5676
2 3385 3650
2 3280 6824
2 6899 1539
2 1724 1924
2 91 5651
2 6683 4998
2 5320 36
2 1616 6846
2 677 1147
2 2738 1024
2 2857 11
2 3640 2513
2 6435 1174
2 4920 2792
2 5997 1833
2 833 95
2 5060 2140
2 5491 3242
2 4394 4116
2 1956 1722
2 2376 5293
2 980 4717
2 285 467
2 2923 1906
2 2282 4466
2 3674 3852
2 849 5426
2 707 5274
2 4720 4929
2 2642 4868
2 6966 4512
2 6324 2419
2 3778 1378
2 216 2678
2 3065 1484
2 1956 1722
2 1372 3101
2 1793 6551
2 6172 2138
2 4075 1413
2 4237 6224
2 4475 1144
2 3303 5280
2 5787 5250
2 5247 1993
2 3894 3553
2 3963 2782
2 837 1487
2 5645 1564
2 3280 6824
2 3658 4520
2 6418 6608
2 3530 509
2 996 5616
2 151 4331
2 3275 2005
2 2816 2642
2 4348 152
2 4099 5884
2 5681 3656
2 818 1896
2 6052 6690
2 4715 3785
2 6140 3121
2 2951 5966
2 6489 1207
2 224 6913
2 3243 6825
2 6017 1841
2 5216 3578
2 1879 3640
2 4342 2233
2 2092 5416
2 2940 4375
2 849 1338
2 2425 3560
2 2910 5322
2 4987 5960
2 4611 2272
2 6547 3971
2 5478 3370
2 1772 2942
2 311 6148
2 5751 5066
2 3859 2305
2 2911 5848
2 3960 5372
2 308 3464
2 4429 1199
2 6904 628
2 6730 6895
2 6149 863
2 2486 2300
2 146 6522
2 4235 4169
2 1440 2480
2 3661 336
2 3453 1230
2 2697 4295
2 3416 2336
2 2999 5377
2 5280 2009
2 6328 5013
2 1527 3527
2 4825 498
2 3686 1481
2 5381 2447
2 796 1557
2 4686 2747
2 1654 6700
2 5595 5804
2 1481 2881
2 6824 3280
2 1737 1716
2 1699 6557
2 382 1429
2 6173 6656
2 1912 5555
2 3224 20
2 6102 6791
2 1538 3470
2 923 5266
2 5204 732
2 2685 6761
2 6346 5149
2 6707 2273
2 5908 4533
2 5885 5445
2 2051 3465
2 5884 4099
2 1262 906
2 3270 1493
2 2611 1262
2 3350 1210
2 4304 6765
2 1158 5621
2 5659 2400
2 5789 4956
2 1675 3641
2 3453 908
2 3190 1699
2 2368 3583
2 1179 1354
2 858 4285
2 4254 6473
2 6325 1741
2 1561 2975
2 4864 892
2 755 1002
2 3682 3005
2 5738 3697
2 3632 4972
2 2674 3426
2 2467 6637
2 6438 4872
2 6880 5262
2 1118 3715
2 5677 1108
2 2592 3571
2 2617 3399
2 2066 4503
2 6163 3166
2 2800 3086
2 415 1462
2 5642 1579
2 243 5867
2 1517 2880
2 6636 3570
2 1186 1586
2 1032 4054
2 934 687
2 6027 3129
2 1307 6286
2 2312 1196
2 5555 4943
2 1367 1212
2 4310 3268
2 5942 6278
2 5526 3030
2 3933 971
2 2260 4589
2 3464 6930
2 3484 1088
2 59 6981
2 3287 3380
2 6623 976
2 1748 108
2 1812 6678
2 5399 1746
2 1462 3687
2 14 6937
2 1372 6625
2 5158 1399
2 5824 1754
2 6853 38
2 6541 2697
2 373 2959
2 2257 223
2 3242 3036
2 6524 5226
2 3289 454
2 2023 6059
2 2396 5605
2 2687 5630
2 5504 3641
2 2007 81
2 2159 5885
2 5514 1994
2 2283 2159
2 5668 3289
2 546 2713
2 1781 4942
2 5482 5416
2 4235 3028
2 6647 979
2 6876 4799
2 2050 6265
2 1685 1077
2 4741 6513
2 999 300
2 4494 2778
2 5486 5839
2 629 2808
2 3894 3553
2 905 6869
2 899 1110
2 4305 5281
2 6324 31
2 1916 2660
2 6208 5288
2 6700 2647
2 1283 5741
2 4765 6714
2 6996 255
2 4503 2066
2 449 6585
2 6119 1165
2 4662 4716
2 907 4351
2 5552 2433
2 807 4625
2 4262 1291
2 674 1310
2 4811 786
2 6789 4905
2 815 24
2 6315 1587
2 6899 1539
2 1568 3340
2 6482 1071
2 114 4481
2 5883 2261
2 6187 232
2 6176 5448
2 265 3485
2 2714 5596
2 4402 722
2 5278 3665
2 6694 2169
2 5268 6197
2 6550 6720
2 4105 819
2 3086 4642
2 4849 6513
2 5915 559
2 3826 6324
2 5201 477
2 6005 2438
2 1837 2774
2 1869 5739
2 5442 6858
2 4346 2769
2 4900 4039
2 6066 6372
2 4600 2065
2 1430 1204
2 3556 4325
2 3132 5755
2 1496 4309
2 1025 171
2 2975 3567
2 1584 251
2 6379 2690
2 2461 3117
2 2460 6414
2 541 644
2 2397 5626
2 5064 4336
2 462 2821
2 1791 5838
2 607 3241
2 1087 3560
2 149 1956
2 5801 2782
2 537 5188
2 4916 1487
2 6826 3926
2 1241 1781
2 942 4215
2 1560 6312
2 2629 2768
2 873 662
2 6901 6269
2 5078 5714
2 785 3461
2 6949 3960
2 1335 3574
2 3058 3282
2 163 1829
2 4218 656
2 339 4498
2 1538 3470
2 673 5171
2 2765 921
2 4766 6852
2 1323 1262
2 4444 2397
2 5715 745
2 5801 2782
2 6918 11
2 3024 3292
2 2813 2800
2 3959 5731
2 6441 5631
2 3810 4900
2 274 1312
2 6026 6969
2 984 6342
2 1869 4254
2 5598 5903
2 4483 5898
2 2131 3730
2 3132 2275
2 3948 2045
2 4891 6399
2 6104 368
2 5898 5211
2 3221 2492
2 5741 1283
2 2222 5645
2 298 6440
2 4901 874
2 1393 4984
2 1988 1039
2 3667 554
2 5537 4172
2 18 6909
2 524 605
2 6687 1661
2 1142 4981
2 1568 3340
2 5856 2102
2 1164 5277
2 633 2938
2 5677 1108
2 265 3485
2 4820 293
2 2769 1298
2 3962 6605
2 3826 6324
2 2674 3428
2 3665 6673
2 5541 2238
2 5650 6358
2 3256 6788
2 5361 1163
2 1335 2881
2 2783 174
2 3642 5667
2 4868 2319
2 1062 577
2 3879 505
2 100 5953
2 5120 2346
2 1928 6172
2 1804 6693
2 1110 5254
2 3457 3628
2 1858 606
2 3530 509
2 5555 1912
2 1378 3778
2 5891 2022
2 2985 6838
2 671 2207
2 6026 1042
2 6297 2276
2 5724 50
2 3823 5811
2 6382 1550
2 1114 6243
2 114 4481
2 1462 415
2 6547 3073
2 183 4986
2 3911 806
2 6325 101
2 4714 3340
2 2052 5251
2 6934 4809
2 2368 4261
2 2694 5807
2 1918 3960
2 1686 63
2 3819 3027
2 5804 4470
2 1016 4572
2 2739 834
2 6564 757
2 1413 811
2 5541 5861
2 1543 2872
2 5137 170
2 224 6913
2 2898 6191
2 4968 415
2 5190 1567
2 391 6793
2 5532 1055
2 5609 4556
2 4233 330
2 4949 6243
2 2670 4162
2 1152 4799
2 6769 3614
2 2060 1284
2 3009 4288
2 3488 43
2 1854 3336
2 4208 4421
2 2690 6379
2 5366 3117
2 2054 6909
2 2411 1407
2 1252 1158
2 2715 1342
2 3420 3256
2 4079 2686
2 6697 6002
2 3138 6182
2 2896 1506
2 3876 5132
2 2211 1189
2 3004 2368
2 228 4320
2 6399 2365
2 2346 791
2 6482 6678
2 3356 5529
2 3711 5636
2 6368 2658
2 5616 996
2 4269 5891
2 210 4760
2 2282 2949
2 3775 1736
2 2461 6978
2 6699 5033
2 6368 1159
2 353 3323
2 1568 3340
2 4309 3539
2 483 1532
2 322 4550
2 1342 2715
2 638 3478
2 325 2803
2 43 3867
2 3656 1819
2 99 2314
2 4824 1619
2 1487 6120
2 6218 1829
2 1032 6774
2 5883 2955
2 5609 4556
2 3420 6788
2 1322 5381
2 4941 2450
2 2642 2816
2 1445 1614
2 6812 5255
2 1980 4718
2 848 128
2 1163 1435
2 5689 4659
2 6269 4687
2 2531 532
2 5854 5034
2 5609 3347
2 1318 1769
2 2779 5061
2 583 5106
2 4463 6221
2 1285 6781
2 3109 5151
2 242 3947
2 4789 3757
2 4340 3683
2 1154 6399
2 4602 4907
2 223 3879
2 3618 4304
2 532 570
2 2660 1916
2 1547 5087
2 4948 341
2 6863 3623
2 2386 6904
2 1457 6814
2 5492 4015
2 2405 2448
2 2142 2231
2 22 2638
2 14 1099
2 3390 5016
2 6069 3820
2 278 5911
2 2970 2173
2 6978 3772
2 2315 3298
2 1841 3472
2 626 43
2 1101 3484
2 658 4519
2 2768 1978
2 5846 4500
2 6348 2124
2 5062 2646
2 1066 1298
2 1077 2315
2 5316 1698
2 6786 4768
2 5987 1685
2 6507 5113
2 6577 311
2 3326 744
2 1753 3387
2 2806 4288
2 3654 4811
2 4253 3535
2 5715 745
2 4932 6523
2 54 3894
2 309 1106
2 4808 1542
2 2346 791
2 4113 5083
2 2638 281
2 1848 4226
2 4795 3027
2 4937 3387
2 276 1547
2 1695 1788
2 5036 6408
2 5066 1629
2 20 686
2 4415 2384
2 2575 2272
2 6266 676
2 1505 2982
2 4540 6012
2 1367 631
2 2696 1690
2 953 216
2 936 1146
2 4213 3741
2 4849 4091
2 6395 3609
2 3257 2808
2 3692 1935
2 6296 976
2 2761 2843
2 1219 6550
2 2405 2448
2 5748 5510
2 3857 968
2 5885 922
2 5779 4004
2 383 1318
2 4776 2354
2 3548 799
2 567 6602
2 2519 6142
2 6186 6775
2 3779 3205
2 601 212
2 6811 5574
2 4115 873
2 2196 1313
2 2377 3330
2 3811 434
2 5393 2039
2 609 5690
2 4088 6910
2 3399 5134
2 1465 6264
2 2398 2104
2 680 380
2 1312 49
2 3905 3737
2 1404 155
2 2053 3885
2 4962 1848
2 5694 473
2 5126 1941
2 2460 6414
2 744 5382
2 5253 2670
2 2035 6556
2 2805 2339
2 3634 2620
2 4820 1030
2 2969 6144
2 2252 3116
2 6275 3356
2 1980 3470
2 5274 707
2 2248 554
2 2336 275
2 2436 3630
2 851 3174
2 1680 3107
2 4709 572
2 1059 1101
2 2513 3765
2 402 5934
2 5721 5755
2 5767 4113
2 6831 2125
2 2052 5251
2 2097 6613
2 4099 4075
2 4832 1567
2 6309 5791
2 796 3972
2 534 2564
2 1403 6030
2 3901 5004
2 1278 2560
2 3057 1166
2 1312 4612
2 1570 1190
2 4193 5041
2 3532 6828
2 6388 1190
2 3998 6372
2 471 6164
2 5151 2029
2 6791 1505
2 6824 3280
2 4444 1743
2 2221 4961
2 897 2647
2 1831 943
2 4255 77
2 336 3661
2 1288 6887
2 559 2427
2 2355 2353
2 3550 2532
2 6678 1812
2 3766 2436
2 1047 2243
2 4410 4360
2 4506 3106
2 4309 3539
2 4051 1974
2 3096 4742
2 3577 980
2 2398 2104
2 3205 3935
2 6208 3128
2 5255 1579
2 5245 3055
2 2062 1707
2 2133 2149
2 1622 3575
2 1321 3552
2 4662 547
2 535 5503
2 4288 2806
2 6756 3547
2 2101 4475
2 4427 3521
2 424 378
2 5331 3323
2 352 3377
2 3292 641
2 3478 638
2 1273 2520
2 3470 1980
2 3703 5861
2 6000 4476
2 6736 4421
2 4512 209
2 1580 2484
2 1532 483
2 5162 3359
2 2614 3782
2 1520 5152
2 3153 5178
2 6464 4464
2 5574 246
2 5531 2256
2 1771 2621
2 2498 3463
2 5853 5871
2 943 4665
2 6705 5036
2 3849 4057
2 3401 5650
2 2518 1626
2 4630 5879
2 471 6164
2 1167 5672
2 543 4442
2 2441 1219
2 624 1152
2 4435 2188
2 6784 4505
2 2075 2398
2 3829 3386
2 799 1665
2 407 757
2 3563 5165
2 6143 339
2 6855 2545
2 1076 4076
2 2471 4670
2 4518 872
2 2665 1805
2 3205 3171
2 4241 5534
2 1286 5992
2 2593 3361
2 3125 3792
2 1702 5880
2 194 3110
2 579 5433
2 1011 3501
2 2635 6247
2 5117 5211
2 3727 2946
2 3179 2184
2 5532 5668
2 1317 402
2 4464 4906
2 3261 5958
2 6616 5842
2 1821 2894
2 924 5332
2 49 5223
2 280 1599
2 3016 4735
2 518 6910
2 1081 5659
2 3198 3704
2 5910 4603
2 5235 2987
2 1146 364
2 4384 474
2 327 6300
2 3178 4520
2 2852 6958
2 835 3627
2 2115 6733
2 6882 2173
2 14 435
2 6231 6272
2 2841 5851
2 3819 3027
2 2256 238
2 3966 4954
2 5890 4005
2 36 399
2 5512 6918
2 2381 1019
2 2201 5531
2 5992 1706
2 6470 1401
2 2800 3086
2 4305 5281
2 4769 3699
2 6020 2698
2 6010 4407
2 4759 6924
2 3516 4642
2 796 1557
2 2832 6368
2 5159 6148
2 4658 1792
2 5119 559
2 313 142
2 1604 5660
2 6455 3495
2 151 3286
2 5784 6872
2 3065 1484
2 1941 6814
2 2707 964
2 1753 1247
2 4151 6220
2 6827 1555
2 6296 2945
2 3702 3613
2 1763 382
2 6677 6793
2 3428 3426
2 4048 2100
2 3756 2870
2 344 1817
2 5934 1317
2 1342 2715
2 5154 4025
2 1398 4668
2 2350 2054
2 5891 3003
2 6101 6140
2 5841 4928
2 942 5680
2 1535 263
2 3360 631
2 2277 6314
2 3986 4137
2 2961 6065
2 1806 6122
2 3138 6719
2 312 6604
2 6747 1396
2 875 1355
2 5546 3834
2 2201 6865
2 6143 339
2 5009 818
2 4505 6784
2 1527 1991
2 6318 1872
2 5022 4182
2 1943 2379
2 5651 4573
2 4903 5133
2 4930 1606
2 1978 4809
2 4813 1210
2 6855 61
2 5847 572
2 6177 4396
2 5606 3301
2 700 516
2 5961 6514
2 6353 2779
2 5066 4251
2 343 6804
2 5654 2521
2 4254 6473
2 1557 5770
2 2646 2176
2 6952 2518
2 6494 6520
2 1661 6618
2 2222 5645
2 4051 6587
2 4097 3150
2 881 6957
2 2435 3109
2 792 1338
2 4499 400
2 3766 3630
2 5700 634
2 3699 3552
2 4340 3740
2 5320 399
2 2129 3347
2 6694 4732
2 5791 6874
2 6312 1560
2 3143 5842
2 6279 3925
2 3824 217
2 3720 55
2 352 3377
2 5461 3694
2 5635 5304
2 4533 5908
2 180 300
2 4725 1642
2 6074 3495
2 5412 5402
2 2336 3416
2 4840 2046
2 4767 4819
2 6858 6437
2 1930 3244
2 51 2760
2 6611 5133
2 6149 863
2 3797 6765
2 6168 6857
2 386 4915
2 2273 6707
2 3990 2237
2 5803 6143
2 4309 1038
2 2282 4466
2 107 1039
2 4867 6739
2 5348 1593
2 3406 1453
2 4637 6636
2 230 5305
2 1906 4960
2 5555 4191
2 445 2277
2 2925 4368
2 4992 4776
2 3939 2841
2 1580 6831
2 2732 745
2 6358 5650
2 3003 2901
2 1692 6891
2 6388 1570
2 6600 3839
2 6833 1679
2 1617 3508
2 5060 1450
2 3117 2265
2 4942 2385
2 5474 3395
2 368 6104
2 4661 5713
2 625 3157
2 666 5345
2 5494 2475
2 6596 4640
2 169 6389
2 4401 6458
2 699 5760
2 1545 1019
2 3414 6992
2 6311 6845
2 1934 1030
2 1460 1865
2 5878 1271
2 4913 2606
2 5455 1796
2 1832 600
2 3131 4686
2 2878 5587
2 249 6776
2 4643 305
2 5659 1081
2 1067 5560
2 6804 343
2 6761 2685
2 6052 4339
2 6707 5654
2 5987 2967
2 1291 4693
2 1165 6119
2 6173 1814
2 3616 1780
2 5825 1060
2 4940 870
2 4331 151
2 3674 3852
2 6393 4248
2 3274 1939
2 2944 4457
2 871 5336
2 2012 4961
2 6283 5454
2 5908 5061
2 6309 6752
2 3444 3378
2 4392 304
2 5762 5417
2 1243 4237
2 1592 1668
2 2444 439
2 1351 57
2 1626 6952
2 1249 2394
2 2843 1710
2 1612 6804
2 4161 2614
2 3069 3541
2 549 1574
2 3554 6912
2 6361 1795
2 4868 2816
2 4879 3454
2 2281 5840
2 2470 3366
2 3569 3987
2 5958 1154
2 535 4068
2 6221 954
2 6080 6079
2 6931 4372
2 1106 1209
2 6774 1032
2 681 6545
2 3224 2454
2 1095 5645
2 5678 6181
2 536 2541
2 6059 177
2 1873 6910
2 2531 1489
2 3365 3304
2 5494 2328
2 4120 4902
2 6161 5540
2 2892 277
2 2942 3118
2 6244 5605
2 51 6288
2 1511 4231
2 1192 3616
2 2219 4125
2 5248 4684
2 27 1025
2 4640 846
2 3402 2100
2 5660 1604
2 5497 2205
2 5861 3703
2 2666 762
2 2100 2525
2 2511 4718
2 3306 1858
2 3920 5811
2 2970 6882
2 4238 1966
2 5532 5968
2 2813 3516
2 5898 6578
2 76 5598
2 440 3864
2 4532 1321
2 2228 3208
2 5016 5659
2 5372 3960
2 6477 634
2 541 4946
2 101 6325
2 2510 4519
2 5114 4603
2 6930 367
2 4172 5084
2 5906 6164
2 3243 5617
2 6440 5292
2 6116 6820
2 4657 2467
2 5318 2007
2 3355 6149
2 5141 3298
2 4363 735
2 6714 2202
2 5727 1032
2 3350 6377
2 5940 6368
2 5366 2461
2 1448 6512
2 5927 4478
2 2525 3402
2 2542 2243
2 2277 1234
2 4508 2043
2 6737 4757
2 2496 1126
2 3342 3592
2 6411 5125
2 6256 1426
2 1002 755
2 4711 6869
2 3113 3456
2 2248 554
2 3569 3987
2 2918 1520
2 405 5180
2 4794 2094
2 1527 3527
2 3402 2855
2 79 1593
2 1922 73
2 2280 6651
2 2946 3727
2 4713 651
2 2738 4992
2 4394 4116
2 3499 6784
2 6100 5135
2 1416 5571
2 5942 6278
2 3560 2425
2 4338 726
2 5897 729
2 4782 755
2 4634 4538
2 636 6695
2 1312 49
2 6663 6929
2 6675 6556
2 516 6381
2 6839 2432
2 80 4123
2 5644 1243
2 3794 2465
2 2207 3825
2 212 601
2 3645 6635
2 6686 1368
2 4079 2686
2 6585 1096
2 4592 234
2 3982 916
2 5272 1091
2 215 5235
2 5977 2460
2 3311 2260
2 5907 5852
2 952 4552
2 2073 2265
2 5479 2454
2 2012 4961
2 3891 469
2 4010 4480
2 379 5825
2 328 5145
2 2776 2871
2 1435 3228
2 628 1914
2 6098 2706
2 4969 6747
2 4307 2147
2 4971 4725
2 858 692
2 4492 4732
2 1209 2387
2 1522 47
2 2892 6565
2 2227 2433
2 6891 3356
2 3641 2979
2 6230 5365
2 2737 4915
2 4943 6266
2 4318 1021
2 1444 6408
2 2117 2898
2 855 813
2 853 2266
2 3715 6012
2 3107 835
2 3949 5368
2 2252 5774
2 6411 5125
2 4657 2467
2 2788 595
2 334 5830
2 4883 3137
2 1367 3360
2 6671 1160
2 1215 4689
2 543 4987
2 5723 2192
2 3049 6786
2 4230 298
2 3866 1824
2 6126 4363
2 6689 6719
2 5585 5064
2 2425 1087
2 1701 2603
2 5336 3571
2 884 332
2 1099 5741
2 1547 2392
2 5504 544
2 5789 4924
2 6329 4137
2 4055 3573
2 453 6668
2 5692 4375
2 6172 5602
2 3853 4832
2 5693 3239
2 6855 61
2 1095 2222
2 2798 971
2 91 4573
2 4683 4087
2 3795 2537
2 3933 4637
2 610 855
2 1301 6611
2 3853 208
2 5485 3363
2 4482 6966
2 3152 739
2 3273 1111
2 1544 3932
2 2395 1754
2 6678 6482
2 4718 3259
2 6230 5365
2 6547 3971
2 6352 875
2 5962 5487
2 1500 5926
2 2747 353
2 3836 431
2 2226 1786
2 2245 2155
2 676 4943
2 2889 5157
2 3556 4993
2 325 5562
2 352 2568
2 505 3879
2 3959 4478
2 5988 4092
2 4183 3637
2 403 2560
2 1707 2062
2 6551 3005
2 3584 1130
2 1774 654
2 2066 3550
2 3711 1749
2 4782 755
2 1550 6382
2 5757 4720
2 63 6242
2 1071 140
2 2706 4441
2 4799 6034
2 864 815
2 699 1162
2 534 3704
2 4641 567
2 3090 2394
2 2201 5531
2 965 4018
2 3269 5258
2 4641 6602
2 1987 5016
2 4531 3351
2 4516 3980
2 2273 5160
2 6581 3934
2 5041 1248
2 5579 931
2 4428 6643
2 4956 5789
2 3452 6357
2 853 2266
2 1425 100
2 3170 3284
2 5251 921
2 3204 6631
2 1602 4919
2 5772 4373
2 4279 3370
2 1080 927
2 4376 5316
2 2806 2669
2 5646 1067
2 3131 2747
2 5482 5416
2 1847 1069
2 656 4218
2 496 3417
2 3864 5878
2 4475 1144
2 6080 1840
2 907 4351
2 1252 82
2 3214 6221
2 4818 5884
2 2957 1439
2 2433 2715
2 4616 1103
2 3326 3757
2 648 3741
2 4340 1408
2 3722 1425
2 267 2813
2 2062 1707
2 6537 3831
2 3204 3673
2 6187 82
2 1679 1271
2 6186 6775
2 2398 2075
2 6838 2985
2 5026 4826
2 3107 2812
2 1325 1699
2 3871 1642
2 796 3972
2 1228 676
2 6015 4338
2 3018 5414
2 6092 3489
2 3507 5603
2 106 4646
2 1111 4259
2 1355 3945
2 6427 2063
2 808 5313
2 6774 5706
2 1325 3411
2 6947 5299
2 5779 5146
2 5322 5778
2 6612 514
2 4740 5065
2 1460 4355
2 1104 1828
2 5151 505
2 3556 4325
2 4201 5084
2 5485 2788
2 591 3572
2 6100 1357
2 1639 1040
2 4054 6774
2 2828 6273
2 4899 5255
2 2397 1913
2 1489 4428
2 4769 3699
2 4906 614
2 4004 5779
2 238 2256
2 1754 2395
2 1656 45
2 4155 5199
2 2938 979
2 4863 2544
2 4541 801
2 375 483
2 3574 1335
2 5401 2927
2 3345 5712
2 1444 6323
2 1387 1434
2 2376 5562
2 5133 4903
2 6654 2582
2 6775 3917
2 1481 5459
2 6130 1465
2 4251 6793
2 5544 4767
2 2628 4796
2 4863 4032
2 533 6645
2 2841 1434
2 6130 3187
2 5112 1293
2 3259 1980
2 114 327
2 6864 2993
2 4331 4808
2 2686 1831
2 3467 1683
2 6098 4058
2 2970 6882
2 263 1554
2 3920 3823
2 2573 5849
2 3567 147
2 3217 189
2 1514 7000
2 5545 5792
2 1737 2767
2 2313 1582
2 1814 6173
2 5525 2269
2 2275 1322
2 233 4625
2 2418 1798
2 2485 4218
2 4009 1488
2 1552 3434
2 2873 6706
2 1363 498
2 5683 2664
2 5055 4410
2 5044 6049
2 5064 2351
2 1631 4402
2 3269 4670
2 4852 506
2 2897 4445
2 3679 4228
2 4106 131
2 6382 1550
2 4388 2238
2 6218 2736
2 3465 2051
2 725 5148
2 35 5914
2 1149 5468
2 4076 5243
2 2749 5173
2 1450 5060
2 2646 5062
2 1570 1190
2 2352 6731
2 1276 2558
2 2232 3149
2 4810 1203
2 6755 2896
2 5065 4227
2 6427 2507
2 3572 591
2 3386 536
2 5898 4206
2 6759 187
2 2035 6556
2 1925 2567
2 5792 2558
2 2085 5700
2 4083 4142
2 2253 6648
2 41 2492
2 2211 1189
2 3935 2466
2 4825 498
2 5924 2362
2 3688 3416
2 4646 106
2 2609 955
2 6353 5908
2 3493 892
2 6864 2993
2 5526 4109
2 2678 5165
2 5442 6437
2 559 2427
2 5712 1650
2 5760 1162
2 815 24
2 4043 4492
2 3566 1049
2 3727 470
2 6636 3570
2 6657 237
2 4590 373
2 2524 5333
2 986 4890
2 5251 4488
2 2707 5352
2 285 6843
2 977 671
2 4708 3763
2 5609 3347
2 5462 272
2 3018 6449
2 907 3799
2 3577 4717
2 3330 6875
2 5881 1520
2 4240 4253
2 5706 6151
2 1577 3843
2 4948 341
2 6020 2698
2 2427 1068
2 882 2960
2 3990 2527
2 4020 4076
2 954 6221
2 6553 4598
2 808 1935
2 6644 1821
2 3432 2883
2 5454 5947
2 2977 3164
2 4718 3470
2 6635 1933
2 6434 3080
2 6869 4711
2 1941 2106
2 5942 39
2 4756 6165
2 3272 5015
2 4125 1798
2 3570 6074
2 3273 4259
2 3306 606
2 2065 4724
2 2962 6708
2 5940 6368
2 6991 6543
2 1756 5431
2 1756 3207
2 4467 2757
2 5280 5301
2 2576 1721
2 5809 3196
2 1261 5336
2 1713 3868
2 4866 2911
2 3250 2080
2 1581 4045
2 5100 4269
2 45 1656
2 2066 4503
2 4318 5368
2 6130 867
2 566 6875
2 3377 4714
2 716 3492
2 4410 4130
2 1315 2690
2 4451 908
2 3199 5904
2 917 4749
2 1570 2710
2 5896 2784
2 563 3498
2 6298 2580
2 6429 201
2 2613 2529
2 3952 577
2 1824 3351
2 4229 6778
2 1499 2079
2 5256 3149
2 897 2647
2 5898 5211
2 5046 3054
2 2772 2567
2 530 1428
2 3311 5577
2 5494 2475
2 2614 1843
2 5304 1199
2 5304 2222
2 964 5352
2 2074 4889
2 2466 5781
2 6901 6269
2 4584 6001
2 121 4792
2 2521 5654
2 180 300
2 3166 6163
2 3928 254
2 2625 4483
2 6418 6608
2 5247 1104
2 6880 1079
2 6272 6231
2 5763 3460
2 3323 6763
2 4547 5990
2 6695 1353
2 5809 1147
2 4444 1743
2 2593 3361
2 322 3564
2 3125 3792
2 2104 4067
2 5849 269
2 6551 5357
2 6120 1155
2 2707 5352
2 361 459
2 4721 3584
2 5884 811
2 5596 5409
2 2221 1576
2 3853 6619
2 6379 2690
2 748 170
2 1999 4546
2 180 5050
2 2691 212
2 2068 3339
2 3426 2674
2 4600 5253
2 133 2287
2 8 5060
2 2898 2117
2 4089 3153
2 6087 636
2 2831 6854
2 3210 3071
2 378 145
2 825 305
2 5001 6817
2 976 6296
2 5338 5025
2 259 6310
2 6087 636
2 1783 2124
2 5198 626
2 6825 6644
2 4587 6575
2 1614 1701
2 905 6869
2 1278 3232
2 634 2085
2 4087 6175
2 4259 4546
2 3025 4380
2 3838 4184
2 1293 5112
2 6607 269
2 4076 5243
2 4492 4260
2 5927 2913
2 624 2778
2 1633 6756
2 3003 4587
2 3273 2829
2 4984 4611
2 3284 3932
2 3809 5203
2 4578 1902
2 4600 2065
2 5529 437
2 5788 3361
2 5708 652
2 2944 1235
2 77 1970
2 1487 837
2 825 6828
2 5084 2969
2 5737 6841
2 5526 4616
2 3428 2317
2 4259 1999
2 6322 6822
2 4213 648
2 5260 3938
2 5417 6991
2 3168 6163
2 5101 3363
2 4757 4420
2 6308 1082
2 5655 5932
2 2834 4946
2 726 6015
2 4093 38
2 3553 54
2 1593 1936
2 6677 4251
2 4809 6934
2 1420 2545
2 352 3377
2 1152 6876
2 5134 1599
2 5064 2351
2 1916 2660
2 983 6700
2 2786 3655
2 1370 414
2 6183 2470
2 638 2318
2 4716 4621
2 785 3461
2 5813 4497
2 4229 2842
2 2392 1547
2 272 1451
2 2546 2219
2 6205 1204
2 4200 6002
2 2106 6814
2 3819 4795
2 3674 2487
2 551 3401
2 5714 5078
2 6440 5292
2 2169 4732
2 3947 2764
2 4828 4984
2 1661 6687
2 4802 5945
2 748 2455
2 908 3453
2 2092 5906
2 6996 4149
2 6397 6177
2 5322 5778
2 5338 5025
2 2227 5552
2 2004 1540
2 6075 5772
2 822 5630
2 1943 2379
2 6444 6982
2 4285 6196
2 3393 1992
2 626 1372
2 235 71
2 5922 2448
2 6367 862
2 414 388
2 3574 1825
2 6857 4673
2 2832 1159
2 2964 3376
2 578 876
2 5769 3385
2 5704 5092
2 4653 3241
2 1259 2621
2 2842 1905
2 1209 6993
2 4206 5117
2 5053 4230
2 4523 4599
2 6685 5704
2 2919 5226
2 4721 1130
2 3259 1980
2 5574 6811
2 3081 2361
2 3157 6151
2 6084 5525
2 4120 6219
2 1934 3106
2 4163 5717
2 6151 1540
2 2737 4915
2 3000 984
2 4899 6812
2 169 6389
2 922 5445
2 1771 227
2 4728 1692
2 3421 6872
2 1212 631
2 1297 341
2 1679 5878
2 858 692
2 882 2763
2 1832 600
2 6507 5423
2 2664 693
2 5131 4666
2 5757 4720
2 379 3110
2 5834 623
2 1796 3582
2 1207 5245
2 483 1532
2 619 824
2 5309 4675
2 2738 1024
2 3552 1321
2 5211 4206
2 3669 3444
2 5528 5653
2 5844 3977
2 1749 3711
2 4689 4540
2 2632 5199
2 5009 818
2 4717 2783
2 716 5829
2 6139 3578
2 1975 5604
2 3292 4812
2 4644 1420
2 2311 1743
2 1407 2411
2 5157 5980
2 2052 5251
2 5844 3977
2 5199 3237
2 978 3756
2 4123 2923
2 4602 4907
2 6875 3330
2 1272 2746
2 1121 954
2 757 6564
2 4454 6001
2 3197 3075
2 5602 6954
2 658 1374
2 1720 3156
2 6122 254
2 658 1374
2 3699 3552
2 6639 5689
2 4924 5789
2 1078 1203
2 2123 5416
2 1445 3502
2 5790 4898
2 2837 2320
2 5961 2919
2 6363 6801
2 2856 3642
2 3210 4400
2 4572 1049
2 967 6678
2 6098 4058
2 4776 2354
2 5516 982
2 178 2898
2 888 1019
2 1889 4919
2 3634 1755
2 2581 1283
2 5784 3421
2 3667 554
2 1988 107
2 1585 4352
2 1018 108
2 2609 955
2 6723 5774
2 2158 6982
2 79 948
2 6148 311
2 4238 150
2 3935 3171
2 6778 4229
2 4566 6774
2 1291 3093
2 5885 5445
2 1200 2480
2 5708 18
2 3303 2009
2 5871 5334
2 1167 1930
2 775 265
2 969 6702
2 1459 2717
2 4219 232
2 1462 1634
2 6708 6441
2 747 4231
2 6085 1576
2 467 285
2 5592 540
2 3913 4891
2 745 2732
2 73 5417
2 4918 403
2 5117 5211
2 1113 4337
2 2575 2272
2 535 2091
2 6619 208
2 4365 2146
2 2030 4164
2 6904 4167
2 6362 2774
2 4268 5813
2 3543 1008
2 2032 6357
2 4099 5884
2 2335 523
2 216 953
2 1764 6123
2 604 2786
2 6170 341
2 6998 630
2 353 5331
2 5485 5101
