7000 1905
2 1688 270
2 270 4991
2 2992 5497
2 5497 3978
2 3978 3376
2 3376 6439
2 6439 503
2 503 6190
2 3788 5875
2 5875 4192
2 4192 4524
2 4524 5830
2 5830 4841
2 3991 3110
2 2539 3736
2 3736 6755
2 2689 1887
2 5065 4743
2 4743 6933
2 2890 3781
2 3781 737
2 737 3826
2 4595 2164
2 2164 1552
2 1552 5863
2 5863 5356
2 2554 163
2 163 1470
2 1470 6317
2 6317 2039
2 2265 332
2 332 6770
2 484 6738
2 5318 1654
2 1654 2675
2 2675 2019
2 2019 5234
2 5234 6378
2 6378 4773
2 4773 3752
2 3752 2571
2 2571 4672
2 1976 3448
2 4190 2402
2 2402 2649
2 2649 2996
2 2996 600
2 600 6836
2 6836 3667
2 3667 874
2 4389 1619
2 1619 1394
2 1394 5286
2 5286 6841
2 6841 4684
2 4684 4044
2 4044 692
2 3416 4490
2 5471 5761
2 5761 81
2 81 6264
2 932 3796
2 3796 3870
2 3870 5003
2 5492 467
2 467 1228
2 1228 4111
2 4111 4699
2 4699 2026
2 1086 1239
2 1239 2334
2 84 5980
2 5980 1886
2 171 1582
2 1582 6169
2 6169 5652
2 5652 6090
2 6090 6469
2 5265 1142
2 4374 2700
2 2700 689
2 689 1044
2 1044 3138
2 3138 3328
2 3328 3759
2 3759 5627
2 5627 3818
2 3818 151
2 151 4958
2 4958 6032
2 6032 1712
2 1712 115
2 115 134
2 134 3157
2 3157 3721
2 3721 2036
2 2036 4226
2 4226 6141
2 6141 3331
2 3331 5170
2 5170 5754
2 5576 6230
2 6230 4553
2 5380 3449
2 3449 2609
2 2609 3036
2 3036 3410
2 1641 4245
2 4245 2042
2 2042 4279
2 4279 5210
2 5210 1505
2 1505 4783
2 4783 4915
2 4915 4814
2 4814 2588
2 2588 2551
2 2551 4826
2 4826 5271
2 5271 6798
2 6798 1057
2 1057 1338
2 1231 3131
2 3131 1927
2 1927 212
2 1883 1075
2 1075 6565
2 6565 1082
2 1082 416
2 416 6480
2 6480 4252
2 4829 3136
2 3136 5200
2 3501 3933
2 3933 3474
2 3474 4828
2 4828 1758
2 1758 2648
2 2648 1000
2 1000 118
2 118 4730
2 2967 1488
2 1488 2734
2 2160 2499
2 2499 5666
2 5666 3934
2 5974 6431
2 6431 4484
2 3570 4010
2 4010 712
2 712 5554
2 5554 1286
2 1286 2662
2 2662 6258
2 6258 1681
2 1681 5330
2 3544 2791
2 3730 1371
2 1371 488
2 488 2469
2 2469 3117
2 3117 1668
2 1668 4796
2 1300 5758
2 5526 3289
2 6203 752
2 2845 2225
2 2225 6382
2 3101 2858
2 2858 5859
2 5859 2341
2 2341 5748
2 693 5484
2 5484 3620
2 3620 3070
2 3070 4792
2 210 1945
2 1945 3095
2 2906 1443
2 1443 71
2 71 1043
2 1043 6647
2 6647 5084
2 5084 6997
2 6997 742
2 742 2723
2 2723 2768
2 2768 4903
2 4903 3882
2 3976 80
2 80 4156
2 4156 6375
2 6375 6204
2 6204 5117
2 4465 2962
2 596 6973
2 6973 719
2 719 2428
2 2428 6713
2 6713 1101
2 1101 6832
2 3948 892
2 3417 4797
2 4235 5239
2 5239 1521
2 1521 2308
2 2308 4825
2 1035 3196
2 3241 3899
2 3899 6852
2 2035 5593
2 5593 4058
2 4058 4827
2 2230 1133
2 1133 2311
2 5647 3809
2 2245 2535
2 2535 4732
2 4732 3651
2 3651 438
2 438 4301
2 4301 6926
2 6926 714
2 714 1517
2 1517 6952
2 6952 2212
2 1808 3456
2 3456 5781
2 5781 4308
2 3839 5391
2 6625 6281
2 1855 796
2 796 280
2 1050 4011
2 4011 5734
2 5734 963
2 3600 4590
2 4686 2606
2 2163 1734
2 1301 3986
2 3986 4925
2 5753 3653
2 3653 5054
2 5054 6709
2 4039 5477
2 5477 3391
2 3391 4306
2 4306 3119
2 3119 5187
2 5187 989
2 989 3307
2 1833 785
2 785 2445
2 2445 1227
2 1227 4566
2 4566 2873
2 2718 4823
2 1235 1185
2 1185 4674
2 4674 2699
2 2699 6354
2 6158 1392
2 1392 4066
2 4066 5047
2 5047 353
2 353 6331
2 2450 5891
2 5891 6783
2 2642 2471
2 2471 5646
2 5812 5218
2 5218 6221
2 6221 3947
2 3947 5346
2 5346 5796
2 5796 4718
2 4718 5624
2 5624 6544
2 6544 4095
2 4095 4989
2 4989 4934
2 4934 6259
2 6259 6944
2 6944 2113
2 2113 234
2 234 4749
2 4749 6438
2 5 4410
2 4967 4966
2 4966 1598
2 1598 2058
2 2058 4834
2 757 640
2 640 3528
2 4990 6481
2 6481 4884
2 4113 4762
2 4762 3786
2 3786 6779
2 6779 6159
2 6159 4281
2 4281 5940
2 3377 6876
2 6876 6245
2 6245 984
100 984 2826 2352 1199 3182 4902 3884 3607 1027 5136 5421 1680 4354 893 6614 1403 3207 992 6185 2727 2020 4191 2437 1524 5550 6850 6374 291 6837 1550 140 1168 152 2945 6584 6993 4254 5115 2599 5664 6638 3524 5869 6788 4740 827 2703 2256 5715 5503 4746 7000 5591 3086 1682 4709 1715 4253 2509 1987 890 2743 1319 478 2559 6966 4962 3619 6392 1498 231 5260 6989 1941 4488 5989 3303 3282 347 3650 3199 4136 1895 6726 908 5774 3512 5169 4670 2366 5977 2484 1919 4227 2072 3705 5426 5081 1590 4921
100 4333 5412 2485 4744 1290 6515 6573 744 1459 4355 3904 5794 4475 1645 5425 6461 1666 3865 804 4057 6761 3789 938 8 2099 2267 5259 5308 6916 4536 1381 6086 1230 4932 870 3664 1271 4920 754 4426 4822 6134 3582 6500 6184 6124 3860 4580 5759 185 6661 5389 3013 4263 309 2654 1569 67 2177 6273 2339 2336 4082 850 3802 4146 6862 4413 4883 6888 2495 784 5601 813 400 4866 1365 2493 6132 1147 2702 4360 2806 2457 1294 4098 5074 4898 1733 4246 720 2238 1858 4831 922 2678 6791 1360 3878 2376
40 5063 592 4153 2635 4910 182 1547 6978 5964 1389 4335 4099 4956 3082 1813 4286 6010 3552 3224 125 1154 6877 5686 6250 3644 50 4316 4350 5577 4440 2436 3692 3513 1873 1664 6246 2506 661 3368 1982
61 4344 4638 1794 3701 87 6560 6096 1752 1523 6917 2433 2477 5154 5401 1494 5268 2235 861 3099 5785 4216 6747 3799 5735 6525 4872 1007 1789 5792 6555 5416 4137 505 5690 3576 4296 225 2542 1767 2279 972 2514 2002 6981 6339 5224 4456 6845 2274 4411 5052 3253 95 3551 1137 6537 331 525 3754 5762 6037
19 2804 4665 988 3671 558 2669 2778 1268 5206 1093 4309 5446 1780 6126 6347 37 1369 1065 120
100 4630 4221 1434 1684 2921 4199 131 6947 3360 1379 5675 1980 1932 2512 5194 3310 2660 1951 2811 1322 5537 2735 6604 5898 3335 1064 3059 4173 6129 4916 1964 3137 2936 2183 465 4347 456 2647 845 3931 4494 4522 193 3598 1023 6784 1150 6753 6734 6005 626 6283 5442 660 1975 983 2040 5062 2900 3425 5605 6519 5465 4198 2846 1888 5805 1679 956 2386 995 1926 6880 3887 1303 482 6151 480 5707 2367 968 5423 4423 6160 6180 895 1956 5870 4612 303 3130 4489 249 4047 6495 6196 4024 5093 4562 2084
98 4288 5560 6442 553 2546 4657 422 5481 2204 3523 3493 3590 1291 3538 132 5963 5822 812 497 2420 2217 2006 709 1433 5096 3703 2724 2418 3498 434 5453 6489 2022 6781 5659 2517 2911 4391 5430 458 1866 1596 5511 6608 2531 931 6036 5837 6594 6830 2972 1653 490 2122 383 5804 4555 205 5130 1722 2299 4169 29 452 3567 2443 2508 4711 3358 4462 6324 4683 5991 994 4408 6059 4046 1566 2979 5012 6453 4739 6327 1255 1774 3246 599 3927 5352 2014 3158 3357 6178 3387 5595 407 4230 2555
100 4707 4129 5223 3330 6715 3519 1081 1190 5167 3032 1417 4238 2411 1657 829 6578 702 6865 518 2461 790 1263 2319 3463 6398 1509 5681 5392 6885 214 5873 5552 3943 6205 5447 3693 5264 5606 634 4188 6021 3578 2157 2925 6683 3470 836 1568 2752 4747 5656 201 417 2181 2407 2836 4168 2151 1438 6088 435 2062 3704 1258 903 6165 1659 263 5035 2231 6013 107 6038 3053 429 4548 5377 5023 1095 1445 4371 5067 1675 2729 5246 4420 1928 1149 3962 6482 1595 1706 5137 2318 179 336 5406 2429 5159 3035
18 1478 3984 4693 3974 3408 4041 14 740 6078 2293 5228 6543 3034 2091 6003 2234 4027 470
100 6574 2581 5237 1786 6015 5432 6056 6068 4498 4552 3910 705 79 2494 5452 5173 5671 526 2444 6026 6449 3613 616 6031 1251 4205 4435 2392 2659 3422 5014 5874 256 1021 432 1750 2010 1889 2838 5144 6611 3193 2110 5079 6175 2640 5055 1486 3098 2894 5908 5133 3937 369 1277 2863 4603 5810 588 6596 241 3435 6014 6262 1503 4999 4258 6361 3024 1059 590 4627 1132 4816 6941 3545 3077 6055 1208 202 2784 4280 4620 5514 3877 5273 5261 2942 2825 4112 1151 5349 94 6501 1102 4162 872 6341 5704 6992
100 6914 3177 1667 3626 5953 3405 1587 4821 1909 2955 6710 3518 2474 449 6164 5113 4390 4359 6223 6838 6406 2497 4521 3813 4673 4911 428 4218 1229 604 3078 4896 2156 4983 101 45 6490 1144 1387 3990 688 1479 6459 6524 5069 5321 6479 1770 1649 5973 1761 2018 2239 1157 3883 307 3845 3363 4277 363 5166 6102 6896 1644 6174 28 6108 5966 2456 3827 5112 2511 3411 3407 2197 613 1585 176 5983 5637 4005 1012 2823 27 2719 4680 6572 3812 4589 6670 1636 3858 2813 5132 1202 544 6774 4334 533 1688
46 925 315 6768 2408 4543 5114 5512 5678 5347 3698 2672 4134 399 1529 2184 3014 5855 6428 3776 2602 472 824 2280 2045 126 6773 6571 4331 637 6299 4157 462 5680 5463 5051 4433 2083 78 5001 3436 3629 2210 1816 1572 2396 4295
100 4055 6998 3901 2063 1724 337 66 1106 6437 681 2281 3820 4365 6767 2944 2355 2060 3049 504 3861 4824 3229 3296 6228 1397 1766 2166 2568 3805 2750 540 1797 4700 4289 2631 4588 2064 6827 6539 346 6155 1834 5584 1729 4538 5397 2931 6423 6656 5398 2924 546 5044 5041 1697 2480 3323 1079 1354 5053 2575 3135 519 1036 5111 5015 5199 2812 3800 4721 1728 4944 3676 1925 454 6496 1153 5275 5507 463 1570 676 4968 1242 4196 2466 2309 2787 1370 4028 133 6968 3147 973 4202 4736 6301 5789 3314 6626
100 6650 3572 3064 728 2797 3305 4003 5798 4305 6171 186 1736 1573 4012 5661 6662 3334 6041 4942 6790 475 3959 4250 6542 326 3922 5556 2994 2472 5651 4808 5531 5280 3774 2895 4945 5629 183 2439 4893 6548 5775 5689 3588 4750 5253 1278 4528 2638 6962 2885 4247 6874 387 2653 2138 1129 6658 643 5645 6388 4342 6551 1282 6057 837 4564 3929 1597 5850 2193 2628 5701 4853 1378 1120 6413 6523 5540 5488 1567 3944 6807 2755 1588 3905 255 1872 4807 711 6274 1309 6233 2032 4760 2108 671 3851 5663 216
51 3577 4520 3000 6157 543 162 6309 65 352 6154 3206 1028 911 2966 2278 1141 2884 164 3215 6064 6 6333 1016 3556 2974 6559 5545 3726 4602 148 1299 4577 1475 6020 1921 1650 5684 5472 941 4998 733 6743 391 3298 180 6085 4478 515 4592 1304 4022
100 3174 2447 3716 6242 3540 1100 2360 820 933 6475 2130 3209 74 5125 4819 5413 4356 1527 748 5146 521 158 2075 4768 1463 1089 2423 4646 3666 4367 6197 3432 1860 5919 864 5513 2808 899 6294 2538 4178 5799 4004 1730 1800 5944 2956 3876 3715 2975 4574 233 6487 6527 1655 5007 5658 3853 6023 3623 5518 4584 6895 38 6179 3785 1609 3684 2246 3740 4900 2269 4512 3874 923 4319 522 672 2601 1810 6982 5699 5815 379 4251 5448 4439 3723 2976 6980 1414 1364 6861 6881 5532 821 6988 1691 5957 5773
100 610 764 2297 377 5522 5888 6292 2872 5782 4818 413 3437 2671 2300 1876 6485 739 4943 6593 3160 4608 5883 5504 4837 4787 3838 2749 665 4109 5979 4806 5207 1762 1842 6567 3381 412 2186 4233 3273 6499 6858 5058 6434 5208 1191 6737 4061 4269 1877 2047 5164 4880 4556 6386 4506 4545 6637 4376 3694 3979 3018 575 3476 5363 2761 645 6099 3293 4817 6883 6297 1240 6821 3473 5345 4859 254 4561 360 550 2252 3596 2259 5192 3659 1683 894 3863 3156 2096 4569 4029 345 5407 3233 2401 3210 704 751
24 3434 4139 2272 4336 5418 1518 3814 3791 761 2069 3369 2016 245 31 6089 1802 5106 2503 3116 4610 1074 6183 1790 98
18 5065 3960 608 2593 4849 3712 2375 3568 1799 5516 6210 3707 1704 5129 3742 3466 5586 3475
88 5924 4985 1076 3485 6191 500 1526 5997 3343 1252 900 1336 6149 4641 9 1642 6561 3768 6248 2348 354 5319 6383 556 4579 5277 6236 5711 1053 5309 6306 6603 4526 3097 4457 5231 1117 4393 5725 1711 5787 803 652 4643 3217 2580 6564 2287 3804 197 5894 2656 6219 244 3347 1024 2518 3065 1047 1990 3271 4373 5180 6019 4417 4108 4452 3085 6295 1532 3329 6279 4487 646 5247 5182 3312 1458 2314 4165 2356 5724 2626 3992 5293 93 1001 1189
25 6696 3421 3928 4895 6771 580 2463 1611 781 3597 6538 1473 912 2223 2424 6805 2182 532 896 6065 759 563 3728 1607 1171
59 1377 554 4180 5922 3857 6680 2595 4284 2435 4267 6232 6263 4508 4973 5212 3913 3615 6143 6192 5882 6410 2347 2901 2916 2240 6359 5483 607 5435 5388 1456 2395 674 113 4917 6964 5806 6786 5195 61 4037 763 4659 662 6913 4894 5353 1262 2338 562 6110 5331 1914 3280 6411 1382 3591 5851 6441
24 5910 191 3823 6241 3795 2869 3953 4953 2938 4671 3248 5190 5209 1172 4779 1502 716 2796 5005 2426 1539 2344 219 3080
36 2077 1954 6291 4379 2740 710 6855 3081 5385 228 767 2159 3616 4086 3587 1267 2876 715 6681 3952 4532 3112 2544 5077 4176 5985 788 63 649 4716 1163 40 3353 5186 682 2520
68 3570 4325 2114 2926 1264 5803 286 3738 6095 320 4525 1965 4020 4645 848 3794 5414 1793 5110 1416 5771 4648 1536 5619 5143 4324 3972 5489 5683 5467 5947 3124 2769 3294 5650 1279 2850 1963 4448 3661 5623 3673 2289 1962 4756 6673 5099 415 3599 4647 6200 6959 5075 2203 3491 4918 5119 6939 5313 3807 2874 4715 3204 2492 1485 4969 3511 2067
18 5576 1859 5679 4187 5784 424 5890 6186 5220 153 2534 3009 194 729 5089 6240 1174 4032
100 2843 4107 460 884 3739 386 3655 2458 215 4203 5569 2071 2074 1293 6332 1805 3844 5496 4346 5088 104 5639 4132 3816 17 5702 2070 2687 2377 6009 1192 2345 4848 778 1237 1272 2550 2536 1735 527 26 2066 6224 145 1862 1743 3441 6401 298 6953 2534 4122 1041 1184 2398 1090 6486 3185 3801 1324 2153 2454 4115 1407 5655 1564 2644 1424 3264 5266 2896 1326 886 445 3533 2620 4049 4547 1077 5937 3279 2481 2596 6674 4644 4557 2313 4285 5744 6610 1026 2432 2327 4605 6869 1193 3751 2258 4505 5585
32 52 5036 6963 2213 5411 4633 6901 5395 4840 6280 3563 2516 2431 5535 3468 1850 6418 5530 1489 2612 2089 5641 4228 6313 3278 760 5862 953 5324 6740 4461 6109
100 1260 1056 4265 5817 4069 1864 6477 1069 1165 6794 1195 6199 3729 4862 2982 1792 3477 5085 5470 2576 5193 1442 301 1912 1388 1626 2329 3737 4634 441 3565 1359 1200 3041 3142 774 3989 2255 6657 6407 2295 6161 2742 6229 121 408 732 6529 2781 1178 4549 2722 3987 6172 1472 2174 5618 3745 1078 2680 4358 5642 138 5175 3424 6234 4781 2903 2353 2835 4469 574 2343 2958 5943 1049 4907 1719 3108 6612 7 3333 4040 32 1287 4050 3412 5993 1849 5826 6818 3741 1896 3777 5600 5469 3121 1223 4368 1033
21 1674 3173 300 4784 4719 4780 1038 775 3967 2283 2139 2881 4772 5900 1647 3595 1109 6451 3393 4654 4340
100 846 4166 262 2397 4349 567 4766 296 1481 2127 1096 3920 5031 3727 1256 2907 1535 1169 651 3332 5278 5933 106 6745 4213 4769 2902 1594 474 905 5150 5244 3390 3497 6104 2449 6724 90 187 3114 6193 2821 6887 5615 5598 2337 1072 4937 6946 396 860 736 6802 1924 5760 6320 2381 5379 4615 5824 1128 3622 330 366 3668 60 1648 5327 1492 4625 6458 2898 2528 6864 6550 72 268 3344 6450 3767 5249 3250 1006 6127 4207 3632 795 5482 5474 5495 1970 805 667 6778 3938 2585 3735 561 2209 602
100 798 2805 2005 5636 6756 5222 2196 3426 718 2389 3442 5468 5541 5602 2473 6432 2798 5295 5427 374 4992 5500 2540 5708 2172 2191 2587 3569 10 1749 236 996 3122 295 5034 5157 1476 4731 3002 3284 964 6678 4185 402 2714 4466 1528 4392 2034 6506 1295 5971 5867 3766 3269 3258 2841 6619 4650 5778 322 3168 766 6886 222 955 985 487 6663 6547 5738 23 5040 1244 2730 1071 3042 2285 4752 1173 4133 2738 4745 2950 6925 6623 3444 6931 6029 6521 4220 5779 3145 6305 6121 3817 1879 3446 3906 6907
100 5648 1562 4714 477 5579 5688 1930 3541 6935 3841 25 5673 6028 5010 2290 4598 809 6303 4856 2406 1462 1899 971 3691 4088 2957 3685 987 479 18 5946 1325 3915 3583 6815 6955 4653 4517 1127 4685 6330 2773 4655 3317 1112 172 4725 2082 3939 4052 4578 5080 6511 6335 6690 1992 3682 5885 1170 5022 6910 1747 5649 3687 5177 929 2132 5372 1198 5490 3756 4214 6751 565 2757 738 657 6314 3056 2629 5528 4404 1777 1943 5925 453 4652 4706 35 5772 2657 226 203 5059 5123 1881 6069 1176 5017 5315
91 2633 5633 6238 5029 4877 4980 4414 670 4912 76 11 3731 2094 3409 1305 2807 1906 1351 4240 6870 3850 3935 3004 4442 6289 5840 3499 3230 4495 6760 2789 3005 6505 3326 1713 1249 2317 3683 499 6206 668 1061 5475 644 5788 6659 4571 5694 4204 6707 446 2086 4649 1449 2695 1830 2229 6011 1811 1005 5251 6860 6599 4676 3665 771 3267 1315 4471 2592 4534 6092 3912 5255 658 694 2482 4479 835 1627 6483 3771 5145 1099 802 316 5691 999 2268 1250 473
76 873 4861 2954 3515 3221 5929 5527 5018 2173 5741 3427 5178 2744 980 6371 3834 1115 2745 6595 1768 6693 4688 4640 5163 6824 5120 6930 3521 4617 582 4815 4064 2260 4383 2713 364 6526 5902 5941 6350 6699 2498 2095 6144 5732 6957 4576 4396 5622 3285 5236 2799 6950 1549 2556 2883 3549 4297 1497 5499 5387 1155 1454 3837 36 3645 3374 3213 4182 5009 2487 2865 750 4307 1246 4931
100 1883 2221 3658 243 4720 5410 570 3201 1253 6669 2688 523 981 5769 2033 6235 700 6125 5357 1261 1125 2861 1512 5282 3885 6999 2187 1545 1603 6702 2879 2625 1131 5914 4181 5909 2100 2004 635 1885 3143 5354 4570 1045 2870 240 1690 4984 5381 1358 212 2670 5917 2552 6138 5456 816 5061 1574 597 4103 2247 564 3946 1702 2961 3301 1581 2403 6701 6775 6711 840 5846 2731 6915 6762 4701 5151 3288 4075 4369 663 4042 3680 4976 4287 44 168 876 1114 3648 2500 260 2679 89 1310 1686 238 4403
86 6465 411 317 2502 3772 2031 4131 639 1651 4527 3526 4232 5311 4283 1605 4689 1179 5533 6267 3994 4500 4110 2333 444 6814 159 3829 1836 3392 680 2097 167 1409 6562 3930 2241 6201 5942 4568 1571 3681 904 3649 1465 501 1110 6868 1398 6419 261 6909 4782 5462 3811 3027 5901 6173 3362 887 207 6808 4021 1867 1245 277 1939 1638 1851 2720 1875 4510 2362 2088 1204 5252 601 2120 4441 4904 5196 4464 577 2759 4147 1167 6601
18 2340 6954 3180 2856 5048 4722 6053 3897 5184 5821 6312 6120 3635 289 2751 6646 6905 4472
83 2123 1779 4632 5728 2990 3300 1635 1177 6000 4879 6823 2419 1306 4656 2206 5028 1022 6894 6589 4687 75 6720 2726 1969 1162 3641 1087 5082 2451 2358 6286 5706 2565 3702 3069 1206 5780 6986 6467 1959 4542 310 6806 551 3831 628 5833 6399 5587 4777 2989 5896 2462 3762 5791 1143 5880 6940 5521 3218 1901 1234 5567 1422 1055 3240 2842 2915 3399 4933 6017 1146 6754 1393 4060 5454 77 3550 3079 5825 3825 5534 4799
100 3749 3522 4256 6395 707 4200 4427 469 2373 3128 2349 1493 143 4476 1280 1717 1723 4696 2371 2301 1981 3450 2412 2081 6131 5171 6276 3880 6253 862 4710 4357 5343 4666 3149 2521 2864 4930 524 5415 6719 2134 6016 3654 4509 1145 568 3251 3881 5856 1575 3784 5992 3714 5350 4622 2078 1832 2170 321 3503 6075 450 3295 1269 4294 2833 6012 3536 5505 5621 6070 2652 5717 1211 3457 5676 2889 6533 5538 55 5333 1350 5284 2162 3120 1580 5884 1427 1534 3469 6202 1471 1892 3208 6685 4338 6921 1405 3325
100 4978 2897 3537 1599 493 6945 86 6518 3775 5131 1216 6249 5408 1460 33 3083 852 6103 157 5975 5127 713 859 367 6097 3384 297 3033 5757 4276 6652 2526 1066 6903 6368 324 3219 879 5094 4275 4480 6115 3025 560 5147 1094 6107 2180 1694 1739 2712 6863 5617 6468 1913 1515 5000 3074 5934 2852 6563 5142 1565 1947 189 5845 4491 6648 800 3165 6376 1148 3398 2037 3527 2125 2452 3500 3046 5536 2059 1718 6321 2665 2753 2079 2622 4310 528 4421 573 817 1225 2815 2767 5549 3020 4397 1871 1710
95 4852 2208 4928 2194 409 5422 906 3893 6777 4531 5105 717 3822 3054 2030 1466 5279 1778 5632 5168 5004 1865 4437 4290 4409 96 5438 3610 4470 1423 2244 3139 4572 2263 318 328 4087 275 2065 3073 3940 2275 509 223 2351 3352 122 5960 2623 103 5476 6582 5386 2711 5638 5049 655 1592 1017 3482 2505 5723 6725 2567 5643 4802 135 571 4751 5820 3037 6643 381 5700 398 4776 1500 5931 1639 5348 2862 6473 4073 3769 3211 2963 3094 3205 3914 1404 6512 6403 4691 2584 5148
100 144 2904 5274 3460 2012 6385 2686 4938 2692 534 2227 127 4155 5384 1974 4151 3132 4428 4053 6364 849 727 4171 2790 5433 6497 4372 6372 842 6635 258 3186 2710 4443 2537 3700 1366 5087 839 2029 3525 6629 726 5008 2459 492 916 3561 1194 5625 5926 2712 5984 6353 4429 6994 430 998 3584 6609 1542 2776 1004 1313 6938 6217 2479 4698 891 2346 5362 6732 772 3836 5999 1839 3364 6728 1316 2323 632 4631 1461 1923 2261 3555 936 4717 735 174 273 1563 6429 1511 1744 2834 3889 4385 2501 5823
100 3101 53 3351 3808 4215 687 4388 6080 3318 119 6087 2115 4313 3916 5783 2960 3287 1415 598 4212 1396 250 3697 3348 578 351 2591 6290 3628 5162 1091 5768 5257 4473 5152 491 3773 927 3780 1408 5852 5241 348 1628 3862 1952 4268 5978 4407 6517 156 266 770 5583 2383 552 495 1329 2374 6636 3129 4361 4128 1804 2786 901 6355 4366 2008 4607 4008 3605 1903 2545 2400 5458 2614 5982 690 5814 1678 4458 1372 357 99 664 1375 2636 2190 3895 5045 6153 2818 3019 2028 594 2015 3100 2860 4163
100 1977 4071 5203 6004 165 1116 2491 5612 2384 5369 3852 4025 1991 5990 4668 3924 6712 3257 586 6566 6598 3755 3192 5695 4051 6257 5078 3397 6466 1784 1579 779 2405 1740 4897 4164 2142 3315 830 4554 4446 3815 6682 220 1399 5289 2382 3969 2577 1123 2513 2997 4453 2978 3373 3430 5181 5160 4507 3949 1487 3566 828 6825 4892 1561 5928 1971 5644 4318 1495 2715 5466 4455 5730 2717 2354 1737 4833 1558 5498 4141 290 1435 5705 6534 4835 461 4326 2857 5509 284 1983 6278 4444 2000 2093 5952 633 6919
100 259 1362 2249 6736 306 5970 3388 3183 4386 1961 2109 3051 4142 2467 4924 2541 3965 70 6502 5033 4544 6960 287 3365 251 6340 2655 4530 1018 3483 1922 5304 4619 4291 3921 2682 397 6934 1156 976 5793 6844 6472 3955 5140 4026 3118 4234 5682 520 4996 2827 2387 4477 6942 3071 4154 6667 3678 6316 3495 3254 3604 3494 5816 1368 42 123 224 2868 2637 5310 4759 6679 4842 1513 4813 6741 6045 4628 3509 5565 5697 2510 2321 6977 4529 3557 4726 1254 5068 6122 200 1158 2104 4018 1238 3888 6687 5564
43 4083 2995 6513 293 6225 2793 5831 2073 1822 6871 4384 1617 6226 5832 358 150 3748 6402 2801 2021 5930 2359 4293 3007 2519 3636 100 3443 2927 3419 5165 2553 3828 6859 1008 2619 5935 5897 3389 6063 4669 6984 1186
100 5373 3803 489 1738 625 420 1105 2937 5972 2273 5502 4927 6531 935 1213 537 160 5037 4771 257 2643 6215 2561 4079 5553 5046 1025 6260 5156 6694 6763 269 6357 3319 6985 5976 1604 2090 3856 6749 2192 1973 2525 6111 6427 6840 3983 4601 3378 3262 4225 4257 782 843 3757 206 5736 3022 1936 2232 6177 5578 620 1843 5479 3029 5551 3226 825 5766 3031 5597 6047 5335 5272 3559 3076 3187 1361 4723 4863 1323 1821 1356 3660 877 5027 3875 960 6796 19 4177 1616 2839 34 514 3431 5104 4422 966
84 1035 4197 6967 6194 853 3063 6018 56 1111 6723 4851 2694 6649 3546 5153 1314 3245 3274 62 1634 3418 531 58 2572 3261 1504 5786 4789 481 6344 4786 3479 832 624 1553 6536 4964 3535 6846 466 819 5662 6616 3720 2080 5102 686 5121 5747 5959 2913 3602 6809 584 4599 648 3216 1346 6189 4090 6769 161 5575 4874 3198 6634 1845 5892 1782 2448 4845 826 6093 5948 2980 1092 1796 4100 3792 218 2271 6949 1856 6116
100 3345 334 5573 1010 6833 173 6735 5128 46 3003 3275 678 685 4377 6112 510 4994 2527 6239 3618 3464 948 3891 3154 1652 137 3869 4661 4890 4559 1501 2777 2970 3725 3451 6167 5138 4091 5473 1276 1406 1218 3564 1014 371 2529 2050 2829 6213 1661 2683 2393 1643 1696 5835 154 1383 2144 3361 2118 1525 4860 2532 907 5248 1915 439 6216 4033 3171 3627 3872 5958 6640 1373 2430 3115 3367 6834 6826 5657 3239 5141 4217 4497 882 5731 3090 3163 5918 2465 979 3428 5305 3222 359 6387 6698 856 2764
100 697 5864 1725 6284 3447 2830 2701 1916 5116 4299 117 6287 443 3942 6336 4518 4846 991 1265 776 457 5721 6733 4611 5996 6346 5740 6046 4172 4034 5103 3750 4117 68 3624 3106 4753 793 2312 6688 20 1995 3562 4651 1107 5620 6128 6990 2414 4170 3871 2548 6951 5174 1203 3107 6243 3560 3162 4089 1920 4378 3733 2986 6514 2681 5570 5719 5365 3341 3530 4960 653 3908 5292 5795 6094 6892 1496 124 6156 4449 2326 4380 920 271 1402 6162 6137 6412 4705 1331 2409 5322 1820 5710 3810 4450 285 2048
100 5492 3467 6363 1676 1745 1482 4370 139 1429 2053 1946 638 3406 3088 4395 4690 4312 3327 3621 2783 3778 831 3375 195 3179 1958 3123 6706 2641 5021 2766 442 2068 5030 3471 6645 6211 5306 2098 4329 5364 3423 5441 4138 4023 5024 2922 2933 1806 5188 1468 4030 5459 6118 6628 3039 6759 4810 6848 954 3478 1015 3386 3 3843 854 6390 6857 1352 3067 974 4031 6265 5967 6717 1491 5548 4402 6404 6764 5582 2573 3662 1063 1772 6272 6639 725 508 2832 2605 6813 2410 57 1708 1861 3484 1412 1753 6579
44 2992 3672 1646 2200 4097 6801 1058 343 3043 2583 3420 851 4001 587 1544 356 2161 4094 6397 4954 2708 1773 4581 6660 1270 741 1999 4798 6617 4062 5998 1034 2057 1274 5269 4123 6810 3235 1853 1420 2175 6444 455 3346
66 786 3547 344 4353 1803 4278 5813 2141 6304 6782 1103 3015 2590 1726 5950 945 6436 5801 4727 6421 6393 21 1135 6607 2886 4839 3316 1073 2041 3297 721 88 765 1317 3531 4077 1693 2882 3178 1902 2795 110 5571 3679 1134 6920 5232 4189 1138 2762 2199 2316 1984 4237 6022 5542 4415 2953 962 2357 3686 4017 2971 4255 5881 918
31 5382 3746 2363 2365 6066 4208 2696 1308 5838 3542 3141 3372 555 2691 4550 1807 5302 6254 3695 5543 990 6772 2919 5336 6684 2306 6049 4482 1556 6024 2816
17 5480 4616 5149 5254 642 5599 6035 3189 5109 4401 1051 3339 3710 1181 993 3890 4468
76 2245 6792 6308 5501 2932 3782 967 5777 3227 418 1440 5923 2350 6456 1113 1967 1140 6422 986 5525 2236 869 6873 5071 5317 1721 6033 5868 5451 3492 2049 1897 5912 5370 373 1480 6360 4045 6133 4292 5155 4959 3010 1621 5847 1020 6800 2814 6181 2952 382 6282 536 2666 3592 5713 5066 4795 6492 6261 612 5634 4492 4899 2709 2524 1345 4613 108 6074 4587 2211 6884 4941 5429 401
97 6787 1929 5464 3047 1401 4116 5848 5529 1097 2228 1576 3966 3265 5969 1891 3238 2266 2 2133 6879 5291 2296 6105 5878 1857 2342 5039 6067 3925 3259 3012 3212 3708 3961 6897 4152 5871 3639 3016 1986 3087 2616 5750 6334 3722 1340 431 4434 3228 129 1118 299 801 5197 1949 6208 1451 1215 636 3830 834 4702 342 3413 3125 1450 5238 3172 6689 1882 3926 3744 1367 4881 3234 1224 54 2604 1870 762 5230 6675 4965 2851 6001 2582 5936 1333 6552 2940 6083 4019 1108 5520 2748 6554 2624
17 2330 5770 3554 4812 3617 5588 1339 6508 3309 6553 129 3675 1798 1328 464 91 6269
100 6158 4076 6365 6498 6503 4412 3023 4523 5285 5135 3909 3272 294 1531 2483 433 1330 6586 3292 2566 2242 2233 5403 6613 4127 155 2251 5221 2291 4988 2739 4929 5672 3896 3299 283 6730 630 6803 4158 4 3798 196 1868 4093 1457 6795 3030 2504 3481 6354 1385 3008 6752 1840 1341 659 213 6345 1152 6995 5409 6718 3630 5693 2563 4664 2460 1555 3404 880 1818 4888 2968 4728 459 3066 3995 6052 3144 1933 3574 2698 312 3936 6606 6908 1624 4761 3440 6797 6323 1968 6849 6766 6686 1557 975 5444 6692
49 3948 4788 3306 5876 1630 4211 6765 4540 3508 1612 5745 6247 1760 4125 3840 3866 3980 5572 4734 362 1446 4314 6256 3496 4541 6832 5256 1765 4514 1011 2891 6163 3510 2171 5374 4748 2597 6581 1507 6822 5829 5635 696 1327 5590 6828 5755 4539 535
100 3859 1898 3586 1400 5227 4260 85 5060 2880 6961 654 4871 4951 656 1257 3006 6804 4242 1978 797 4304 3534 2569 6145 2923 5665 6600 3640 304 5298 4013 6509 83 3907 4059 2611 1671 2920 1940 4067 4206 3103 2427 5994 4854 6923 1714 3414 3433 1122 1751 6370 5183 3040 5026 3249 3438 743 64 603 3057 952 6580 2276 5733 583 506 6996 2368 1560 385 3868 4735 5445 2634 5367 2912 3647 5764 2645 2179 4639 1640 1537 2721 6958 2594 5797 1499 3395 361 627 4183 5751 1771 789 2055 917 6462 4261
100 2689 4519 4219 4809 6799 5457 4982 1297 970 3252 2385 6244 6130 82 2871 375 4432 1908 810 5434 4940 4431 4873 406 3919 3304 5267 1763 5839 4343 2046 5189 4167 4811 6653 4775 888 5720 3886 1900 5134 2044 5954 5076 2328 1847 3336 5562 2024 6630 248 1241 5802 4774 6150 5718 1391 2564 3302 4248 6520 1633 2908 5344 4606 5329 2949 4174 6379 2557 3879 6558 5858 1673 6785 1608 5592 2294 4565 502 863 3558 1602 4694 3453 6106 2948 3867 5025 4551 4337 5677 2607 6820 1893 5340 2399 3923 1741 5616
16 2906 1998 3356 2760 5626 815 5449 4317 3366 3166 2914 2332 756 3028 997 3127
100 3520 2226 6843 2918 1139 3465 5390 978 5539 105 6583 5091 6460 6380 2322 3148 799 3011 3461 302 4394 178 3486 4790 2987 2855 2981 4922 3370 3072 3026 5698 898 4445 6651 5508 1209 1413 2608 3657 4626 937 2490 3170 427 355 6396 4072 2558 5938 1520 3581 5749 97 6266 2013 378 1070 6493 5358 6081 4143 2685 1942 419 393 581 4320 6644 6484 2746 2754 6811 448 1781 5911 339 6310 3276 1296 5332 5674 437 2284 5262 3514 1584 5510 1236 1031 4078 6433 4604 4419 1483 116 5316 1201 1960 485
100 4703 1318 4971 5808 6721 2195 5610 4754 5243 5604 5312 2560 6528 1538 3517 3291 6446 1755 3956 2370 6972 6337 6315 1979 6739 3188 4201 476 1894 1742 2178 2165 5281 6051 292 1431 1746 175 1905 6936 4085 5098 2716 6077 753 6714 2928 1418 4259 4757 3214 4738 2250 4844 749 2310 6091 1510 2618 6522 2441 1212 5314 768 3950 2158 2747 3753 4712 5204 2993 6358 2302 6557 319 4451 169 3787 1935 3892 3793 3472 111 5524 1506 4765 190 2988 2831 425 5828 3971 6119 669 838 264 5866 3833 4118 265
100 128 221 3200 2218 2887 5240 59 559 5563 6620 1411 4145 404 5574 6394 5834 4114 691 703 1221 2705 4981 6627 6624 2765 1620 1852 5056 5201 4194 5402 5939 6440 4681 447 6389 1955 1088 1907 730 3247 4236 4130 5205 325 3338 4803 2434 3382 6872 1032 5228 6969 2335 3612 308 2111 4729 4241 4679 4332 1783 2844 1809 4499 4515 914 1302 5440 1814 3458 6983 4948 595 4244 4986 4362 4302 440 2847 2148 6338 2780 3797 6417 2586 3359 4345 5172 6114 3855 6474 957 2673 335 1586 5326 883 6352 4270
100 4303 5334 4516 2009 2985 5011 1439 141 3743 857 6491 1601 3202 3452 2103 6302 4328 1180 368 2394 2792 3060 919 3055 695 4741 2910 2470 5986 5417 2128 2934 6532 858 5546 5073 4375 6705 5072 3847 4939 177 4886 4282 3429 5437 311 2676 5557 4400 791 6039 2421 5126 4767 6641 4298 926 833 4908 4009 1540 511 6322 4575 2137 4629 3717 1707 1874 5660 6708 392 3670 3968 1119 5763 1048 1948 5703 5904 5872 3999 2674 5211 5712 1259 1284 909 3394 6351 2704 3134 6757 3396 498 2425 4847 5263 5338
33 4175 6744 5450 4364 3573 5628 5179 5339 1126 4424 4805 1046 5242 247 6222 3255 6218 6072 4483 3696 855 538 1748 5737 699 517 2828 6400 2167 3340 2579 2668 1938
100 5647 6817 2003 2056 5613 2052 2051 3281 4975 6918 949 2650 4952 2964 5743 2664 3689 1196 2946 5566 3480 5722 5043 3900 5842 4800 871 6471 6311 6430 5752 2391 5800 1533 6220 6987 3652 4546 3048 209 4068 1207 3832 3964 5107 4454 4558 2216 3266 1846 2311 4485 6326 5070 6420 1222 217 6882 6342 5915 4416 5631 5478 5523 6079 4946 769 4056 237 3941 4222 4382 1614 1541 1376 5393 1098 3415 3184 6812 6605 4043 4048 2152 3997 6691 2999 623 2147 6676 6875 6494 6697 3401 811 41 4149 282 4850 5506
28 2810 3970 2101 1841 3126 1917 1508 6113 6976 4274 5424 5428 4667 2947 5006 3175 2085 780 1997 4885 2143 4438 1067 1838 3711 5461 745 6488
100 3677 1453 1052 12 1613 6592 1631 1432 5032 3113 2837 865 232 4791 1660 5405 3487 629 3688 6568 2866 1731 451 1447 1957 734 3058 4063 2076 3354 2770 1699 1175 4637 6545 1522 2379 6135 3761 2496 5951 1837 2615 5233 2892 1732 5283 6929 1285 5965 4381 1464 794 2135 130 777 1918 3263 2380 1530 6187 5400 3713 722 3062 4600 2909 3400 6937 5320 1863 5729 1337 2941 109 5038 6195 4594 142 5581 3706 3290 1386 6665 4038 6098 6007 2578 6927 6377 1159 5849 2254 1104 3488 3075 946 4271 724 5404
84 6666 4742 5158 6829 3194 5670 6700 181 6704 1247 684 4794 4081 6971 3190 6084 4870 6147 4636 5667 1226 5921 2154 1720 5487 1436 579 2121 6343 370 1788 2102 4486 4504 4864 4697 5726 3133 2092 3806 2589 4363 3848 426 5580 267 2794 3734 4995 2168 1490 4597 6076 4855 6212 4763 3532 4764 530 1606 4016 6285 650 6530 4229 1670 2875 5981 1911 5431 773 2372 513 2943 423 4533 6455 4820 6405 6050 4144 6043 930 4586
96 2176 1623 1519 1266 1591 847 2105 4327 6746 6621 5877 2438 2298 1062 3575 380 3988 3084 4101 3854 5709 6722 2733 3790 16 3593 4104 698 6142 2202 4997 4832 3553 1787 5907 6443 1349 1759 6277 2658 2627 2809 708 6597 6146 184 1546 3001 576 2243 3998 6391 3594 1577 5696 403 6298 4935 5219 3322 4692 4224 5494 2646 1469 6856 622 2929 6731 3092 5250 2112 844 4583 2772 1281 496 5042 3243 2697 4330 4993 2684 1637 808 5342 3383 611 3996 192 3543 229 4501 1844 2939 5962
16 4614 924 6991 4406 5955 1854 3663 6328 1444 5742 617 3548 1769 2802 4121 2413
59 512 2984 4537 3760 5288 3819 3917 2478 1785 1355 2422 2822 6842 6166 6452 1283 1421 2248 227 2361 1353 1430 5213 384 5614 5185 6793 3918 1160 814 5229 2712 2017 3159 6034 6271 6062 1972 2440 3637 6369 3954 2027 136 4585 4563 6847 5765 239 3603 4460 1754 6349 1615 6504 2543 3350 2455 5216
2 4949 1335
2 5841 6448
2 3824 2623
2 6661 4843
2 965 3093
2 3871 436
2 6415 1032
2 3614 3502
2 6448 3726
2 3175 4623
2 5214 3846
2 3973 2562
2 6677 274
2 5191 73
2 6268 3385
2 4793 2707
2 4000 6618
2 2185 4838
2 5903 245
2 5819 2145
2 4243 3260
2 4481 2523
2 2570 15
2 1214 6911
2 5092 706
2 6535 3642
2 2606 6367
2 2969 4102
2 4889 5101
2 1934 6924
2 5987 1054
2 5064 5460
2 6618 5086
2 6932 1801
2 5748 693
2 1220 2534
2 3993 1665
2 5819 1042
2 5378 4193
2 2307 6618
2 5913 3747
2 5646 2488
2 1307 3191
2 5100 783
2 6510 6654
2 2257 483
2 1801 6577
2 5974 3934
2 4300 4624
2 7000 5383
2 2224 3531
2 934 3220
2 4868 6877
2 1618 6618
2 6668 5383
2 4096 3539
2 2824 6703
2 6755 248
2 3835 2737
2 2205 4593
2 208 5827
2 4923 6275
2 6902 4571
2 4970 6616
2 4553 5380
2 3580 5090
2 6588 5491
2 787 2763
2 6414 3191
2 4096 2315
2 910 3151
2 6750 1312
2 5893 4223
2 4662 3244
2 6418 5692
2 928 6366
2 585 897
2 153 5754
2 5265 6469
2 7000 5270
2 4677 3809
2 1826 1672
2 2207 1757
2 2741 2522
2 2417 2054
2 3528 4990
2 4825 4970
2 4035 281
2 6819 3110
2 6210 2237
2 4957 3313
2 2198 5906
2 3021 2061
2 5694 6231
2 3871 6255
2 4977 4972
2 208 867
2 6587 6373
2 5608 2169
2 2598 1829
2 619 822
2 549 6776
2 5389 3140
2 951 4609
2 6904 2489
2 2136 1205
2 4264 1716
2 1514 5653
2 6002 3505
2 5108 6008
2 2849 4179
2 539 5299
2 5889 2043
2 2630 1734
2 1887 1363
2 2146 4257
2 349 723
2 2881 5097
2 4126 5987
2 1187 5908
2 5545 6748
2 3601 3038
2 3846 4868
2 609 6549
2 6839 1583
2 323 6853
2 6060 6642
2 3223 5396
2 1289 3439
2 3454 2873
2 2011 2140
2 3957 585
2 547 6549
2 2270 2286
2 4596 576
2 6738 1988
2 3220 3529
2 1395 1289
2 5235 5361
2 641 673
2 5383 6668
2 4660 2549
2 3380 921
2 2324 6296
2 6348 4092
2 426 4106
2 1828 6061
2 5296 3709
2 4889 631
2 1692 421
2 1887 5516
2 5276 1559
2 2888 1085
2 5455 5941
2 2468 1629
2 1855 6281
2 3150 2651
2 5818 4399
2 6470 1154
2 4996 6633
2 4348 557
2 4869 198
2 2859 3614
2 6898 5299
2 2690 3839
2 746 5368
2 3864 2997
2 6042 4704
2 5653 6816
2 3459 3105
2 1161 4876
2 2222 4002
2 3283 5215
2 6948 2087
2 278 3674
2 6424 1474
2 3270 6516
2 2149 114
2 4878 1217
2 6854 341
2 2023 619
2 6039 3764
2 4738 426
2 5209 4321
2 288 1756
2 2967 4730
2 6664 2001
2 2998 4909
2 6425 4905
2 5687 2827
2 2450 6331
2 5754 1698
2 4834 4785
2 390 6632
2 4272 6237
2 4124 2775
2 3656 3197
2 5608 5727
2 683 2763
2 2706 4957
2 940 6382
2 1187 1817
2 501 5841
2 2598 2155
2 274 3349
2 823 6058
2 6136 2415
2 3313 5932
2 783 4124
2 1380 3894
2 4695 4591
2 4120 4503
2 6415 5807
2 5376 4913
2 5375 4909
2 2522 5640
2 1 3459
2 5865 881
2 1829 4979
2 2364 4425
2 5887 6716
2 6426 606
2 5303 982
2 3982 892
2 1994 6835
2 1828 2215
2 6148 276
2 272 4007
2 4957 5687
2 1456 1817
2 507 4463
2 505 4006
2 2617 6716
2 4974 3730
2 818 2106
2 1068 940
2 4737 1622
2 5889 2917
2 341 1441
2 4106 350
2 6027 3581
2 6061 5258
2 4243 3153
2 3242 545
2 3581 6101
2 3195 1040
2 5337 198
2 5359 51
2 3507 3951
2 6457 5746
2 1166 6251
2 5420 1374
2 2533 410
2 2530 1575
2 1248 5003
2 1425 2534
2 6668 593
2 5790 4184
2 5594 2725
2 5446 902
2 5080 6948
2 1775 1068
2 1677 5727
2 1380 4836
2 2018 2951
2 4084 6318
2 2155 279
2 6789 3747
2 1931 233
2 394 2651
2 3237 5526
2 6416 2917
2 3779 1343
2 878 3342
2 940 471
2 6270 2803
2 5122 3507
2 1039 6928
2 2663 944
2 6255 5118
2 3220 5640
2 807 341
2 969 2867
2 5827 3176
2 4273 1054
2 5117 4465
2 6671 1791
2 3638 4381
2 471 5853
2 49 126
2 2888 4574
2 1273 1629
2 5844 3286
2 2959 589
2 6853 5090
2 942 4119
2 1593 1641
2 3096 6585
2 5818 6853
2 6044 6435
2 1273 1629
2 5420 1205
2 2507 5905
2 2849 6476
2 747 1589
2 4262 6831
2 1910 6100
2 5758 1390
2 5164 5108
2 5491 6540
2 2977 885
2 2039 2265
2 5968 2282
2 3337 5853
2 3506 7000
2 3614 1756
2 1455 5827
2 4724 2303
2 6296 3176
2 4195 3196
2 147 1085
2 5887 6424
2 4272 566
2 4113 4884
2 129 1347
2 1559 3642
2 576 3873
2 5485 4247
2 2007 1441
2 5568 1695
2 1795 666
2 5968 2878
2 2416 3379
2 2126 4339
2 2331 5245
2 6890 6288
2 1833 3307
2 1013 4535
2 4209 1232
2 2393 589
2 211 5101
2 2169 806
2 102 3349
2 4623 5727
2 2286 6516
2 6911 5854
2 4447 2732
2 5325 3195
2 1344 4801
2 2763 2282
2 5887 5376
2 1931 5419
2 5836 6922
2 6507 6231
2 1342 6970
2 4827 1937
2 3152 2417
2 1279 4484
2 2574 6671
2 618 6426
2 1878 631
2 1214 5323
2 6654 4339
2 3932 1441
2 1934 2023
2 2775 5375
2 5559 5687
2 4733 619
2 2849 6893
2 4179 791
2 6878 5756
2 2188 4126
2 1166 47
2 2468 3181
2 3462 1812
2 5568 6655
2 5439 5083
2 1985 4092
2 1890 4015
2 5013 6170
2 5176 4006
2 1289 1217
2 49 3932
2 278 3898
2 1183 792
2 2025 6054
2 5945 4955
2 529 3371
2 2222 5086
2 5916 6006
2 314 3631
2 1298 6252
2 6922 3311
2 1342 3719
2 5198 6283
2 2262 5776
2 1751 3105
2 6101 5301
2 3571 1703
2 3864 3951
2 1468 5202
2 2905 6030
2 4418 6152
2 4642 3614
2 5865 3531
2 3646 932
2 6602 1426
2 6319 5596
2 4496 4963
2 5895 1437
2 3505 4247
2 2369 4955
2 2146 6924
2 15 48
2 3109 3842
2 1410 6058
2 5209 6912
2 3957 2476
2 591 2878
2 468 2854
2 2307 2119
2 3153 548
2 6325 6214
2 2893 6839
2 171 1886
2 4829 4252
2 2741 3903
2 5371 3175
2 6975 4909
2 4502 6414
2 1295 3091
2 394 2047
2 3611 5375
2 3718 3045
2 3656 365
2 4322 1994
2 4503 5559
2 6367 3161
2 3231 1039
2 1474 4987
2 1243 4926
2 3102 4000
2 3044 3724
2 2446 673
2 112 675
2 3763 147
2 4015 3380
2 3646 5895
2 6863 4106
2 2205 2155
2 4036 3225
2 3669 6367
2 5383 2253
2 3579 2007
2 6727 4030
2 4398 3225
2 4309 1575
2 6974 3625
2 897 6042
2 2693 6835
2 421 2853
2 3371 5371
2 2570 3195
2 1910 3963
2 6727 4724
2 5961 5491
2 6535 1884
2 5117 4465
2 6866 4535
2 5895 3902
2 4006 3898
2 281 4963
2 4682 39
2 4987 5861
2 5198 5368
2 2683 2393
2 1583 1321
2 3093 2621
2 5294 3007
2 841 4624
2 2215 3821
2 2600 5895
2 1848 2877
2 1887 5555
2 6300 5656
2 1878 2243
2 3788 4249
2 4374 1142
2 4838 5095
2 3153 4578
2 2707 1880
2 881 4591
2 4247 395
2 4387 2639
2 4677 6133
2 619 5235
2 5245 4772
2 1994 1452
2 1273 3091
2 875 6922
2 4223 1248
2 3975 1705
2 6891 1019
2 6727 6642
2 2706 2639
2 1298 4865
2 2756 6806
2 5301 4503
2 4925 5753
2 103 5893
2 4315 4590
2 807 126
2 4322 2539
2 2859 4663
2 2395 6541
2 4266 2867
2 1589 747
2 666 5355
2 2087 2722
2 3719 4867
2 6476 1030
2 4936 6040
2 6577 4030
2 4836 1944
2 2315 1791
2 5908 5630
2 4923 6288
2 4955 539
2 4184 569
2 1037 5753
2 951 6275
2 5368 1869
2 6373 572
2 5124 3217
2 4571 3021
2 6943 951
2 6750 4341
2 410 6048
2 1332 747
2 6816 436
2 6270 1775
2 6866 5517
2 4560 3724
2 6198 5887
2 823 4919
2 6044 233
2 4140 791
2 1051 2722
2 3864 5361
2 4624 2613
2 3864 3951
2 1996 5057
2 5359 934
2 1054 2515
2 5368 2977
2 3732 4662
2 3958 4272
2 2129 6209
2 1187 6979
2 2189 5807
2 3089 2489
2 1130 5383
2 1764 5394
2 5654 1042
2 4195 5988
2 5899 51
2 5323 166
2 4035 5742
2 2288 1426
2 4596 977
2 2292 4923
2 5809 338
2 6755 3490
2 614 114
2 2035 3061
2 4926 6048
2 4843 723
2 2140 1197
2 2782 2613
2 5376 6198
2 1347 5097
2 5818 6123
2 2718 3454
2 2107 253
2 1050 280
2 6585 6170
2 6123 3977
2 1217 1289
2 4535 3167
2 3096 3609
2 4102 1321
2 24 4858
2 2570 3784
2 4231 3091
2 757 4785
2 4511 323
2 2845 2973
2 48 2570
2 5108 1827
2 2364 6854
2 5836 1944
2 6839 3631
2 2867 4950
2 2817 4247
2 5356 2554
2 723 5517
2 3256 1334
2 2667 3758
2 2771 1289
2 5318 6100
2 621 6906
2 4209 3963
2 4140 1700
2 2849 3256
2 279 2639
2 3770 2270
2 4955 5547
2 1042 6101
2 5176 278
2 146 73
2 3634 3105
2 1032 6348
2 436 666
2 6549 6974
2 5330 4770
2 4905 388
2 4987 2617
2 274 897
2 4609 2779
2 576 5460
2 6203 3289
2 2185 5685
2 2011 3581
2 6631 6912
2 188 4007
2 5486 1575
2 1029 4865
2 5493 4571
2 4675 758
2 2224 1292
2 1166 1210
2 208 1685
2 7000 92
2 6252 2785
2 5611 959
2 6709 4039
2 4351 6123
2 4804 2453
2 2207 4746
2 6727 4257
2 4243 6853
2 5515 5865
2 641 1410
2 4273 5558
2 6139 2774
2 944 3824
2 1751 5857
2 3957 1559
2 6255 4979
2 4660 5439
2 3606 6570
2 1441 49
2 6655 3197
2 208 4804
2 3241 5139
2 910 5226
2 5821 822
2 897 1060
2 5854 6268
2 934 1622
2 2305 2378
2 2201 4621
2 1301 2630
2 3403 5756
2 2163 2606
2 5609 1985
2 3096 5020
2 4387 288
2 6852 6362
2 6061 1953
2 4070 49
2 3068 3758
2 6965 2824
2 5439 5916
2 5139 3241
2 6133 5609
2 4867 1182
2 1363 3093
2 5301 4793
2 1380 3311
2 5739 4006
2 4658 673
2 5455 313
2 3504 3765
2 5886 2331
2 6709 2116
2 1554 4974
2 1692 6591
2 3963 5161
2 6877 5371
2 881 585
2 4351 1993
2 3531 1060
2 3601 4257
2 1625 468
2 5607 6448
2 6190 3788
2 4618 2364
2 1437 2600
2 6898 188
2 4878 3952
2 314 1662
2 4825 2320
2 889 5889
2 2507 6348
2 4150 2824
2 3963 6899
2 2598 6556
2 6329 2224
2 4231 2924
2 1825 566
2 5596 5217
2 2126 589
2 5341 551
2 969 3608
2 3105 1610
2 4272 5767
2 5811 5916
2 4235 4797
2 5396 1817
2 5006 4887
2 5827 4876
2 2779 1776
2 823 1812
2 13 2150
2 5889 4159
2 6168 6912
2 965 5596
2 4686 4315
2 1292 341
2 3985 6738
2 1342 305
2 1966 4618
2 2404 1385
2 6591 6255
2 5378 4080
2 3102 4159
2 2464 6677
2 5860 6660
2 5375 4869
2 2788 5545
2 4746 6170
2 3614 6556
2 3779 242
2 2539 4322
2 6549 2106
2 4836 3894
2 2972 6956
2 1477 2369
2 4436 3973
2 5100 679
2 5215 3993
2 6190 605
2 2220 1395
2 3846 1890
2 4961 1232
2 2146 2848
2 4490 5471
2 4399 3977
2 4474 4120
2 605 4249
2 4996 1520
2 6448 2771
2 5294 677
2 5905 1578
2 4418 4459
2 4447 1593
2 166 3783
2 2523 5818
2 3952 5547
2 5378 2820
2 3242 939
2 2683 3260
2 3726 4882
2 5971 1484
2 1347 5987
2 6148 4624
2 4300 4755
2 2610 4704
2 2185 486
2 4796 1300
2 6932 4914
2 69 3268
2 3237 1390
2 188 149
2 1154 6207
2 2038 921
2 505 507
2 3167 6866
2 3690 1448
2 2107 1166
2 701 791
2 1172 5209
2 913 3152
2 6783 2642
2 6569 1610
2 3585 5016
2 6318 3489
2 3506 92
2 414 4737
2 5927 2820
2 5716 6136
2 3763 5016
2 910 6632
2 6602 6863
2 3268 5807
2 2683 245
2 4398 3784
2 615 5568
2 631 5214
2 1030 5092
2 2997 2603
2 6632 5776
2 1824 3214
2 6625 5391
2 4209 3963
2 866 5117
2 1464 1698
2 252 1456
2 5646 5297
2 747 4273
2 2237 5843
2 3516 921
2 1311 4595
2 405 3718
2 5200 3501
2 6770 484
2 2150 4838
2 6227 1452
2 5995 327
2 4000 2307
2 4209 4778
2 701 4179
2 593 2758
2 1338 6140
2 3873 4161
2 4308 2690
2 6252 4662
2 4272 1307
2 4875 2840
2 253 6445
2 3244 2416
2 1241 6570
2 6948 5307
2 5545 4878
2 736 3052
2 2224 4571
2 1993 4186
2 2331 5886
2 3580 731
2 5090 3445
2 2522 3903
2 6435 1823
2 2774 6139
2 3699 4955
2 6975 4909
2 3068 6703
2 3232 3625
2 2661 2951
2 3977 6853
2 6348 5360
2 3894 3161
2 6507 6231
2 731 3580
2 3217 5097
2 4006 3898
2 942 1154
2 2215 1828
2 3355 389
2 6293 3140
2 1320 5841
2 4223 4708
2 4905 6457
2 4436 372
2 1757 1348
2 736 6073
2 6878 1130
2 4733 2219
2 6900 2364
2 3529 4035
2 4682 5095
2 276 841
2 3308 5640
2 6237 3191
2 6622 4323
2 529 5371
2 4949 6381
2 3579 2045
2 5080 5290
2 3223 5019
2 2475 6072
2 3366 4635
2 3720 5519
2 1593 2800
2 1051 2087
2 878 4567
2 4947 5101
2 5926 2214
2 233 647
2 2965 3633
2 313 5906
2 963 3600
2 541 208
2 6742 4351
2 2489 3155
2 1298 1002
2 2061 4618
2 2930 2965
2 1937 4827
2 934 5359
2 3642 5276
2 84 6758
2 2264 2917
2 1342 2598
2 4119 942
2 1559 878
2 3674 3903
2 5544 4015
2 6866 4535
2 156 2803
2 4778 4209
2 2756 6425
2 1791 6366
2 3975 2661
2 5258 6602
2 5368 5202
2 2983 4889
2 6819 1994
2 505 3835
2 252 5396
2 1610 1166
2 3758 5865
2 3981 3864
2 2800 3643
2 5202 5368
2 2617 5861
2 4467 4778
2 1672 6415
2 2424 6329
2 4535 2325
2 1456 2736
2 5198 4574
2 5486 1575
2 5530 3849
2 39 4122
2 4405 4573
2 5460 4070
2 755 266
2 314 2728
2 31 2305
2 2610 2464
2 755 6776
2 5420 3283
2 1210 6445
2 791 6585
2 5366 2905
2 3095 2257
2 4425 4704
2 2201 6424
2 2951 2935
2 6123 3445
2 841 6435
2 4678 2890
2 6852 2035
2 5887 4621
2 2878 1600
2 928 6615
2 3283 3842
2 6188 5287
2 4593 2706
2 288 279
2 2741 4159
2 3539 1456
2 3220 958
2 1338 6140
2 4467 4209
2 6463 6329
2 593 1815
2 3633 5669
2 2845 4713
2 2693 2539
2 4070 516
2 2549 5916
2 1656 6780
2 340 1037
2 3096 1357
2 6117 626
2 3385 1275
2 6270 156
2 13 6546
2 5095 1425
2 6188 1632
2 928 6615
2 1815 593
2 3589 1761
2 2677 1775
2 1669 1764
2 3164 5987
2 915 4967
2 5391 6625
2 5361 3007
2 1080 350
2 4865 5446
2 5276 2476
2 2849 2991
2 2475 6072
2 1966 3765
2 5287 3783
2 2292 6418
2 548 6588
2 902 5420
2 2257 2446
2 5853 266
2 4738 5968
2 3236 4398
2 4823 4135
2 4623 199
2 1441 4084
2 1817 5396
2 2639 2155
2 4351 1904
2 2205 4387
2 3061 2486
2 5879 6924
2 4119 1233
2 6101 5225
2 5337 1320
2 4891 4036
2 6447 4137
2 2325 5517
2 4124 2775
2 2533 5245
2 2873 5561
2 6027 1054
2 6569 1610
2 389 1374
2 1210 6445
2 1551 5006
2 1231 6140
2 3809 6457
2 5807 2189
2 2223 3932
2 3835 505
2 4074 6758
2 5191 30
2 2606 2163
2 6384 2468
2 5485 6965
2 4223 4708
2 1658 5002
2 2905 6677
2 3225 2924
2 4970 4502
2 1444 4160
2 4675 4581
2 6602 5258
2 5767 6414
2 6454 3454
2 589 2025
2 934 4963
2 1357 5809
2 6695 3196
2 2737 5328
2 395 5394
2 2404 1831
2 468 6319
2 2303 3017
2 2107 1610
2 3945 30
2 505 3835
2 3017 868
2 1514 2117
2 5050 951
2 4865 1029
2 235 3217
2 591 4947
2 5654 6356
2 5949 4436
2 2562 313
2 1320 1448
2 2307 3102
2 4737 1622
2 1273 3091
2 230 3625
2 6006 4755
2 1904 6742
2 2390 1205
2 3311 3161
2 5754 1136
2 327 6414
2 3580 6588
2 3377 5940
2 892 2893
2 1950 5653
2 1869 885
2 13 4321
2 3608 2023
2 1776 486
2 4979 6750
2 6553 129
2 5854 1085
2 1826 3911
2 5988 5139
2 1761 5164
2 1083 5956
2 2756 6425
2 126 3932
2 5229 6061
2 2782 6040
2 792 6851
2 2023 6139
2 3167 723
2 4936 233
2 3167 6866
2 2881 2188
2 572 6424
2 1988 1910
2 2393 1474
2 959 248
2 5 6438
2 6780 2253
2 1692 6255
2 6664 2146
2 5956 6668
2 3169 1514
2 542 5235
2 6061 6590
2 6457 388
2 3166 483
2 6002 6535
2 1183 6851
2 2606 6367
2 4770 3544
2 2277 902
2 471 3337
2 4876 3104
2 1791 6510
2 6006 103
2 3489 1467
2 6025 5988
2 1219 3231
2 4867 1312
2 4436 5949
2 2047 6867
2 5341 388
2 6569 2107
2 5287 6911
2 3320 2320
2 5378 1516
2 6275 4054
2 4239 3146
2 405 3195
2 1311 3826
2 1812 6058
2 2489 3155
2 6928 915
2 3402 5376
2 5118 3719
2 1029 4865
2 2827 4352
2 6975 4124
2 2969 1662
2 6965 1669
2 5083 4936
2 4140 1343
2 3747 1441
2 5101 390
2 3111 6447
2 114 5844
2 4410 1219
2 2771 6448
2 1003 274
2 692 3416
2 3152 2417
2 4974 3730
2 1037 5668
2 340 3321
2 3726 501
2 5164 5714
2 965 5217
2 6418 246
2 3109 546
2 566 1825
2 313 2562
2 1578 6661
2 2026 1086
2 6152 4014
2 6661 5905
2 6783 947
2 1312 1182
2 2061 3765
2 2126 2899
2 6408 3718
2 4135 1235
2 3720 3089
2 5318 6100
2 2417 1395
2 2324 1825
2 548 5080
2 6042 6677
2 4905 3809
2 2712 73
2 4179 6585
2 1037 5668
2 5905 6661
2 4857 2893
2 3366 6182
2 4804 1121
2 5995 5767
2 2475 6072
2 73 683
2 6900 2364
2 5057 982
2 5893 1468
2 2129 5654
2 3417 3982
2 4193 2548
2 4436 1543
2 6152 1214
2 3140 6293
2 950 3506
2 2018 1
2 5436 4272
2 5217 965
2 4724 1632
2 959 6307
2 2388 3169
2 529 6877
2 2962 596
2 4430 1698
2 170 3277
2 3214 1824
2 1543 372
2 1776 5685
2 591 494
2 5790 5086
2 4991 5300
2 2935 5857
2 4582 4609
2 5669 5217
2 6426 5941
2 529 3371
2 5396 252
2 4311 2026
2 2417 3152
2 2243 6072
2 892 2893
2 5860 5300
2 2011 4239
2 1241 6570
2 4105 4887
2 4906 5019
2 6264 1437
2 4323 1514
2 1989 723
2 4273 747
2 3244 2416
2 1288 1210
2 4105 5006
2 1662 3631
2 4925 3321
2 6060 6577
2 3985 4758
2 4678 6933
2 327 6414
2 3050 557
2 6672 5827
2 6168 5299
2 4672 1976
2 170 4675
2 4996 1520
2 4624 818
2 3911 69
2 6117 626
2 6348 6661
2 679 5100
2 3167 4535
2 2488 5812
2 5122 4000
2 5486 1298
2 6729 2623
2 2305 31
2 5603 5844
2 6362 2486
2 3445 4243
2 542 5235
2 4293 4137
2 2722 3324
2 2282 4738
2 198 5375
2 6577 3601
2 410 5920
2 2969 3631
2 4841 3991
2 6830 5899
2 606 6426
2 3104 1161
2 6965 4150
2 2570 483
2 1220 5299
2 4000 2307
2 6478 866
2 5290 2442
2 1966 3765
2 2169 1009
2 2277 1428
2 2369 1124
2 4436 1543
2 2998 6851
2 4496 2513
2 2580 5886
2 6318 6072
2 6866 1663
2 1084 666
2 4972 673
2 3718 6408
2 3045 405
2 4511 6198
2 4315 2304
2 6040 376
2 5949 372
2 5217 965
2 4623 1080
2 4410 1219
2 1701 1775
2 3217 5124
2 1019 5558
2 2264 2119
2 3104 6409
2 4080 5378
2 4713 2973
2 4148 1220
2 3169 2388
2 6852 3061
2 3871 1548
2 4249 605
2 6587 5002
2 1003 329
2 4463 5294
2 6893 2991
2 1835 1390
2 897 1003
2 188 4054
2 5302 5003
2 2453 6296
2 6457 388
2 1164 204
2 5941 6426
2 4190 3448
2 146 2712
2 6071 4160
2 4906 5351
2 6835 4322
2 2791 1554
2 557 5361
2 3380 6632
2 5754 1136
2 5256 4830
2 2257 2446
2 5202 1869
2 6906 4867
2 2131 6100
2 1687 6054
2 4262 1154
2 2893 204
2 747 4273
2 1727 4264
2 2476 3642
2 2201 323
2 2007 4483
2 792 1465
2 5843 2621
2 6082 5640
2 902 5443
2 621 6255
2 4906 5351
2 3973 4513
2 5161 6899
2 609 5589
2 752 4713
2 6214 3589
2 874 4389
2 4493 5607
2 2819 3007
2 4243 3445
2 2026 4311
2 2774 2023
2 4210 2661
2 860 3403
2 338 5013
2 2853 421
2 3455 5122
2 2677 1775
2 4065 3720
2 5391 5949
2 5685 4609
2 961 30
2 4193 2548
2 6073 3403
2 6071 51
2 6576 5064
2 1989 545
2 6854 2061
2 4065 2632
2 2877 1583
2 2230 1937
2 3366 4635
2 6576 341
2 516 5460
2 394 6516
2 2547 2476
2 1197 4772
2 4878 5607
2 5287 6188
2 4901 1019
2 3976 3882
2 5603 5133
2 1751 3634
2 2378 4339
2 2775 4124
2 389 546
2 5656 6054
2 4675 4581
2 1548 6816
2 2124 1658
2 3203 4596
2 1827 6575
2 1054 4273
2 1084 1384
2 3045 405
2 147 6060
2 4889 2243
2 1289 6681
2 1210 6445
2 2293 943
2 6123 4243
2 1703 3214
2 1343 1700
2 22 4591
2 5371 529
2 4792 210
2 3585 3763
2 1757 6176
2 2146 1801
2 2257 3095
2 2270 3044
2 3839 2690
2 2054 1289
2 1335 4963
2 1701 1775
2 5095 153
2 2734 2160
2 6975 4909
2 1188 4007
2 2621 5843
2 2325 6866
2 1996 4195
2 1464 1698
2 5092 1695
2 2304 4315
2 1689 5097
2 2087 2854
2 338 5013
2 6878 1709
2 1632 4724
2 4573 6356
2 5594 6535
2 2214 5926
2 1348 5809
2 3709 6889
2 1426 2670
2 1625 1419
2 4015 5544
2 1808 2212
2 5064 807
2 621 4979
2 1344 1357
2 6409 4875
2 3643 3410
2 591 4947
2 24 1989
2 841 276
2 5927 2820
2 6943 4054
2 1716 2574
2 897 6677
2 2771 1289
2 1210 3150
2 4193 2548
2 2737 569
2 546 1374
2 4065 3720
2 6816 5355
2 6382 5399
2 1172 333
2 2878 1600
2 5790 4266
2 539 5945
2 6742 4351
2 6464 6251
2 5742 3709
2 6664 4266
2 2417 3152
2 4947 2415
2 43 4225
2 4311 2026
2 4857 2893
2 410 1118
2 5694 112
2 6671 1716
2 2334 4074
2 3320 2320
2 2198 5927
2 421 1819
