7000 943
2 6285 6786
2 6786 2750
2 2750 2598
2 2598 4134
2 4134 4925
2 4925 4931
2 4931 833
2 6542 2724
2 3925 4156
2 4156 5612
2 5612 4672
2 4672 4857
2 4857 2215
2 2215 4492
2 4492 2346
2 2346 2364
2 2364 1913
2 1913 1881
2 2727 1033
2 1033 5844
2 5844 6487
2 638 367
2 367 5958
2 2535 5845
2 5845 5179
2 5179 5177
2 5177 4493
2 4493 779
2 779 2911
2 2911 19
2 19 5959
2 5959 6769
2 1693 3243
2 3243 1415
2 1415 3132
2 3132 2410
2 2410 6079
2 6079 5568
2 5568 5579
2 5579 2163
2 2163 4148
2 4148 6921
2 6921 3155
2 2473 1381
2 1381 3538
2 3538 405
2 405 6846
2 6846 4223
2 4223 2074
2 771 4471
2 4471 2753
2 2753 3940
2 1635 6806
2 6806 561
2 561 2381
2 2381 1377
2 1377 1592
2 1592 3949
2 3949 887
2 887 2834
2 2834 6617
2 719 6847
2 6847 5908
2 5908 294
2 294 4381
2 1994 6879
2 6879 1600
2 1600 3425
2 3425 6018
2 6018 3975
2 3975 2515
2 2515 1077
2 6585 2546
2 2546 1696
2 1696 1602
2 1602 5032
2 5032 6071
2 6071 3261
2 3261 6470
2 6470 6817
2 6817 1380
2 1380 5834
2 5834 774
2 774 3702
2 3702 1067
2 1067 1658
2 1658 5406
2 5406 4960
2 4960 2763
2 48 4376
2 4376 3112
2 3112 948
2 948 3249
2 3249 4996
2 4996 3756
2 3756 6821
2 6821 6073
2 6073 4889
2 1697 903
2 903 2284
2 1228 1189
2 1189 3798
2 3798 5761
2 5761 4372
2 4372 5976
2 5976 3948
2 5292 629
2 2335 2946
2 2946 1730
2 1730 4758
2 4758 4825
2 4825 6838
2 3902 1345
2 1345 608
2 608 1625
2 3368 470
2 470 4566
2 1497 3735
2 3735 1919
2 1919 4681
2 4681 4218
2 4218 1699
2 1699 1885
2 1885 5815
2 5815 5132
2 5132 2722
2 2722 5285
2 5216 688
2 688 1594
2 1594 3930
2 3930 3207
2 5234 3723
2 737 6519
2 6239 4768
2 4768 3196
2 3196 1584
2 4407 1678
2 1110 2876
2 2822 4535
2 4535 5351
2 5351 5769
2 5769 3900
2 3900 5449
43 6463 5905 816 890 3573 1971 4050 986 4042 605 6231 1850 4439 6537 6916 622 701 2261 2656 4512 1485 4010 4951 2269 5041 2267 6824 6887 2214 5418 2734 6789 6411 123 2127 4542 4465 6927 1795 2365 3878 2536 1940
37 4567 4171 6951 5759 5963 6030 1232 2703 3234 1502 4290 1909 4565 1181 3524 761 3491 820 3466 78 2645 775 2191 364 2627 484 4282 468 5532 5820 4767 4040 5273 6180 3288 850 2302
37 2418 6400 3593 2886 6062 4900 5090 4473 1140 3790 1196 1064 1595 5650 1723 1011 1843 4649 1929 1893 354 1100 4544 581 5549 3265 1519 3514 3528 1174 5110 4356 2819 452 5947 563 4287
95 2473 6365 1905 2807 197 4955 1639 2416 2584 1866 3462 832 2006 6583 1934 3358 2210 4815 167 6604 1308 5605 2928 3386 2599 1577 4977 615 4345 843 4778 1987 6047 6172 5800 6392 4527 1301 92 6719 318 1741 4386 6272 3006 570 6750 6247 3821 3155 5607 1020 5649 5012 5721 5429 1756 5315 1484 5207 435 4433 4799 3586 6040 3719 206 1834 104 2341 6740 2490 2857 6458 879 4514 3169 3835 5116 2551 1063 5792 585 1223 1529 3133 546 2795 5334 334 5929 2939 2628 2037 6600
100 1999 5450 6655 3876 4490 1911 3529 6049 3873 5878 6801 5837 5431 258 3643 426 4959 1670 2818 2056 343 6772 2239 4966 4980 1332 1157 6078 4713 6518 3041 2516 5318 483 2256 6573 4019 6540 518 17 5998 3699 2794 2575 6712 6805 1957 2624 6896 6353 2344 3105 1975 2813 4336 3558 2228 5606 2762 1048 2251 1892 6704 1477 3217 2087 623 2591 5099 6360 681 388 5350 3271 2385 2060 1576 6959 1007 4297 5953 1841 5481 2338 1728 4827 6978 1510 5473 4600 1131 6727 4652 4067 5662 415 5973 808 4809 3647
65 5795 5419 287 6576 5492 6775 6143 6874 5529 3535 4359 926 5104 604 5671 5642 829 2743 1310 5711 983 994 4521 4245 6541 4791 565 6919 3864 5018 412 1572 4177 6312 1192 6376 1769 1629 732 526 6105 4412 2541 6949 4281 6152 2630 1071 2972 4770 1494 6867 4937 2617 5309 3164 3266 6406 304 1776 5843 3685 4072 5734 6015
59 379 2814 1750 1003 4344 5281 6525 722 5653 5056 3344 6494 2952 5124 6127 3084 3301 3194 421 302 4590 5420 3557 5951 505 758 1025 130 5726 6631 1117 4644 1183 4121 1498 4109 1797 214 5377 3473 3045 5191 2357 4903 6667 5466 1552 1643 3826 3124 2647 5355 840 524 6328 3340 5037 2580 1236
100 5411 5433 607 1269 3422 1410 768 4682 3094 5515 101 4586 1805 6418 1531 802 6469 3909 6296 2098 6988 858 181 5319 2170 5855 6196 6010 680 6008 6606 5272 1777 4548 1453 4305 200 5386 826 1291 1878 5213 4318 1578 461 99 3415 5857 5203 6884 2298 4220 6670 6956 1979 4728 5324 1030 2738 2171 2168 3313 2167 5255 3578 865 3091 230 4901 5131 2436 790 2518 861 1446 6404 6642 1105 933 1316 4595 4426 5271 6482 6292 817 3694 2825 1556 4034 5061 3441 5972 1150 1257 2218 2101 4152 1318 3296
37 3395 2877 2977 3434 592 6380 5269 189 3137 4723 3093 3686 1799 3788 308 2442 6996 2542 1938 3912 4363 6284 2775 3664 6043 5412 6968 2120 1897 453 446 1962 5548 4894 836 5601 4515
94 5479 1968 5757 196 545 222 91 109 3000 1936 5916 1280 5337 477 2616 4462 3681 760 6330 6739 5786 2084 2157 4753 2983 485 2921 6902 2951 59 4368 2318 2805 4651 3856 2711 1394 4477 3314 2667 1757 3851 5798 571 2252 3019 4080 1491 1 2894 5352 5581 3938 1511 533 929 782 4536 2672 6057 5961 1390 1868 488 1942 3383 5814 3762 3508 642 1810 6677 1416 636 4343 5917 3458 6334 6269 5458 5626 5498 2458 4680 1566 2111 3690 2241 6132 5540 2398 4927 5237 6285
37 4288 2368 6490 3442 2856 6651 2752 269 2032 4784 5311 2978 4001 2011 6372 1470 693 5372 1898 4212 3799 6550 6261 1116 4773 2859 5401 5614 2244 4843 6500 1082 5198 6006 6574 6131 2641
37 1824 4179 6362 2922 2488 5701 259 4261 3053 6697 4497 5347 5332 1454 6280 2467 3274 2887 5928 4361 1397 3423 4229 5763 6814 6324 6508 3469 4761 6222 5773 4370 3695 5831 653 1721 2959
77 6366 5742 4071 5084 1558 6450 841 1705 3257 3445 6948 4724 2146 2115 4736 6668 5476 1401 6614 193 180 2140 621 2423 1665 490 3641 612 4575 4369 6706 4893 4875 2107 2262 5070 559 3337 2935 3490 76 3457 866 4085 356 4330 165 2596 3406 4435 2349 4534 2430 6567 4926 3219 2469 4830 973 342 5342 3411 173 1261 5390 5462 3724 2503 5639 1285 1193 4834 6581 4692 4585 4946 5122
70 6212 2533 1277 6945 1458 3235 2204 987 6036 3131 2132 1765 6729 1616 6161 2311 5268 575 6402 1098 5106 5297 3356 5656 6417 5544 1845 6114 6904 4367 1859 5083 2407 4419 1483 3104 1 6185 2609 3657 5460 5696 2866 5210 6568 2800 6538 1206 3379 495 1220 4774 6566 2773 3064 358 6457 36 1642 6873 4787 3737 5088 5204 2123 5852 408 2345 1272 3906
100 3436 6288 2243 6038 2566 4849 3040 4919 4888 3023 6264 1883 3007 6986 5178 6527 6705 66 6338 6322 2692 1221 2873 6791 4141 4068 2328 394 6644 6151 6476 6012 6175 4603 5704 2320 4054 1894 544 4332 2474 4667 3601 6535 1838 4022 1690 2652 6067 5513 3370 2041 5891 3465 5388 2236 2266 5738 4863 5328 221 2038 5793 899 3082 6759 4097 944 3328 2837 1896 6429 4725 160 3349 2480 3302 1317 2156 2770 6186 2948 3225 1735 1820 506 4434 6283 6016 3427 6165 5580 1474 5864 5524 1205 6992 2105 2989 3581
67 1191 1633 1111 2141 5706 738 498 1132 6785 6474 4466 6224 4551 345 5712 1058 2433 5545 3228 1160 1152 3728 3792 4154 6708 3787 5949 3537 5907 3021 4236 1580 5468 3989 4704 5572 3848 810 4634 5247 1737 2897 3351 6932 5486 3024 4256 6246 5686 685 6891 6485 2613 2063 4105 1800 5698 4708 4503 3332 5073 6826 5592 152 5699 5618 2455
100 323 4230 4695 2352 3203 2314 2078 144 2757 5873 2491 6774 6174 1988 577 4678 2310 1367 4458 1288 1173 6608 244 5387 5108 93 6943 6738 2588 5441 2304 5695 4165 4992 3860 1271 6938 3619 6431 1995 4500 390 911 2370 4190 1266 1955 4540 3309 3421 271 2187 876 3812 1814 3405 6881 1329 4088 6859 4872 3286 2915 2355 3256 3917 2485 1863 852 6638 6147 2092 3780 3785 4858 2173 84 3142 5241 799 889 5709 5595 2288 1311 6577 3461 1877 6488 6346 6154 2323 1650 1837 4015 396 3683 6941 239 5847
40 5467 2796 2940 4716 293 1073 3134 4273 4839 726 3767 335 3688 2234 6861 4763 1148 3734 5242 4469 2269 1792 5821 4008 659 5534 5086 5586 654 4387 1408 2193 3893 2600 3772 4321 3396 4213 3765 4423
100 5449 1212 1154 6761 3252 924 4360 2568 5370 6415 2787 4291 3533 6829 4093 6989 1158 2698 4568 5967 3206 2054 164 3522 2872 2164 700 1119 5517 4267 4258 3540 1014 3227 4217 3609 796 1209 4430 381 3139 4427 3201 705 517 959 6276 445 6940 4722 463 7000 896 3343 1652 5997 2592 6911 6150 170 1902 3119 1255 5193 2889 3603 6194 2050 2870 2893 1802 414 1700 6876 4596 6271 6724 1295 6248 1880 2715 2021 6823 4884 748 3244 3129 5789 5913 6163 6907 6771 6694 4225 4100 6035 4745 3527 5190 3872
74 395 1164 3536 6072 5777 375 1457 3587 355 2820 3984 4991 1848 4222 6612 2444 3631 2666 770 5563 4077 2468 4494 2470 6279 3751 3617 4113 4689 1327 2147 1487 5801 1355 5059 4904 1300 6565 1026 4643 309 4621 1179 4614 6747 2766 4553 393 285 6656 2203 4707 1090 3771 1713 1481 4877 1201 6082 2848 4746 2712 1324 4819 4175 6424 934 4061 5054 5932 1374 2719 6355 1663
100 3742 3482 1323 3278 3312 3195 4242 1010 3050 1382 602 949 1989 112 1666 844 4876 4765 5933 6920 3972 3646 1732 39 456 5295 5043 4730 1290 5398 6709 210 2394 3632 6459 447 6108 974 1094 1956 6112 6446 4069 5215 1478 6898 1703 2755 2371 6973 4279 6426 1619 4582 3371 6025 2172 4764 4665 4032 4936 264 902 6484 6830 1493 4451 5181 6877 1093 3542 4396 4519 3245 1330 6092 4385 5802 5240 4274 387 3392 5200 555 3145 5314 2353 2713 4311 3226 1691 3551 5082 4561 2083 6209 6493 4740 1774 2679
37 6564 3843 4073 2519 89 4119 2991 3047 5050 3193 1435 2509 5681 1499 1604 537 3597 5243 962 6603 3871 3889 6855 4203 2390 3589 5767 708 4400 6737 5569 49 6394 2104 1967 4895 4982
100 481 6982 4994 1518 5325 6543 5826 3315 329 1804 1350 4577 4683 1937 4968 3403 5848 2582 5668 6201 5957 1304 3005 995 3319 1806 3769 5620 1471 3554 6689 6933 2997 6610 4485 942 630 606 4232 3585 5338 4016 5369 1618 3996 1710 3730 5850 728 3567 2223 660 18 5302 5546 3366 5226 3020 1681 2178 1704 2880 2417 3068 3130 5138 2612 27 6102 5053 4257 1312 6173 2658 6486 777 2862 2064 4743 3247 648 3531 224 3242 4005 5923 129 4176 1585 3424 4780 5111 4999 1591 4714 806 930 4221 5362 6215
100 153 253 6858 2716 5689 1640 5312 2850 5113 960 6204 3480 6553 267 5257 4110 4262 6061 6503 166 3939 3722 6106 6241 2176 1664 3276 5720 3652 4840 4790 1376 1520 895 254 4589 2195 2852 5684 2653 5306 6 6633 4166 466 3663 2260 2561 4685 4914 3382 1747 1536 2020 6825 1861 1170 4340 6342 83 2904 4801 5533 1786 211 2864 6607 838 6924 6570 2544 6762 2206 4374 4645 6734 5265 6779 5588 4558 5806 4920 5310 2307 594 4089 1609 4958 508 6314 4837 4668 4437 5520 4928 4444 4963 4549 1421 2806
47 5727 4533 6058 127 4712 5691 4182 2245 6767 2026 4829 1200 3561 1500 62 2832 3325 157 4481 6744 567 4973 6315 5743 548 5278 3095 4030 6562 6929 3802 6329 2321 6700 870 1466 6524 6594 1322 4421 2520 5944 2409 1543 5985 3623 6445
100 325 2892 6217 6275 3852 6083 3591 6675 2942 204 5896 3229 6492 6085 6013 4727 3942 119 4070 3809 2953 6206 4456 359 4219 3048 2039 4530 2254 2429 290 3272 370 801 3599 1823 5416 3011 4887 5230 263 1450 1648 3152 357 1851 2478 340 3829 5824 4299 2622 487 2253 312 5710 1486 2303 6223 2742 451 6026 143 5741 5357 6266 1302 5219 925 4871 4046 1564 3810 1790 6857 2964 338 5796 2843 5123 3399 1579 1270 5676 5133 5964 3974 6454 5087 2524 2057 4811 716 4633 1313 3672 5554 2993 5849 2504
36 198 6997 1574 1527 4666 2776 5669 2610 4616 3779 2553 2110 5842 2018 6304 3501 3720 6780 5919 5504 1360 6782 4024 3552 277 4249 3572 4626 3667 6698 2644 4710 110 1874 4347 5448
75 5636 1855 2439 831 883 1087 3339 5322 6060 1404 3463 2158 1575 993 4718 5989 2493 2804 867 1973 950 3369 2943 4366 6479 5562 616 657 5192 1002 3712 6793 562 6533 3708 2747 6379 5135 6560 2049 174 6514 5109 3059 641 1581 5170 208 4739 3674 4391 639 4574 3306 6221 595 1707 4805 927 3456 3697 4543 5805 3816 1297 4000 1745 363 1807 3661 4204 1464 58 4316 5501
100 5168 4581 5883 4011 572 1452 2316 3218 4250 6803 6683 3811 984 303 3391 2619 2510 4855 4679 315 631 3644 2888 6005 5719 6390 2664 5860 1910 6281 314 744 4335 6243 4742 2733 3035 142 5011 184 3378 467 3360 4031 4864 985 1425 620 3532 1475 3150 5014 759 3202 2042 4294 1262 2675 3898 2673 1992 6912 3549 2242 5851 2502 3109 4045 4609 4260 556 1134 6509 4378 1061 270 4116 4200 5064 195 4142 6757 2097 5186 6692 958 4037 1469 339 422 6325 1545 150 6225 4748 3534 410 2024 1053 5875
100 3376 5675 6710 1738 3921 2135 371 4998 5057 1249 4852 4938 3362 5430 6844 6456 3484 330 6625 5591 617 5461 1106 2526 3402 6741 4215 5445 749 3539 978 3443 2278 931 2125 1674 5787 735 44 5195 60 6140 176 3863 1813 4021 780 4027 3633 5329 6240 3837 3364 5305 4185 6845 3993 2867 3793 3172 1366 1362 4333 3042 5022 2075 4912 6453 4969 5158 5060 3237 3455 3012 4930 640 4408 4149 5487 3933 1963 5336 5239 4749 5705 5256 436 3819 6885 107 2117 4095 6473 1540 5748 5641 6579 778 515 2525
100 2916 6032 2981 1523 4816 2687 582 2882 3429 2071 3089 6605 3002 4472 9 783 3388 1024 3869 6944 3387 1812 1986 704 4675 6228 1091 5903 246 5454 5472 4489 4899 3600 908 964 1758 2399 1251 3186 981 5836 5027 2934 6770 2730 6462 4117 1336 3605 1794 2213 3188 6009 2710 5066 3320 573 3616 349 6183 1637 5866 2706 3692 1488 6964 3611 2456 3877 6489 5559 2441 6790 6743 1440 6065 6145 4650 4537 5768 6483 2036 4890 326 884 5031 3353 2471 3295 4161 597 3390 2514 5024 6046 5016 3322 6003 3891
100 2914 3654 5924 501 3113 4047 6335 1108 4506 2564 6396 2108 516 289 609 5044 6558 2949 6444 301 5817 5552 3870 2828 3777 3834 6182 1388 3841 1299 952 6589 6815 4953 1143 5440 6931 4891 297 1726 2548 3238 4838 3380 236 1846 3305 1764 1418 1515 4892 6590 6950 4806 874 4974 6068 4820 2500 2847 284 786 6673 5750 5167 6039 1539 1980 3009 963 5021 1709 1406 3963 2626 2066 6680 2683 4124 4007 5451 2729 6935 6502 5598 723 3971 5541 4405 3073 6278 3945 4066 1032 3197 6210 6730 6841 4554 3934
100 3123 591 47 2791 5979 5150 3030 1903 3248 922 2810 2579 1278 2142 2655 3251 5551 231 656 5977 593 568 1935 3622 3651 6591 2265 5250 4158 2999 6520 2735 3255 574 6229 1746 6807 5407 2427 3649 5938 2421 6053 1268 2920 2924 1931 6901 5052 5244 1725 551 77 1083 3180 888 3128 117 56 6054 4420 5161 6955 1751 40 1816 5007 4301 4923 4625 6162 1348 5869 2322 5313 1125 2382 299 6410 2025 4818 4671 1407 6548 6287 2961 4409 1977 935 3990 353 3489 5567 2153 5266 5316 4975 3372 5531 6942
80 1673 1656 2047 2446 6528 5224 5118 3849 4504 756 1456 6195 3768 6864 3566 2425 4104 4454 3582 279 2016 2324 4781 2826 4870 3051 6662 2342 2901 6926 6238 1358 5163 4587 6100 893 175 223 2646 6289 5841 6900 4766 5816 747 454 3483 3817 538 6529 2387 2998 1283 3293 2375 5413 145 4196 6455 3918 2023 4580 2881 4168 3684 6839 3745 6962 4696 907 5602 1620 4446 5403 2263 1981 2085 6753 4380 50
100 1006 5764 5034 1742 2522 3886 1672 172 1828 6134 4411 644 2554 2657 43 4624 5197 331 813 1760 65 4487 4128 4455 2650 655 3859 4720 1495 520 4885 3400 1811 3577 5075 2452 5867 2048 549 1437 1378 5874 1372 877 3580 1857 1513 4562 1319 1115 1944 6657 5646 1759 3994 5631 88 2680 419 5212 3680 4915 6552 5561 5578 3135 1065 5223 5251 5151 5829 1667 6020 4383 5523 2091 1142 1260 5810 3162 6812 4425 6254 2400 1819 5254 6778 504 1966 2958 1468 3058 2637 362 2707 2013 3292 3439 1480 4631
36 6691 2217 2027 1729 4187 3804 6409 4035 3634 1005 6813 3460 1298 1169 1123 5103 4686 4342 3223 5128 3281 2717 6465 3927 1027 2534 113 4169 6776 1037 1676 2272 1060 476 4821 4111
75 5004 5258 4424 6835 2900 1524 2419 1550 5409 5358 5713 4502 3086 6969 3049 2721 5058 3555 4170 2539 1887 3151 684 6754 4602 1617 6972 5629 966 6993 6886 4932 6498 5527 6952 6650 5157 1829 6435 1038 6250 4339 3579 3744 1839 1363 6263 3892 1766 4798 4754 2312 4115 1780 5627 3794 2090 6207 4303 6320 1682 1680 3191 6733 4989 6547 1991 2913 2625 5225 2540 5794 3523 5074 4866
45 6425 724 1284 6970 4943 4126 3215 6764 2517 795 5382 6093 5508 1231 3789 3698 337 6715 634 6646 6910 6758 3515 205 1549 4808 5483 441 23 5635 697 1275 3437 3836 4571 3494 6340 5640 2985 1906 5613 664 1537 5480 4079
84 5384 51 3894 3044 1547 6327 252 4238 1180 6031 4479 3955 1213 4012 6202 4002 2053 4140 3168 3204 6074 4063 5862 4488 3746 3213 3650 5147 2726 4794 6936 6141 733 3895 1051 439 839 6277 4060 3260 4833 3014 4132 2623 32 671 5176 4406 1546 2663 3621 6378 4786 1139 2620 2896 6218 714 6499 106 138 1114 2475 5277 4094 2457 6834 2931 569 6187 5003 4656 1062 1430 5495 1357 1739 2633 3956 2487 1256 4699 6768 1740
100 2570 1516 4797 1563 2938 1265 469 4028 5984 3477 5245 3505 5968 5835 3628 1535 2797 5677 5566 187 611 6994 5424 3805 1950 3361 3513 1056 5904 3359 1036 977 6530 6371 479 5232 1914 3707 237 6629 1074 378 6695 3813 3653 2793 6471 54 881 3046 1821 5724 1124 3832 5610 3875 1822 3116 2704 3311 3629 2918 2965 324 849 1951 2143 5818 1448 4777 5756 4509 3250 3687 901 1219 5276 566 3935 1548 4350 124 1326 1092 3078 5886 1188 1309 1668 311 5436 6622 432 125 2137 3022 5753 2249 529 5095
100 4057 288 3627 1918 2484 2682 373 2081 998 5628 5374 114 6661 2113 1306 5509 5624 1230 2246 853 3590 2205 4636 3444 2676 4144 1607 5026 3492 1292 262 6115 6660 4216 3592 6336 2411 2462 904 1211 5499 2532 2937 4579 5870 3208 6436 5339 5890 5085 2660 6244 3977 4882 1361 967 3978 2996 185 2741 3209 4886 6045 5048 423 2392 4103 1431 5025 6101 3568 6495 186 1538 5173 5871 5143 2294 3729 1015 4599 4939 6422 5235 4807 2029 892 384 5327 6682 2149 5381 2315 2412 4835 2910 5775 1273 4319 3624
100 1779 2690 3071 3985 912 650 4277 3640 6545 6894 1069 4246 2192 1923 5519 1775 6532 4578 3874 3766 1335 4608 946 5906 1939 4468 4952 2401 3318 4463 4646 6464 2319 2855 2760 5221 1624 5023 6828 4043 2224 156 1525 116 6645 6420 3825 87 6842 2909 757 2645 5139 2695 1420 6119 3731 5555 762 1763 2838 4098 6512 2950 2853 6428 6678 3001 5376 3158 462 1068 1253 1246 3290 2466 1982 5246 4507 248 6430 5331 24 2124 4364 182 6148 5791 6781 4705 1224 1984 5616 6544 4039 1603 4248 4292 3944 4315
100 6361 6632 438 3114 79 249 5080 1476 1852 3230 5 6021 6917 1000 94 1042 4478 1414 6822 5901 773 2052 6220 3884 2377 4394 4785 6957 4762 4918 2905 2768 6745 4771 377 4078 493 3333 5590 1137 4879 2082 1426 6359 1059 2271 511 1029 4618 3610 626 1346 5096 5169 2906 6305 5630 4987 5536 6850 6282 5491 5045 2651 6099 5621 1436 3941 1826 3220 3727 5385 715 2313 1506 3919 6044 5659 1089 5320 2836 3308 1993 2004 5373 793 5808 885 5728 474 3464 1694 698 6216 6930 21 73 4403 6387 2043
67 3741 1770 6252 3269 4993 1402 6386 6611 2883 6976 3711 6674 6357 5910 2725 553 55 3521 2114 3106 6146 3662 4823 5267 2982 5526 6784 6478 4174 3608 3018 1762 2200 4410 5278 4867 2358 2434 3759 4083 1568 991 6166 6191 5594 3807 897 1128 3231 3509 4285 1194 3175 1521 6407 2179 500 5391 5600 1207 1743 416 2144 1101 4733 4195 6511
35 5446 4062 2962 6531 6725 1783 842 2898 3451 1921 1598 1472 5343 4560 2268 1638 1066 3335 851 3126 5421 3924 4147 6398 906 1214 12 2384 460 4878 5129 1927 3815 5000 686
100 2196 3408 721 3273 4310 5911 5733 6423 1517 1818 247 6866 5599 5478 6405 557 4832 988 5678 2799 6295 6937 576 6001 2183 2431 4402 4102 3969 2188 333 1331 1930 6087 5092 900 3454 6477 5439 6718 2348 6317 3845 2559 6985 2118 6375 1490 5854 955 2354 6827 6349 792 1120 2296 6515 2605 6788 6234 5538 6584 1715 33 1429 4845 3262 4673 5359 6588 6160 4850 982 4065 661 1081 2874 3298 5115 2448 5238 2808 1627 69 4547 3983 420 218 6306 434 4783 1614 3157 25 554 3233 5693 624 2974 2325
35 6534 3818 4691 5922 365 2199 4524 2291 5464 3159 96 2749 1428 492 4693 6507 1562 274 5703 2340 4635 3416 4945 1351 541 4842 1997 4984 2461 3960 235 2337 1354 3467 4090
53 6274 1460 2007 1467 2477 4036 745 4795 1544 399 3503 2459 3115 601 6318 1889 5164 1102 2045 4516 386 2044 3607 3862 3905 3544 3070 4854 3717 4239 3110 781 20 2908 6197 854 5969 5459 6831 4084 5301 417 5999 291 6024 2109 3614 1891 4398 1941 5153 203 5485
35 772 627 6513 1202 6059 3232 6219 532 1004 3254 6270 411 4597 3079 5383 6635 2333 3951 6565 3072 3088 980 5839 5729 6286 6413 5880 440 5888 3375 3946 6232 3995 3679 431
100 5737 584 1688 2523 5952 5496 4114 5249 5188 3965 5690 227 5185 587 4107 6892 2552 2606 2714 2858 4265 268 909 5553 4735 2511 734 5367 4856 5402 6122 6908 3615 3398 3846 2871 1234 376 6393 37 2197 3154 6088 464 3928 2259 2440 514 4125 3034 3221 1904 6011 5982 6293 4836 4484 6686 2270 5948 6155 385 3389 4970 1528 5988 6344 4259 6721 2133 3282 1727 3101 2780 1281 5020 4390 1422 1606 1217 1596 6748 4482 3330 3970 1289 513 1801 3165 6756 4505 4934 3374 2684 3967 6356 1379 2769 3696 1669
35 4639 3324 1634 4082 5465 2159 2976 699 4178 5770 2788 6893 3410 2601 3452 3638 2705 6138 7000 923 3236 3543 4233 2301 1853 1844 3574 1405 6928 6367 2226 3755 1613 1615 1198
72 2569 5682 6795 212 3160 6113 6189 6452 976 6427 2150 280 6316 2869 6309 1057 2547 2232 5144 3147 4956 3824 5986 63 4346 2936 4676 6853 3258 1864 1455 4313 2785 1166 535 3606 3327 5504 3547 4382 6613 4352 2506 6226 1250 3517 4613 4429 6235 3618 5995 3108 4576 4296 442 2068 1144 5172 4354 2608 5832 3915 6117 6181 1534 4907 6922 696 5408 3678 5506 6722
100 3782 4552 823 5389 3083 2094 428 6440 4112 3750 5443 3736 380 2720 111 480 3297 6227 4020 4539 4972 2062 3718 6233 179 1965 4231 1186 5307 3287 3148 507 3795 449 3107 2930 5456 599 3321 997 6301 5222 4760 6640 2844 834 4995 2512 6331 6345 5724 4474 4709 2022 1383 2694 1953 4674 139 3015 6965 4309 155 1622 5426 5046 6596 1434 1565 1185 6979 4663 458 4076 3038 691 6684 3588 5039 6666 797 2413 2632 2482 2095 614 4074 6443 3499 1631 1328 5981 3352 360 4235 5994 1509 4541 4496 1825
100 5294 5931 5107 818 6967 5321 2276 898 999 4528 108 5399 809 347 6765 6089 6439 5781 219 2067 3479 1503 121 6370 2638 528 149 2595 133 4341 3246 6716 131 4326 1736 5954 3475 4081 3067 2351 5510 2986 677 80 6214 769 5354 220 5001 4564 1945 2513 5009 4017 1233 1791 3866 5217 5211 5762 6027 3530 3187 5899 5262 2356 3430 3431 5518 4226 3377 676 859 6343 3738 6323 2287 5166 2929 2841 2543 6872 3625 5603 178 5304 3760 6870 669 5927 2979 751 103 1203 6504 4357 5638 687 3796 3913
100 3122 5745 4703 190 3739 3121 5974 2290 4459 2282 5785 5248 971 6946 1671 4181 3957 3056 598 2740 5840 600 1386 6267 1601 5565 4436 3433 2079 5444 14 2250 11 3747 6809 4251 5670 6004 75 763 5740 2186 2406 2723 5811 5692 6034 3847 5137 2229 1945 327 5887 857 4637 320 2008 5348 6000 261 4732 3212 6906 3784 2688 300 3929 5067 3861 328 68 2438 1258 5576 6557 6084 4869 13 5597 5141 4417 1835 3546 1890 4747 2072 2636 5823 2700 3857 2119 6751 61 1352 804 6854 6480 1141 4698 4418
100 5987 5898 4293 3814 1590 6466 2402 1610 6339 5149 1949 3964 6578 2379 2744 4715 5920 2765 6999 6637 2369 5687 2002 1307 2201 4254 2221 5617 2216 2642 1070 6505 720 6467 2393 2550 821 5830 1561 2792 5105 2538 6041 3476 158 6064 4467 2450 5175 1121 2527 4059 2602 26 3062 336 4757 4314 1113 3778 5470 1159 3029 713 837 4782 3883 1623 5455 4555 6819 2347 3285 5716 543 6856 4751 683 5893 2222 1349 5180 2811 6052 6300 3716 4349 4688 3367 4049 2180 3890 5752 448 4317 3855 5127 1465 6843 2863
96 3291 1178 6690 1716 916 6460 5035 2330 278 2128 494 2764 3177 1168 5665 5776 3626 2306 2849 1612 6433 3693 313 4814 5783 5946 4563 4101 3565 2925 5098 1133 5366 6810 6294 1505 4874 4697 2465 1443 443 1176 5081 3721 2992 4831 3027 1958 5574 1 2537 1695 6627 2944 5807 2145 3761 2521 4106 1046 1752 1773 4559 4605 2971 2396 4700 5582 3199 5069 2258 3365 6303 321 5557 6742 878 503 6636 6639 512 5120 1683 951 3982 2578 6094 2549 2257 5427 4592 1884 3920 2424 2281 3316
47 161 5882 1686 3563 5868 1542 3510 819 4029 3932 2420 2070 2472 917 2219 1808 4594 3726 3604 3414 1964 5707 5493 2756 789 2492 2648 1796 510 3268 6521 6255 2367 954 5732 1076 3192 6702 6033 4800 1661 5029 2669 5036 5209 6549 2151
48 5747 4865 3922 118 2359 4268 564 4329 2995 5484 3200 3901 4123 5660 6125 5042 1356 675 192 6630 2184 5833 2479 344 6435 1184 1365 2028 6497 3224 1706 1504 6137 3171 4269 4395 4155 3981 2634 2096 4180 2274 651 140 126 4464 1050 3453
95 3630 530 1869 3435 5730 4188 3556 3612 4657 2987 5596 3725 2366 4520 1197 1287 1129 6432 4160 4532 6665 4353 1389 4334 2182 1375 2227 618 4159 3413 3076 855 3120 2136 649 943 4023 4252 6253 31 5002 6401 1998 5507 4619 531 940 5287 6869 4566 3867 2784 5512 1162 5397 6991 6262 4337 2845 28 2129 4075 1867 5422 282 4796 2185 2772 1569 3519 3117 4009 98 4379 2055 10 2597 2917 2895 2389 3827 6358 3743 2426 4897 3620 5218 4851 4145 2823 961 46 1512 5822 1497
100 2748 5925 6230 4227 1755 4415 3270 996 5017 5876 6735 310 3954 1832 2835 2789 5877 1145 2383 6679 6783 4789 418 5008 5996 226 4055 2761 2476 4087 4853 4413 2907 1514 1167 491 3127 1369 2994 465 3259 1161 1886 6699 1842 6437 5858 3205 791 3190 3334 1792 3506 1644 6193 6875 727 159 2380 3753 1461 97 915 872 5206 6773 2015 2148 1263 6203 3077 1439 4711 785 1023 5368 5604 3163 1915 5102 891 2154 5482 5392 4629 589 2305 4933 3054 539 1031 6934 5434 4788 6818 3329 2388 953 3300 3502
100 6475 2851 6133 2009 3317 4604 2966 1165 4501 2594 1008 1371 8 3478 4522 6097 3118 4440 1147 4846 2289 4210 3060 2746 1947 4573 6587 3916 3936 6205 1013 3407 4389 4828 5571 1621 5914 4591 6862 2397 4308 5809 4942 1238 2829 2702 3733 2691 794 67 5148 7000 5926 3966 4018 3149 2933 5755 3958 2817 525 1343 5160 4348 1573 2614 2879 2093 5417 1587 1432 3564 4295 6029 4911 2033 5991 1926 2809 4908 633 3715 322 5909 4997 5252 1393 6501 1218 3637 1654 2031 2812 4122 5365 6601 3141 6124 5494 6257
100 3658 2567 6981 1254 6157 444 3676 6954 970 4803 766 6419 4289 1340 407 2629 754 6384 2781 2767 1044 3450 2166 4517 4812 1630 1400 5892 5702 6804 147 4909 2309 4647 6337 4461 2255 6208 1530 4962 2317 6118 1917 4120 7 2443 2435 298 4706 6626 3331 3571 5435 281 4702 6593 4731 1240 6156 6960 6364 6840 6723 3642 5516 188 4312 306 2202 3959 6242 2103 3988 3682 266 6652 1199 2046 5335 3336 3404 6998 1151 425 5078 4690 2198 3594 710 4910 2088 5063 2130 6882 5943 4397 5539 3153 4086 450
100 736 6126 743 2155 755 3673 3904 3486 6571 2280 5030 882 2827 1267 4658 5361 6615 2395 2854 6648 6481 3950 4044 663 6251 2277 6472 4546 1459 5159 1028 5619 3808 3275 4447 2751 3504 4351 875 4610 1195 6381 5038 1342 2573 3283 2449 6368 2174 2508 5825 1293 1597 3645 71 3854 2585 1996 5345 5065 2160 2339 5208 1925 404 6468 6582 6103 1948 6448 6653 1876 674 4453 6669 3880 4741 2 509 2432 2530 6179 2969 4896 856 3665 2495 1449 3879 4283 637 4556 6363 1662 5765 828 2225 753 275 1685
55 5234 5657 4211 3911 2051 2061 4096 1724 1722 3381 3828 502 5380 4191 5625 583 3903 6717 3781 1599 1303 5282 6983 5330 3791 709 4276 4038 3307 2376 1353 1373 1830 3166 5280 4307 4338 2181 678 6586 2404 3303 5623 4470 1702 2759 3671 273 141 3096 5182 3758 2363 6883 2099
100 2231 5575 5758 1395 1210 3701 5992 134 2372 6258 4449 4793 4157 2586 1675 4948 3570 6416 216 3675 4373 6880 2932 5126 6990 2169 6628 6980 2621 586 6414 5154 6987 4824 5608 5715 2701 814 4526 6310 1423 4632 6408 2830 692 2445 4755 1138 3850 4734 5703 2696 3973 2674 3222 1522 1641 5632 3039 1976 3986 3518 5978 894 4327 2833 6905 3763 162 1229 2840 1933 6672 3055 5474 4499 845 4971 4947 177 3842 6895 1252 1508 4880 1385 4438 1698 1417 5521 5005 596 3493 3345 965 4377 3596 1719 1427 171
44 413 989 4976 6890 869 5423 6833 4985 1733 3987 3656 406 429 3004 5940 1370 5364 1243 590 3065 2777 3025 1491 6603 2422 5725 6128 319 397 1392 4323 1901 5683 4640 3100 5404 1463 2208 3102 945 5736 5652 2126 213
34 707 5405 6647 3075 3908 3947 6763 2362 1118 3931 2984 4986 1334 5865 4058 1803 862 1792 2816 3412 74 3173 2069 2639 5688 4531 6333 1701 913 194 6302 5788 4988 4965
37 2670 4130 5941 5051 3304 240 4593 1016 2177 4056 2654 4570 2677 5779 6939 847 1833 3037 4598 4220 5360 2293 3326 5425 4475 5935 6897 6290 5393 1156 864 2587 5735 2589 731 2860 2786
34 5013 4905 191 4935 4328 764 4013 4759 647 1873 276 2831 3061 6265 2080 6200 6621 2696 2492 3512 6014 2235 1649 4662 5414 6177 5853 1961 1946 2790 6319 472 5739 1583
86 3087 3373 3858 475 2194 4416 2824 2640 3253 4167 3338 4588 1396 4529 5983 6713 5746 2661 2189 2975 6688 5341 1441 3471 5349 2783 1570 5279 3063 5231 1163 1888 4280 1647 4511 4868 3099 6170 3700 6080 3216 1912 3511 3179 1411 4954 6399 1039 256 5930 2558 4422 5828 1109 6836 4404 128 4664 6597 6066 1045 2956 632 3267 937 6714 5990 1718 5353 4041 229 3497 6388 6878 695 2486 5503 424 496 95 4883 742 3639 305 1496 6299
100 1072 1882 3998 5667 4388 4428 4264 2233 5463 2454 1126 1586 3323 4967 348 1501 215 2275 3991 725 2802 5900 6555 6915 3097 400 936 6332 3923 1872 1294 3189 4197 4331 4445 2077 4207 6307 1605 1341 1879 6572 5611 905 2737 6188 6595 4371 1817 6098 3104 6245 6792 5622 6190 4051 4136 5326 3783 3183 2350 4026 646 5502 6050 5033 2980 6975 85 523 6865 1788 3310 4064 3541 652 6249 6259 6096 5323 4721 5308 2247 2089 5960 4306 4615 1589 1789 4164 3341 3757 4701 5091 6681 473 3210 2574 580 5966
92 6153 5766 5189 3910 1557 5457 82 163 5134 4052 1749 3026 4623 2973 2238 670 4193 3156 4990 2990 2360 4237 550 718 6007 6198 3569 4792 3081 6184 1175 2563 1482 6703 3017 4738 4726 1279 4247 2374 2334 5156 497 6602 1035 6496 6657 3775 4687 2821 5643 1858 3417 666 6211 4448 4924 2545 3394 5477 459 4003 5804 401 1226 3516 232 1849 3635 1532 2731 6023 5915 2681 1222 6559 5584 6569 2464 4557 3583 5879 1679 3655 5980 183 4769 1237 3140 5955 5780 3704
34 5685 1387 4414 941 2686 4228 578 1347 1259 2926 5718 2736 5228 625 5819 3057 2555 3689 30 1444 6599 1344 2955 739 4198 3354 3660 5975 5859 5654 6123 4457 2927 6963
34 437 292 1771 1684 6069 5505 2279 243 5187 6889 1043 5289 6055 2774 3648 822 4272 427 3370 64 3393 2583 4538 5410 3868 6777 536 741 3420 5300 4450 2891 5897 4917
100 4813 5577 5522 283 4670 5921 4779 975 1433 1296 6002 90 658 1445 1782 6135 1761 1922 830 2960 4172 1778 1908 5040 1553 5471 5028 3830 2635 5283 3032 1660 2220 5378 2501 805 3384 1009 4401 5415 1847 228 2237 2615 579 2732 4638 250 3085 4033 613 1339 6313 6820 767 5655 6369 1871 5379 1870 2758 1227 1920 3838 5790 3472 6526 2207 2030 5827 5694 4275 5184 6213 1019 4224 4844 4480 3069 2332 4921 4443 1907 2801 5936 1325 100 5488 4189 560 15 1657 1130 4392 3907 2560 1052 4627 1708 3833
34 848 6766 389 2131 6442 4127 3146 3426 5784 6736 6389 4183 5214 6311 1247 4322 1916 1854 4483 2803 4302 6149 784 5813 1085 4241 5942 3801 5395 6070 2846 4841 2100 1659
100 1239 5530 4234 6199 921 1095 6142 3800 6129 5270 1136 6297 3016 5556 4518 317 6726 257 4129 316 4255 5894 6961 4940 5298 6592 1865 4847 2175 5525 1462 136 5846 1248 2122 1932 3764 2967 6536 4358 260 2460 3438 6551 4941 1333 5573 2778 2161 1047 6869 4566 4802 2489 765 5076 4569 4950 6649 1626 3844 2868 3181 4572 1541 6298 5145 2708 6971 3031 1413 3553 619 6909 6077 4804 5651 6687 5047 5514 2361 1412 105 5112 6696 3418 3709 3776 1899 4286 3138 5114 4162 341 3774 4922 4498 4775 5152 242
77 2604 2779 3348 5838 5079 3 4622 2073 3507 3090 6755 2771 3033 5679 3008 6159 6421 2211 1628 2299 703 920 4266 6995 1078 6522 2437 798 5593 2576 6019 717 6109 3449 5101 1054 4441 5714 4150 1554 199 6091 2035 3668 3613 4206 3185 3803 2878 5722 4513 4611 1286 4617 5637 398 70 6659 3468 6268 4729 6671 2116 2414 1983 6800 5196 2428 1960 5528 787 1403 6796 4153 740 3584 2034
100 2005 5340 3263 5797 2483 6863 6451 3474 6523 2899 679 2496 2152 471 34 5275 4550 42 1959 5634 3853 4163 2815 3595 5615 3713 6130 3840 1084 3999 932 3184 3500 1017 1208 4630 3346 4214 969 1146 788 2968 4848 5680 3211 4642 238 5771 3914 5260 5317 4981 1314 6811 6624 5119 4092 1974 5803 6022 3797 835 3342 4583 2498 4750 776 2499 2019 4817 4320 6383 1611 5344 2945 5371 3710 5006 5812 6176 3885 4271 4661 4694 5881 6851 6575 5962 4648 430 2709 2264 4810 478 956 4375 4979 4898 6347 6676
100 1697 750 6958 6580 6664 5261 3347 5497 2405 2988 3732 5744 4655 4584 1099 5072 2782 3961 2134 5284 6449 3992 1785 5093 690 4460 2326 6516 6732 5902 2000 6438 233 4133 4243 1571 2890 5658 6720 628 1022 1187 4523 3997 6837 5296 368 4263 5205 3677 4889 352 3899 3887 1103 3350 4961 286 241 2693 6075 2058 1241 3562 6048 6752 457 2689 5663 5885 4137 4253 3357 6273 1018 939 3459 4620 1720 4325 5117 6120 6352 610 1714 5945 1677 2065 5015 3092 1149 86 863 3447 2528 4752 6167 409 1107 6351
44 6731 6321 1969 6816 4205 5428 307 6086 4284 6888 6506 489 5121 5432 5293 5062 6348 5375 455 1781 5146 1245 5971 1135 1954 4208 6397 4201 1978 3520 6517 3066 6111 1712 6158 6707 4355 522 1798 2659 521 6554 1097 5723
33 2885 2165 5774 1276 1012 6808 35 860 6056 57 6192 1827 3548 4902 1337 3043 5447 803 613 5259 1321 2415 1985 3279 3666 5912 811 5437 3705 151 2603 4362 1768
100 6136 5356 146 5542 255 1744 4186 5333 3003 1651 6658 1754 3448 2593 38 169 4978 6711 2728 6434 3897 4659 122 1096 1924 1235 2286 2408 1215 6654 2295 2212 5165 4270 6925 3481 2754 6966 6556 4641 5673 928 4399 1731 667 4495 1608 2699 6849 1862 5202 499 2678 5543 5760 4298 2884 4192 2139 6090 5094 402 6291 1787 4365 5274 2121 4278 3748 6308 1711 1646 2012 1895 4717 5587 4772 52 5560 6256 5511 6561 2649 3036 1171 3397 6923 4300 1190 6461 2839 4452 6168 5183 5672 1555 1970 542 2162 2912
33 4099 3749 6139 4859 3937 6441 6260 2565 689 5664 4861 6984 1689 6616 2112 5754 2718 5956 6603 3976 3125 6799 6832 3496 5071 3010 207 5263 5346 588 6871 486 6685
42 2076 3098 3239 5125 4822 5993 6918 1079 3823 6391 6802 5077 1928 3294 534 1533 2373 1645 2343 2378 968 6563 3485 1399 4873 6643 827 3470 5194 4431 1122 1001 1384 5537 3487 3706 3820 5674 2240 6947 672 519
58 29 957 5290 4612 3943 3575 5863 296 3178 919 2957 3740 5490 1767 2059 1153 6609 4653 4138 5717 4607 1225 351 3401 5799 3432 1972 2329 5068 711 5666 1507 1990 6116 4491 918 5564 2248 1204 6868 4677 22 746 3980 6164 2463 2562 5236 4660 3773 3419 1636 4862 6663 6171 2581 1021 6017
2 4139 2010
2 5227 120
2 3174 1244
2 7000 3953
2 1854 1725
2 6546 2590
2 5363 2230
2 4244 2685
2 2106 16
2 2745 5264
2 5049 6519
2 6104 4059
2 2739 4220
2 1584 5661
2 2494 3498
2 673 3277
2 6617 719
2 4669 6546
2 4059 3598
2 1359 2572
2 3307 3207
2 3723 737
2 3240 154
2 2292 662
2 217 3440
2 225 3669
2 6063 2344
2 2618 135
2 6245 5303
2 1491 1264
2 3143 217
2 5574 4510
2 3409 5438
2 5970 1104
2 2376 1080
2 1135 5299
2 4949 2875
2 4194 5097
2 2902 72
2 6051 4867
2 1055 757
2 2017 5155
2 4432 6104
2 2643 6076
2 2269 1155
2 2947 4442
2 1104 2354
2 1 2875
2 752 5934
2 2739 1364
2 2209 2481
2 711 2300
2 947 1794
2 5956 1264
2 3334 6385
2 1944 4913
2 6237 6623
2 5645 1282
2 1840 5547
2 1893 6354
2 3167 4361
2 2903 2283
2 3223 1734
2 2668 992
2 1748 1216
2 6641 752
2 6403 5253
2 2040 1182
2 4881 5547
2 4628 1479
2 803 6634
2 812 3150
2 3028 4929
2 2727 1881
2 1155 5731
2 6081 201
2 4916 1943
2 5889 6546
2 1244 6051
2 1748 3979
2 265 4184
2 1242 1473
2 4867 1856
2 3223 3571
2 1491 1717
2 3363 1364
2 1753 6787
2 6382 6169
2 4957 272
2 4892 938
2 209 1492
2 251 3144
2 3882 6848
2 6385 3280
2 1192 6382
2 2571 1419
2 6794 2724
2 3806 3752
2 6028 6382
2 1339 30
2 1419 1155
2 1625 3368
2 2102 2331
2 1112 1398
2 2643 3385
2 6913 3223
2 3714 4324
2 6107 1049
2 4 1549
2 6539 1127
2 5585 5884
2 923 6121
2 4854 4644
2 6095 771
2 5453 6063
2 4776 1216
2 1264 1549
2 4483 5934
2 3241 4202
2 4151 4240
2 5227 5700
2 702 547
2 5500 1809
2 1110 1678
2 5697 1473
2 1473 4384
2 3602 3280
2 3871 4
2 5394 4737
2 880 3111
2 2327 3104
2 5014 2014
2 6487 638
2 947 251
2 6914 3167
2 2763 48
2 825 1653
2 5971 1364
2 4756 938
2 5162 1172
2 72 1747
2 5453 4654
2 1655 6144
2 5648 3176
2 3485 5089
2 6028 868
2 2336 2947
2 1944 2557
2 6899 1244
2 3277 2190
2 6913 3223
2 873 2074
2 5174 3526
2 662 5772
2 135 5934
2 2102 2331
2 4860 3327
2 5609 2086
2 1900 2685
2 3385 5919
2 1772 3837
2 5504 2902
2 3806 6385
2 2527 3545
2 5895 6240
2 4091 4304
2 76 3576
2 2513 5100
2 5317 5550
2 2481 3170
2 205 4510
2 1945 694
2 2696 3498
2 3144 6169
2 1274 5019
2 369 6693
2 3385 4854
2 6974 923
2 4474 5724
2 2665 4006
2 1244 1315
2 4324 4053
2 4756 6110
2 4151 4474
2 5778 706
2 1559 1127
2 6598 5453
2 3284 5278
2 2340 115
2 6350 4719
2 3498 5895
2 665 4393
2 3174 350
2 1282 6728
2 5253 1875
2 4867 5633
2 5148 2631
2 886 6546
2 4202 3670
2 4867 1442
2 2001 4916
2 5202 6798
2 4361 3182
2 4393 910
2 6900 5872
2 1104 711
2 1264 626
2 5142 3126
2 3074 5233
2 6051 1559
2 6641 53
2 5469 3428
2 3691 6110
2 4929 3028
2 5708 361
2 1632 482
2 403 626
2 1242 4476
2 5286 1346
2 4854 5202
2 6623 5724
2 1551 6860
2 4048 6542
2 6852 803
2 3952 2041
2 5142 201
2 1293 3670
2 4944 1034
2 4545 4173
2 4684 2611
2 433 815
2 2386 5585
2 4048 6542
2 3409 4393
2 645 3871
2 4983 4304
2 3902 6838
2 6312 1088
2 5299 2492
2 30 6620
2 2919 5097
2 552 369
2 4957 4964
2 16 4118
2 5574 6860
2 2556 1182
2 6977 6076
2 2798 3104
2 6827 2354
2 2816 824
2 2297 6107
2 6641 5142
2 6028 2577
2 4324 729
2 6546 4279
2 7000 81
2 3488 4983
2 3953 482
2 846 1438
2 3689 30
2 4146 990
2 5918 6603
2 1952 3104
2 833 4048
2 6374 6144
2 1473 4704
2 5136 5128
2 729 1305
2 5264 6728
2 6618 4474
2 361 3940
2 800 2297
2 3689 3136
2 3888 1172
2 1784 3385
2 3223 800
2 2876 2822
2 3806 6953
2 5965 6341
2 3280 132
2 1442 979
2 3126 4476
2 1086 6076
2 5400 3299
2 225 2003
2 1952 2327
2 1055 1632
2 3670 2618
2 5452 201
2 6076 6977
2 1077 6585
2 1687 673
2 6977 1041
2 1411 702
2 2494 1216
2 2285 990
2 4139 730
2 2285 5288
2 2607 201
2 3223 4881
2 3822 6412
2 6076 800
2 102 5970
2 5589 5174
2 1854 5442
2 2970 3013
2 6081 6619
2 1026 1479
2 1397 4964
2 7000 6121
2 2662 3167
2 7000 807
2 6913 366
2 53 3670
2 4964 41
2 5396 665
2 3691 880
2 3488 5535
2 5583 4704
2 5661 4407
2 3428 4240
2 673 4606
2 3143 1438
2 5841 1821
2 499 4525
2 1155 30
2 1117 3559
2 3490 5291
2 6510 5970
2 6051 5278
2 5572 201
2 3327 6701
2 2745 3103
2 5299 6546
2 3280 3806
2 6491 3409
2 3839 4644
2 2671 6619
2 5285 5216
2 4059 1492
2 5317 4173
2 3221 662
2 2798 1320
2 4091 990
2 382 1692
2 3284 548
2 6110 5489
2 4131 2557
2 2919 1559
2 3385 2643
2 234 392
2 366 5647
2 3979 168
2 643 4381
2 5751 3144
2 1359 3560
2 3896 2010
2 6598 6063
2 3289 5489
2 3104 5570
2 682 1391
2 3144 120
2 135 3355
2 6560 668
2 3775 5782
2 5589 4669
2 2223 332
2 6382 868
2 4644 6701
2 3689 30
2 154 1038
2 3896 4199
2 6749 5130
2 2505 2386
2 5708 1635
2 3550 1551
2 789 1748
2 4442 4108
2 352 1038
2 3428 2963
2 2447 2623
2 5782 3775
2 45 2861
2 3428 4906
2 72 1747
2 5550 4212
2 1172 2571
2 2697 6560
2 1368 1346
2 1040 2923
2 4393 1424
2 4139 2590
2 4194 3636
2 135 1815
2 3831 6914
2 202 6374
2 81 1632
2 1526 1424
2 4510 5286
2 6560 5475
2 1040 2557
2 1104 2187
2 1831 1593
2 2451 3028
2 5666 4184
2 1952 5644
2 2003 2572
2 1177 5285
2 2590 4209
2 6341 4146
2 2300 1753
2 5049 6239
2 53 5089
2 540 3752
2 78 3775
2 3839 1734
2 265 3526
2 3669 1359
2 6623 251
2 871 4854
2 16 4118
2 168 990
2 5778 3871
2 1409 372
2 5299 5010
2 2668 3871
2 5934 5475
2 6121 2645
2 1228 2284
2 3488 2308
2 2297 5136
2 4510 1
2 2903 712
2 4384 1860
2 78 1075
2 6848 3052
2 4143 2662
2 3080 2017
2 3602 3703
2 1338 6590
2 6903 2668
2 645 1772
2 3691 4737
2 2344 3953
2 1026 5100
2 4916 6107
2 1693 6769
2 272 6977
2 1945 6236
2 115 2285
2 3940 295
2 5572 2611
2 5937 3498
2 3161 148
2 366 2861
2 6620 3382
2 5299 4776
2 2335 629
2 972 5648
2 6373 3214
2 3409 4244
2 2386 2492
2 1346 391
2 3334 2816
2 2297 366
2 3440 1274
2 603 3170
2 6395 2001
2 3052 2102
2 2049 3174
2 427 168
2 1282 4220
2 2223 5648
2 374 5438
2 1725 1127
2 2631 4913
2 3495 1088
2 3105 2631
2 3446 5648
2 1632 6403
2 1692 6903
2 3385 3571
2 168 914
2 4916 6076
2 2391 5233
2 5958 2535
2 3080 5055
2 1560 824
2 120 5724
2 2391 5504
2 5700 1821
2 2902 6634
2 6326 2631
2 6798 5749
2 5550 1088
2 4442 868
2 499 2571
2 3167 346
2 4432 2014
2 1593 346
2 2273 132
2 558 3161
2 6787 1104
2 5724 6237
2 757 5939
2 3865 1088
2 6619 2292
2 1567 3775
2 6373 6377
2 4951 2273
2 137 4184
2 6107 366
2 2331 5400
2 1492 2513
2 5199 1687
2 3136 5731
2 5162 665
2 1155 1793
2 1409 1451
2 120 251
2 6565 3072
2 5442 3636
2 1492 3598
2 3161 1293
2 5550 3495
2 3962 6913
2 3806 332
2 5475 2507
2 4486 6546
2 6953 6852
2 2531 3822
2 6237 1554
2 6042 6028
2 3925 6794
2 807 482
2 5010 369
2 1904 5142
2 4944 41
2 4744 4004
2 1588 3126
2 4135 2527
2 2970 1893
2 5201 635
2 2102 2331
2 3525 3882
2 4240 6618
2 3363 6693
2 2954 5918
2 382 6903
2 6760 382
2 2298 5264
2 5861 361
2 5648 3602
2 2527 6104
2 1526 1900
2 4299 265
2 5889 5970
2 4 3770
2 3176 383
2 3602 4132
2 6350 16
2 947 433
2 1409 5884
2 5201 3277
2 2453 2106
2 3241 4508
2 5202 1526
2 3428 3926
2 6953 3179
2 3912 1055
2 3488 5288
2 1041 1117
2 4135 711
2 3545 4025
2 30 3602
2 1860 4476
2 868 6382
2 2391 1411
2 2292 6848
2 992 6178
2 2531 4059
2 2941 1320
2 4756 4014
2 1055 2344
2 6095 873
2 5014 3111
2 3382 1792
2 6169 527
2 5453 2529
2 2403 6447
2 7000 757
2 789 6728
2 5500 201
2 4151 3198
2 4628 4139
2 3659 2970
2 3277 5220
2 5202 1424
2 5363 5751
2 5572 3882
2 1216 2505
2 6028 1893
2 265 5171
2 711 3598
2 3754 102
2 3170 4644
2 3013 225
2 1368 1447
2 1135 115
2 1994 643
2 4719 5782
2 148 6563
2 1359 1653
2 2665 6798
2 1282 2298
2 3888 1172
2 3176 1793
2 5772 5751
2 2300 2187
2 2497 5229
2 873 551
2 6121 5939
2 4951 132
2 1244 4867
2 1451 6037
2 4184 265
2 5535 4091
2 6899 4867
2 2283 3355
2 1112 1442
2 729 2331
2 2645 1632
2 6728 5010
2 369 6037
2 4916 272
2 5950 5442
2 6374 1172
2 4361 2001
2 6848 2292
2 1582 643
2 7000 81
2 1692 403
2 4139 6377
2 1944 4118
2 5292 3948
2 1489 2285
2 6178 4826
2 4194 2403
2 1038 352
2 1567 5148
2 6899 5155
2 5547 5609
2 5019 1900
2 1854 2403
2 245 3598
2 3028 4913
2 3485 3161
2 3334 3888
2 1447 5644
2 3881 2954
2 4442 5550
2 382 6903
2 4483 5934
2 1075 2497
2 1554 4240
2 3105 5148
2 5400 4151
2 711 5558
2 4719 3775
2 3363 5703
2 3968 4091
2 1836 6563
2 1049 3576
2 2492 789
2 5291 6395
2 1397 2001
2 5140 6350
2 372 4628
2 1836 6560
2 3182 1184
2 5645 4486
2 6546 6797
2 5609 272
2 673 1687
2 168 5199
2 1794 433
2 3382 3888
2 2556 135
2 2842 346
2 4004 6620
2 5136 272
2 1809 3714
2 4184 1479
2 1860 6244
2 5937 1135
2 6977 5128
2 1391 433
2 3264 5128
2 6144 4951
2 6746 2963
2 4131 2557
2 5856 6326
2 1815 2618
2 3786 711
2 6546 730
2 5731 6749
2 2865 6435
2 6914 5128
2 5841 225
2 202 4601
2 234 1438
2 2138 372
2 3150 938
