89 500000
78 84
84 66
66 2
2 19
19 22
22 14
14 87
87 65
65 10
10 34
34 71
71 76
76 9
9 48
48 58
58 83
83 23
23 26
26 70
70 6
6 73
73 61
61 43
43 82
82 21
21 40
40 59
59 15
15 45
45 51
51 60
60 38
38 55
55 25
25 63
63 4
4 69
69 56
56 86
86 12
12 80
80 49
49 37
37 53
53 74
74 20
20 18
18 72
72 24
24 13
13 8
8 32
32 46
46 77
77 89
89 52
52 31
31 30
30 17
17 88
88 1
1 64
64 54
54 11
11 28
28 29
29 44
44 85
85 81
81 3
3 36
36 42
42 35
35 41
41 27
27 62
62 33
33 47
47 75
75 39
39 57
57 79
79 7
7 68
68 50
50 16
16 67
67 5
