89 500000
89 1
1 88
88 2
2 87
87 3
3 86
86 4
4 85
85 5
5 84
84 6
6 83
83 7
7 82
82 8
8 81
81 9
9 80
80 10
10 79
79 11
11 78
78 12
12 77
77 13
13 76
76 14
14 75
75 15
15 74
74 16
16 73
73 17
17 72
72 18
18 71
71 19
19 70
70 20
20 69
69 21
21 68
68 22
22 67
67 23
23 66
66 24
24 65
65 25
25 64
64 26
26 63
63 27
27 62
62 28
28 61
61 29
29 60
60 30
30 59
59 31
31 58
58 32
32 57
57 33
33 56
56 34
34 55
55 35
35 54
54 36
36 53
53 37
37 52
52 38
38 51
51 39
39 50
50 40
40 49
49 41
41 48
48 42
42 47
47 43
43 46
46 44
44 45
