99 500000
33 48
48 63
63 16
16 45
45 57
57 40
40 15
15 46
46 96
96 71
71 64
64 99
99 18
18 85
85 36
36 84
84 69
69 9
9 6
6 97
97 43
43 2
2 50
50 78
78 75
75 38
38 87
87 86
86 68
68 11
11 83
83 19
19 4
4 90
90 20
20 37
37 23
23 27
27 98
98 65
65 79
79 44
44 31
31 88
88 41
41 76
76 24
24 35
35 5
5 93
93 74
74 39
39 72
72 77
77 60
60 32
32 54
54 22
22 80
80 95
95 3
3 17
17 14
14 81
81 8
8 53
53 1
1 49
49 67
67 29
29 12
12 26
26 62
62 42
42 70
70 92
92 21
21 10
10 51
51 73
73 58
58 13
13 52
52 34
34 7
7 55
55 94
94 56
56 59
59 89
89 66
66 28
28 47
47 82
82 91
91 61
61 30
30 25
