99 500000
99 1
1 98
98 2
2 97
97 3
3 96
96 4
4 95
95 5
5 94
94 6
6 93
93 7
7 92
92 8
8 91
91 9
9 90
90 10
10 89
89 11
11 88
88 12
12 87
87 13
13 86
86 14
14 85
85 15
15 84
84 16
16 83
83 17
17 82
82 18
18 81
81 19
19 80
80 20
20 79
79 21
21 78
78 22
22 77
77 23
23 76
76 24
24 75
75 25
25 74
74 26
26 73
73 27
27 72
72 28
28 71
71 29
29 70
70 30
30 69
69 31
31 68
68 32
32 67
67 33
33 66
66 34
34 65
65 35
35 64
64 36
36 63
63 37
37 62
62 38
38 61
61 39
39 60
60 40
40 59
59 41
41 58
58 42
42 57
57 43
43 56
56 44
44 55
55 45
45 54
54 46
46 53
53 47
47 52
52 48
48 51
51 49
49 50
