97 500000
67 63
63 78
78 17
17 46
46 5
5 27
27 87
87 45
45 47
47 35
35 73
73 38
38 57
57 3
3 2
2 31
31 71
71 52
52 12
12 42
42 4
4 19
19 85
85 29
29 22
22 72
72 89
89 9
9 20
20 60
60 79
79 80
80 96
96 11
11 65
65 51
51 21
21 26
26 82
82 13
13 56
56 88
88 61
61 28
28 34
34 54
54 6
6 66
66 1
1 81
81 10
10 68
68 8
8 37
37 44
44 15
15 43
43 77
77 24
24 94
94 70
70 64
64 92
92 59
59 39
39 32
32 41
41 83
83 16
16 18
18 48
48 30
30 7
7 97
97 90
90 84
84 36
36 91
91 25
25 50
50 76
76 75
75 14
14 40
40 58
58 74
74 86
86 95
95 53
53 93
93 49
49 62
62 69
69 23
23 33
33 55
