95 500000
58 30
30 79
79 8
8 62
62 46
46 70
70 33
33 6
6 20
20 82
82 7
7 78
78 80
80 73
73 86
86 71
71 16
16 61
61 50
50 29
29 49
49 40
40 14
14 76
76 42
42 83
83 34
34 24
24 84
84 35
35 90
90 41
41 95
95 47
47 22
22 68
68 11
11 51
51 67
67 91
91 5
5 44
44 19
19 56
56 52
52 10
10 72
72 63
63 65
65 18
18 32
32 23
23 26
26 25
25 36
36 87
87 9
9 57
57 94
94 31
31 53
53 4
4 75
75 3
3 43
43 39
39 2
2 55
55 69
69 74
74 48
48 15
15 77
77 37
37 92
92 60
60 45
45 13
13 85
85 89
89 81
81 59
59 54
54 21
21 12
12 28
28 93
93 27
27 17
17 38
38 88
88 66
66 64
64 1
