100
23 4
22 13
26 12
1 20
21 9
12 21
7 20
21 11
10 29
29 17
29 24
28 0
9 27
25 21
10 19
25 12
24 10
1 28
1 3
24 28
11 27
5 7
19 13
18 29
3 5
25 3
0 3
25 11
18 26
18 26
24 26
27 29
7 11
9 17
17 28
28 15
6 0
8 21
27 15
18 4
27 29
1 15
21 27
20 29
5 19
29 12
27 11
14 0
5 8
24 27
7 28
10 10
5 20
6 7
22 25
8 7
9 24
24 23
1 17
27 29
5 1
30 19
9 18
19 22
17 30
21 0
18 6
0 22
29 4
28 0
3 24
22 14
6 6
17 17
8 27
21 21
28 11
26 21
9 9
7 0
29 27
28 30
27 28
24 1
26 12
0 24
15 10
25 28
2 24
16 15
15 15
29 9
12 9
14 19
25 14
12 24
1 23
12 19
30 6
16 20
