100
10 30
27 5
30 10
4 1
26 27
24 0
20 20
16 23
4 15
23 23
5 15
5 26
26 5
18 24
16 5
16 27
17 10
6 5
24 7
22 1
2 13
5 10
12 16
4 21
6 28
27 6
9 16
6 28
13 30
6 5
7 4
6 15
8 17
16 28
10 16
4 17
0 2
26 7
9 19
22 28
23 27
26 10
13 29
17 22
16 13
4 25
8 27
15 26
13 24
27 16
30 1
28 14
5 14
10 13
15 28
30 28
16 22
11 3
17 18
2 24
11 17
25 13
22 1
22 24
30 7
26 7
10 24
27 19
28 24
12 19
4 16
23 10
2 26
11 21
8 15
19 16
21 4
28 0
12 29
0 14
5 5
3 12
25 4
8 2
19 29
24 15
3 8
9 24
0 18
24 6
12 20
30 12
0 29
30 3
20 11
18 21
7 25
24 25
20 22
19 12
