100
5 23
27 2
2 20
8 6
30 6
23 3
9 15
27 19
1 11
10 26
11 21
0 12
7 1
24 22
8 28
15 7
16 16
2 22
4 3
12 20
19 0
14 0
17 5
19 30
11 2
9 20
29 21
28 24
3 27
4 14
24 15
27 7
14 6
6 15
11 25
3 7
3 10
29 8
22 4
17 29
3 4
27 4
21 8
17 19
18 22
17 15
18 24
0 16
10 29
26 3
27 3
22 30
15 24
15 12
1 11
30 12
15 23
21 12
18 10
27 4
11 16
11 8
23 12
9 16
24 16
20 28
15 27
8 2
20 30
4 4
21 30
5 8
10 12
12 29
13 25
26 9
8 13
8 1
21 5
21 7
29 10
7 26
22 0
26 27
4 10
12 19
16 21
17 28
12 1
8 22
30 8
21 24
13 29
5 2
14 5
30 10
23 22
27 21
9 20
20 9
