100
24 30
29 28
14 0
25 10
1 19
18 20
19 30
12 7
14 11
16 8
4 23
9 9
6 4
4 15
4 6
5 15
13 14
28 27
19 22
22 26
22 14
5 15
26 4
30 18
1 1
1 24
7 25
13 26
14 9
7 11
1 1
12 17
5 1
30 10
17 7
26 9
11 21
18 4
25 10
16 18
28 23
20 5
14 15
2 27
2 2
27 30
12 25
6 4
21 16
16 24
25 5
18 10
18 12
2 0
27 30
29 9
13 18
26 29
15 9
6 30
27 21
21 19
8 27
0 5
0 19
4 14
21 15
23 13
7 13
24 5
5 13
27 8
25 25
10 21
5 10
24 6
16 29
7 19
29 1
17 15
30 23
22 26
27 7
27 24
10 23
20 7
14 30
6 15
12 4
7 0
9 3
3 18
1 15
10 29
21 26
16 25
0 7
28 21
19 25
10 21
