100
25 29
7 24
27 26
7 11
8 24
10 4
7 13
9 13
29 0
26 16
8 12
29 19
20 26
29 8
2 28
3 14
19 18
27 20
21 10
0 13
0 0
15 16
18 27
10 18
26 28
18 6
28 13
2 18
14 23
28 5
1 23
9 16
26 19
3 10
15 10
20 9
3 25
29 0
25 29
28 14
12 30
6 13
13 7
1 12
19 28
21 28
3 20
5 25
22 30
18 6
29 7
2 24
27 2
1 0
1 25
2 15
17 25
7 12
5 16
29 13
9 13
20 29
0 19
2 12
25 8
28 6
27 26
17 10
0 17
27 3
14 12
3 4
20 26
10 9
9 22
26 21
30 4
29 7
9 6
18 19
24 28
22 23
0 27
30 29
12 17
12 24
13 19
10 2
12 19
19 3
17 3
5 24
1 23
30 6
29 16
14 27
10 15
1 17
20 3
10 4
