200 1000 1
35 456 509
309 441 509
269 980 509
970 426 509
405 349 509
152 176 509
544 860 509
449 149 509
895 490 509
220 43 509
143 318 509
982 215 509
458 597 509
200 856 509
897 580 509
343 411 509
329 161 509
972 607 509
67 197 509
551 642 509
551 80 509
810 188 509
710 484 509
230 362 509
158 211 509
348 373 509
815 979 509
141 154 509
711 81 509
928 282 509
802 196 509
109 32 509
263 177 509
513 160 509
361 769 509
636 913 509
920 408 509
643 440 509
6 711 509
708 783 509
132 46 509
807 373 509
57 175 509
895 476 509
588 762 509
392 756 509
501 383 509
329 464 509
27 399 509
681 830 509
455 331 509
610 384 509
674 451 509
923 867 509
824 71 509
487 459 509
864 952 509
63 112 509
215 849 509
86 522 509
832 817 509
926 727 509
202 225 509
94 359 509
924 637 509
615 987 509
886 526 509
10 194 509
115 495 509
257 957 509
797 144 509
752 7 509
228 991 509
886 289 509
41 341 509
942 882 509
999 316 509
277 566 509
525 814 509
662 907 509
596 162 509
763 933 509
814 543 509
720 656 509
801 783 509
691 203 509
184 21 509
335 371 509
120 319 509
694 691 509
452 959 509
245 354 509
386 302 509
183 303 509
920 381 509
689 226 509
168 315 509
770 800 509
344 17 509
807 920 509
256 158 509
387 694 509
936 456 509
888 430 509
121 939 509
781 936 509
25 235 509
105 408 509
664 345 509
383 18 509
140 707 509
890 688 509
274 672 509
54 939 509
964 793 509
306 352 509
929 737 509
320 587 509
62 565 509
371 191 509
522 615 509
1 758 509
966 284 509
789 710 509
965 377 509
758 930 509
919 998 509
358 904 509
415 570 509
907 763 509
517 309 509
175 184 509
413 659 509
992 192 509
840 456 509
411 486 509
64 325 509
763 191 509
275 191 509
798 451 509
669 128 509
155 48 509
113 6 509
466 276 509
777 163 509
28 815 509
383 700 509
188 0 509
197 928 509
674 581 509
759 219 509
175 665 509
985 263 509
670 568 509
117 568 509
498 837 509
492 502 509
607 927 509
764 206 509
607 51 509
473 933 509
522 183 509
946 635 509
157 618 509
717 884 509
240 468 509
377 160 509
782 593 509
690 991 509
268 521 509
109 80 509
704 891 509
418 974 509
813 292 509
65 229 509
531 230 509
205 389 509
995 612 509
907 251 509
192 708 509
175 845 509
787 391 509
217 154 509
692 728 509
402 318 509
721 911 509
217 550 509
207 875 509
844 397 509
506 658 509
916 557 509
508 427 509
653 21 509
156 976 509
404 876 509
521 611 509
53 993 509
697 32 509
701 972 509
389 407 509
