200 1000 79
19 349 299
384 925 299
65 154 299
233 860 299
133 108 299
748 187 299
555 133 299
830 696 299
235 315 299
327 28 299
660 728 299
262 355 299
975 964 299
702 596 299
949 282 299
707 488 299
379 893 299
922 552 299
967 872 299
615 276 299
329 588 299
166 334 299
142 2 299
975 995 299
454 918 299
646 257 299
238 141 299
910 213 299
869 673 299
264 206 299
530 305 299
271 753 299
979 418 299
371 788 299
552 61 299
342 490 299
944 521 299
968 658 299
576 778 299
146 883 299
308 387 299
448 856 299
596 5 299
919 921 299
216 368 299
364 984 299
629 311 299
482 617 299
139 101 299
119 647 299
577 345 299
813 123 299
177 723 299
957 796 299
566 812 299
432 4 299
448 107 299
354 437 299
931 832 299
656 76 299
918 341 299
542 362 299
69 254 299
740 138 299
257 797 299
2 896 299
642 99 299
38 960 299
622 928 299
358 370 299
660 509 299
405 331 299
380 397 299
180 340 299
85 856 299
319 528 299
321 911 299
310 105 299
262 324 299
281 294 299
647 719 299
760 341 299
28 348 299
49 542 299
702 493 299
151 674 299
152 4 299
519 41 299
928 608 299
141 285 299
301 704 299
982 888 299
462 943 299
311 515 299
471 142 299
411 954 299
349 771 299
800 452 299
194 830 299
31 113 299
83 85 299
144 668 299
801 967 299
394 219 299
816 786 299
357 787 299
221 404 299
254 895 299
502 185 299
364 767 299
225 468 299
69 73 299
0 782 299
542 683 299
224 1000 299
456 593 299
522 433 299
708 49 299
737 735 299
891 861 299
251 678 299
424 37 299
273 225 299
854 510 299
340 330 299
729 185 299
862 42 299
326 789 299
246 322 299
264 74 299
842 571 299
329 529 299
177 383 299
527 901 299
371 132 299
934 171 299
510 630 299
344 823 299
874 33 299
796 870 299
394 497 299
860 800 299
664 338 299
741 124 299
715 696 299
647 484 299
294 37 299
849 227 299
390 118 299
30 318 299
398 370 299
607 607 299
967 600 299
541 97 299
865 459 299
377 871 299
672 772 299
543 80 299
60 69 299
27 316 299
799 620 299
416 871 299
976 502 299
635 801 299
549 250 299
390 17 299
449 764 299
319 626 299
921 332 299
666 783 299
677 423 299
736 181 299
523 172 299
450 704 299
705 943 299
824 200 299
925 898 299
380 837 299
894 956 299
786 966 299
881 796 299
637 158 299
379 701 299
584 876 299
276 171 299
614 614 299
224 73 299
354 208 299
952 750 299
883 865 299
133 699 299
310 652 299
222 326 299
375 744 299
755 113 299
118 868 299
253 791 299
466 827 299
646 683 299
676 594 299
