500 400 969
709 896 381
445 770 381
597 243 381
407 719 381
14 289 381
214 593 381
933 847 381
188 105 381
77 43 381
605 547 381
492 475 381
50 98 381
339 930 381
698 863 381
940 915 381
546 559 381
698 385 381
336 800 381
710 868 381
628 762 381
482 723 381
617 657 381
138 655 381
660 744 381
848 780 381
886 343 381
754 914 381
576 675 381
340 440 381
1 685 381
52 179 381
318 905 381
211 973 381
496 271 381
845 18 381
592 639 381
471 431 381
520 987 381
475 647 381
584 92 381
806 441 381
121 40 381
814 459 381
794 499 381
598 995 381
55 251 381
131 967 381
578 443 381
421 277 381
654 687 381
452 163 381
992 145 381
633 41 381
564 500 381
727 440 381
115 945 381
30 271 381
729 25 381
384 772 381
253 968 381
184 949 381
449 10 381
97 277 381
390 768 381
773 847 381
552 344 381
295 29 381
775 686 381
730 451 381
403 275 381
255 930 381
298 824 381
875 158 381
85 336 381
837 894 381
137 313 381
585 688 381
589 46 381
856 902 381
473 330 381
866 876 381
542 19 381
223 684 381
945 211 381
568 106 381
335 838 381
861 95 381
102 25 381
322 551 381
481 365 381
714 275 381
174 117 381
298 659 381
423 729 381
151 608 381
271 417 381
1000 906 381
424 132 381
882 49 381
452 19 381
919 761 381
177 493 381
59 221 381
796 478 381
224 456 381
78 828 381
440 724 381
752 373 381
391 353 381
264 661 381
180 4 381
66 641 381
952 838 381
102 611 381
448 413 381
794 756 381
374 75 381
903 667 381
418 452 381
536 884 381
445 983 381
181 405 381
273 697 381
933 291 381
98 292 381
519 601 381
630 751 381
692 671 381
960 870 381
854 698 381
588 654 381
196 895 381
382 454 381
690 366 381
379 30 381
51 14 381
969 452 381
82 626 381
169 625 381
128 244 381
218 60 381
475 122 381
188 886 381
631 543 381
366 355 381
171 850 381
832 94 381
273 138 381
226 152 381
169 177 381
504 2 381
923 209 381
33 545 381
675 915 381
605 45 381
867 415 381
16 562 381
494 837 381
486 722 381
906 749 381
200 483 381
401 215 381
44 228 381
619 313 381
241 865 381
472 701 381
562 30 381
852 533 381
22 593 381
527 15 381
213 316 381
489 510 381
565 246 381
271 937 381
898 82 381
724 15 381
483 509 381
552 804 381
696 886 381
731 493 381
770 516 381
486 491 381
296 555 381
308 222 381
498 90 381
769 716 381
437 402 381
138 565 381
465 389 381
917 646 381
904 684 381
332 284 381
260 947 381
398 754 381
227 710 381
861 332 381
287 460 381
340 911 381
382 841 381
98 812 381
385 339 381
367 958 381
112 504 381
649 656 381
265 667 381
737 280 381
868 696 381
971 110 381
53 79 381
564 112 381
967 730 381
228 192 381
386 157 381
878 46 381
122 943 381
19 758 381
814 813 381
289 145 381
40 161 381
84 505 381
757 499 381
925 342 381
913 917 381
292 197 381
389 974 381
460 151 381
965 898 381
554 302 381
9 736 381
989 937 381
752 170 381
663 409 381
155 694 381
35 512 381
813 849 381
156 123 381
404 795 381
366 183 381
484 251 381
958 576 381
16 349 381
665 97 381
392 431 381
891 50 381
351 393 381
275 141 381
726 672 381
424 501 381
850 953 381
725 877 381
510 443 381
571 173 381
199 855 381
18 830 381
559 214 381
82 173 381
790 953 381
626 743 381
142 70 381
703 596 381
233 904 381
222 807 381
525 917 381
556 246 381
926 361 381
275 366 381
250 608 381
294 138 381
310 52 381
837 821 381
517 36 381
527 222 381
541 734 381
813 994 381
79 167 381
930 696 381
970 829 381
801 605 381
212 408 381
411 916 381
946 174 381
365 481 381
170 157 381
345 8 381
124 234 381
682 873 381
844 671 381
621 718 381
823 891 381
113 20 381
702 159 381
585 337 381
301 991 381
629 33 381
89 64 381
777 615 381
38 175 381
899 631 381
237 656 381
960 605 381
571 738 381
536 452 381
86 965 381
448 955 381
285 949 381
809 678 381
80 109 381
241 247 381
269 523 381
810 236 381
51 103 381
694 49 381
569 829 381
1 933 381
237 718 381
773 349 381
411 604 381
881 314 381
641 923 381
458 555 381
276 287 381
282 680 381
91 51 381
47 10 381
572 530 381
526 900 381
942 415 381
644 661 381
100 54 381
775 692 381
627 9 381
451 660 381
663 409 381
196 894 381
596 300 381
405 188 381
761 878 381
542 324 381
543 337 381
9 827 381
896 774 381
279 421 381
392 432 381
229 322 381
373 397 381
91 741 381
845 399 381
749 455 381
990 367 381
502 179 381
375 892 381
599 62 381
100 415 381
351 825 381
182 876 381
58 402 381
605 930 381
729 593 381
853 644 381
695 570 381
566 656 381
436 223 381
809 506 381
104 89 381
116 934 381
633 923 381
448 749 381
743 13 381
812 605 381
983 172 381
907 359 381
546 266 381
129 329 381
325 548 381
153 473 381
220 896 381
915 662 381
741 678 381
716 175 381
710 897 381
975 458 381
765 115 381
955 866 381
166 523 381
801 56 381
56 136 381
4 383 381
76 329 381
239 912 381
918 770 381
660 37 381
640 978 381
9 768 381
369 474 381
42 403 381
131 638 381
644 371 381
15 637 381
996 422 381
414 777 381
246 25 381
867 378 381
514 353 381
420 345 381
61 404 381
190 749 381
133 919 381
316 989 381
308 147 381
289 563 381
637 382 381
969 972 381
888 901 381
175 940 381
976 538 381
356 749 381
773 7 381
317 792 381
678 328 381
156 956 381
361 766 381
887 54 381
309 857 381
247 573 381
675 112 381
864 117 381
712 790 381
615 78 381
606 723 381
792 423 381
833 592 381
359 557 381
315 669 381
399 35 381
92 58 381
459 936 381
421 44 381
781 676 381
649 485 381
705 73 381
278 391 381
913 935 381
644 707 381
990 502 381
860 941 381
253 222 381
152 178 381
79 198 381
837 94 381
846 62 381
617 161 381
942 673 381
298 458 381
699 975 381
924 219 381
955 859 381
743 556 381
915 834 381
913 296 381
20 417 381
552 65 381
914 612 381
69 386 381
427 475 381
338 292 381
896 308 381
859 888 381
177 575 381
205 195 381
455 640 381
992 152 381
880 425 381
238 944 381
454 566 381
83 958 381
528 165 381
390 422 381
822 749 381
31 916 381
852 730 381
113 333 381
331 981 381
966 4 381
888 657 381
728 218 381
43 906 381
829 22 381
227 427 381
136 677 381
793 740 381
599 14 381
764 249 381
663 228 381
694 483 381
534 161 381
717 959 381
530 285 381
557 712 381
580 948 381
962 82 381
