500 400 731
527 810 326
955 238 326
477 787 326
977 447 326
953 355 326
446 786 326
728 339 326
189 759 326
733 814 326
153 337 326
522 340 326
229 845 326
965 167 326
28 204 326
94 705 326
188 171 326
589 867 326
287 352 326
815 828 326
110 389 326
516 979 326
393 377 326
957 60 326
881 973 326
270 292 326
36 540 326
110 28 326
268 647 326
217 644 326
842 991 326
93 98 326
492 814 326
136 254 326
572 880 326
131 365 326
910 302 326
838 50 326
690 934 326
334 44 326
274 573 326
150 451 326
67 837 326
908 205 326
205 889 326
992 500 326
838 336 326
116 688 326
288 121 326
202 296 326
919 508 326
485 588 326
20 797 326
666 166 326
437 658 326
34 702 326
627 71 326
408 582 326
205 875 326
732 322 326
761 141 326
940 967 326
618 567 326
848 432 326
432 579 326
309 956 326
990 740 326
90 599 326
89 321 326
844 18 326
309 708 326
528 439 326
333 820 326
975 32 326
607 926 326
730 526 326
526 487 326
361 268 326
481 233 326
906 887 326
885 608 326
974 792 326
924 89 326
148 929 326
376 95 326
452 673 326
598 335 326
70 924 326
107 653 326
816 975 326
976 947 326
331 631 326
385 994 326
732 883 326
783 835 326
688 785 326
303 707 326
231 143 326
130 240 326
960 30 326
737 612 326
434 812 326
782 346 326
405 838 326
940 86 326
338 44 326
851 663 326
270 537 326
206 529 326
263 674 326
925 493 326
941 9 326
76 550 326
396 552 326
882 651 326
349 657 326
472 46 326
364 182 326
985 409 326
978 330 326
367 797 326
845 133 326
566 208 326
406 742 326
872 69 326
448 707 326
841 401 326
12 692 326
534 919 326
937 919 326
501 286 326
774 996 326
549 178 326
553 745 326
734 814 326
919 188 326
726 196 326
976 126 326
452 555 326
343 702 326
182 365 326
961 877 326
902 579 326
846 550 326
71 779 326
268 726 326
949 198 326
694 340 326
194 468 326
188 111 326
893 435 326
215 296 326
280 402 326
172 941 326
830 681 326
934 630 326
535 180 326
572 483 326
651 642 326
632 724 326
23 804 326
44 170 326
686 361 326
310 756 326
983 753 326
30 239 326
220 711 326
647 357 326
954 592 326
102 783 326
983 655 326
51 805 326
939 143 326
228 139 326
645 740 326
19 534 326
247 231 326
542 499 326
854 25 326
422 319 326
184 976 326
481 576 326
360 866 326
348 962 326
529 691 326
103 769 326
606 616 326
200 132 326
973 465 326
287 511 326
763 116 326
763 81 326
933 204 326
408 969 326
291 741 326
375 722 326
570 38 326
891 490 326
134 747 326
44 382 326
516 158 326
860 526 326
157 670 326
265 52 326
984 283 326
210 950 326
235 489 326
370 371 326
674 695 326
860 951 326
939 743 326
543 238 326
367 949 326
957 626 326
369 943 326
36 807 326
278 456 326
399 935 326
909 921 326
7 956 326
425 731 326
715 296 326
116 781 326
452 655 326
176 744 326
757 954 326
31 114 326
490 45 326
932 904 326
367 865 326
310 610 326
442 17 326
598 644 326
697 320 326
605 361 326
158 831 326
290 99 326
334 120 326
215 854 326
456 944 326
945 520 326
813 149 326
368 252 326
375 953 326
851 843 326
664 930 326
870 955 326
707 87 326
645 731 326
803 114 326
530 511 326
953 923 326
470 536 326
409 463 326
392 928 326
98 877 326
173 68 326
636 12 326
798 60 326
72 954 326
120 428 326
37 711 326
445 549 326
84 428 326
514 592 326
866 793 326
449 623 326
520 505 326
952 472 326
193 263 326
189 468 326
721 623 326
891 682 326
296 173 326
796 632 326
59 690 326
530 807 326
699 447 326
908 244 326
288 743 326
633 251 326
947 453 326
801 844 326
610 513 326
401 996 326
507 234 326
516 911 326
762 554 326
132 297 326
137 891 326
251 536 326
624 282 326
78 682 326
440 642 326
801 222 326
288 726 326
15 490 326
715 230 326
165 474 326
469 668 326
751 253 326
781 664 326
849 341 326
568 957 326
555 824 326
112 342 326
161 924 326
674 661 326
255 221 326
937 998 326
189 874 326
241 674 326
291 842 326
483 290 326
456 47 326
573 72 326
166 897 326
947 516 326
736 590 326
484 401 326
43 526 326
803 879 326
356 447 326
298 241 326
8 473 326
137 39 326
513 867 326
734 800 326
862 698 326
836 21 326
884 574 326
978 914 326
276 307 326
71 785 326
203 638 326
75 770 326
818 26 326
255 994 326
302 113 326
592 436 326
576 701 326
758 638 326
502 168 326
938 619 326
0 180 326
457 798 326
50 11 326
274 719 326
917 241 326
919 181 326
169 195 326
406 536 326
746 794 326
792 649 326
691 255 326
47 539 326
416 390 326
545 38 326
17 517 326
53 751 326
287 694 326
483 98 326
419 746 326
49 725 326
456 785 326
810 454 326
632 29 326
266 555 326
362 499 326
977 967 326
773 310 326
640 916 326
623 493 326
111 899 326
718 767 326
775 355 326
481 295 326
20 477 326
485 136 326
74 713 326
114 620 326
551 689 326
693 645 326
506 419 326
698 980 326
323 514 326
538 531 326
274 601 326
968 867 326
639 747 326
253 471 326
620 675 326
799 962 326
670 739 326
499 709 326
269 786 326
134 449 326
858 32 326
999 95 326
365 689 326
711 770 326
926 117 326
909 997 326
856 148 326
373 363 326
864 929 326
489 1 326
473 866 326
119 759 326
14 220 326
275 835 326
471 382 326
509 904 326
579 259 326
246 164 326
350 822 326
435 981 326
732 18 326
284 367 326
989 181 326
428 690 326
50 675 326
313 388 326
764 419 326
175 235 326
813 824 326
747 303 326
303 170 326
177 660 326
429 798 326
698 285 326
736 101 326
306 448 326
679 835 326
841 338 326
318 576 326
704 171 326
816 514 326
477 899 326
199 761 326
360 782 326
692 687 326
621 611 326
765 7 326
761 954 326
351 656 326
170 171 326
791 359 326
482 198 326
935 365 326
758 200 326
730 74 326
878 726 326
462 199 326
160 699 326
110 928 326
496 747 326
210 727 326
6 595 326
934 947 326
615 628 326
340 175 326
538 107 326
613 418 326
371 66 326
743 699 326
47 88 326
425 597 326
560 829 326
292 96 326
249 614 326
664 991 326
66 102 326
742 2 326
35 523 326
707 208 326
719 467 326
401 871 326
56 507 326
780 997 326
616 219 326
258 698 326
140 357 326
252 219 326
826 283 326
786 296 326
259 526 326
537 211 326
326 716 326
998 12 326
576 328 326
611 915 326
126 586 326
628 787 326
34 709 326
312 882 326
153 772 326
337 683 326
605 752 326
488 220 326
977 618 326
