10000 20 183
653 839 7
681 678 7
673 337 7
917 815 7
560 982 7
438 96 7
320 765 7
362 189 7
343 259 7
357 668 7
711 400 7
144 799 7
630 988 7
507 742 7
847 117 7
450 826 7
472 45 7
551 332 7
250 564 7
424 497 7
527 14 7
347 918 7
221 580 7
4 369 7
257 912 7
711 946 7
784 346 7
786 859 7
606 269 7
366 157 7
982 101 7
897 646 7
288 216 7
545 302 7
494 815 7
191 685 7
993 119 7
144 986 7
961 251 7
242 777 7
646 850 7
419 99 7
538 416 7
242 332 7
130 321 7
757 341 7
877 53 7
114 480 7
240 41 7
525 893 7
954 435 7
735 980 7
324 34 7
488 511 7
884 293 7
758 826 7
208 708 7
444 103 7
786 3 7
227 917 7
372 398 7
834 532 7
303 0 7
665 606 7
61 729 7
465 728 7
526 359 7
318 848 7
514 40 7
220 715 7
372 712 7
321 39 7
194 153 7
707 416 7
214 976 7
239 846 7
328 914 7
791 963 7
374 577 7
104 728 7
761 894 7
240 780 7
476 570 7
589 480 7
908 480 7
975 628 7
36 12 7
221 558 7
927 644 7
893 977 7
184 461 7
440 308 7
248 657 7
918 476 7
201 902 7
625 492 7
892 934 7
921 127 7
892 241 7
609 171 7
605 937 7
338 211 7
891 740 7
485 812 7
103 949 7
200 336 7
322 163 7
9 40 7
53 480 7
401 709 7
288 414 7
665 243 7
403 239 7
805 678 7
230 908 7
175 604 7
311 873 7
805 54 7
76 760 7
899 170 7
912 759 7
327 990 7
987 996 7
329 504 7
160 282 7
183 289 7
267 573 7
100 457 7
116 221 7
55 445 7
128 616 7
181 168 7
900 398 7
745 961 7
152 16 7
134 978 7
793 406 7
909 779 7
223 251 7
568 61 7
888 104 7
847 820 7
268 954 7
130 402 7
699 632 7
431 74 7
382 195 7
669 31 7
635 2 7
23 83 7
928 948 7
582 901 7
333 422 7
159 954 7
12 327 7
550 800 7
31 240 7
339 867 7
108 167 7
106 369 7
625 366 7
551 346 7
243 825 7
388 978 7
42 830 7
686 340 7
347 305 7
414 116 7
342 748 7
349 77 7
415 508 7
837 46 7
294 857 7
791 323 7
699 584 7
851 690 7
409 521 7
532 764 7
289 400 7
137 401 7
139 208 7
636 563 7
843 388 7
0 817 7
173 370 7
252 52 7
213 652 7
936 726 7
627 989 7
891 174 7
352 327 7
948 289 7
916 266 7
143 491 7
157 162 7
218 585 7
764 557 7
220 776 7
710 483 7
578 961 7
568 105 7
807 458 7
240 181 7
50 589 7
194 944 7
830 294 7
627 162 7
954 746 7
595 31 7
765 131 7
307 248 7
185 227 7
90 618 7
655 2 7
234 593 7
920 673 7
363 543 7
407 378 7
788 437 7
478 51 7
965 753 7
204 598 7
63 370 7
169 446 7
986 132 7
226 232 7
118 487 7
46 508 7
539 111 7
766 540 7
577 898 7
20 643 7
74 31 7
935 481 7
151 542 7
442 422 7
634 153 7
805 54 7
445 726 7
643 544 7
796 943 7
722 561 7
241 870 7
153 451 7
162 232 7
709 911 7
476 940 7
796 550 7
540 335 7
981 848 7
311 218 7
308 473 7
988 980 7
427 377 7
648 11 7
25 723 7
748 299 7
103 432 7
973 204 7
243 754 7
870 66 7
282 13 7
907 285 7
482 804 7
372 783 7
741 662 7
665 405 7
798 442 7
750 171 7
859 721 7
817 915 7
11 953 7
382 102 7
160 294 7
54 214 7
972 242 7
306 753 7
233 828 7
429 103 7
231 544 7
22 12 7
308 232 7
559 615 7
309 647 7
667 487 7
899 393 7
168 205 7
805 702 7
129 905 7
941 575 7
964 120 7
434 369 7
430 825 7
742 41 7
29 605 7
995 115 7
920 913 7
798 237 7
765 883 7
423 808 7
143 129 7
236 919 7
983 834 7
396 530 7
113 815 7
849 842 7
401 680 7
565 358 7
766 348 7
756 388 7
766 495 7
24 929 7
724 834 7
217 146 7
301 850 7
120 517 7
221 527 7
499 374 7
835 655 7
264 477 7
969 742 7
460 349 7
174 424 7
958 76 7
369 938 7
245 530 7
431 535 7
841 707 7
154 324 7
956 993 7
136 945 7
594 314 7
21 911 7
798 734 7
136 766 7
195 338 7
724 947 7
115 273 7
242 517 7
197 158 7
880 140 7
119 548 7
133 668 7
170 264 7
919 738 7
930 953 7
409 426 7
126 731 7
752 101 7
270 252 7
479 414 7
607 500 7
423 987 7
226 58 7
835 938 7
966 683 7
380 61 7
208 56 7
466 41 7
24 669 7
222 110 7
630 243 7
763 674 7
289 137 7
754 576 7
462 303 7
8 378 7
154 650 7
386 593 7
983 301 7
588 882 7
935 182 7
63 873 7
620 428 7
764 476 7
802 676 7
881 411 7
223 919 7
9 10 7
698 778 7
721 3 7
783 248 7
548 553 7
408 659 7
248 226 7
587 609 7
757 220 7
311 495 7
536 186 7
996 200 7
210 698 7
364 272 7
175 789 7
862 64 7
888 907 7
912 390 7
714 587 7
807 141 7
650 173 7
916 355 7
155 311 7
756 743 7
583 704 7
918 608 7
338 330 7
208 395 7
680 720 7
920 282 7
141 764 7
363 179 7
862 587 7
53 120 7
451 651 7
834 955 7
250 649 7
262 59 7
665 139 7
587 629 7
511 283 7
300 98 7
646 854 7
960 936 7
212 884 7
45 865 7
725 987 7
137 895 7
514 695 7
807 553 7
534 626 7
113 280 7
675 102 7
10 804 7
450 376 7
602 474 7
350 756 7
234 725 7
375 698 7
388 432 7
971 954 7
113 280 7
320 280 7
998 465 7
887 508 7
17 80 7
687 282 7
599 820 7
990 563 7
390 694 7
342 368 7
230 174 7
207 467 7
537 598 7
311 952 7
227 270 7
621 751 7
831 931 7
679 740 7
585 564 7
642 745 7
964 578 7
329 82 7
595 144 7
5 919 7
973 303 7
412 164 7
784 492 7
422 74 7
627 352 7
883 219 7
230 807 7
491 884 7
809 527 7
221 222 7
303 248 7
764 423 7
386 253 7
57 905 7
934 661 7
536 222 7
13 876 7
677 153 7
814 788 7
655 745 7
373 767 7
385 523 7
326 576 7
527 424 7
484 404 7
618 651 7
41 816 7
323 841 7
506 795 7
364 11 7
432 311 7
631 644 7
395 980 7
677 456 7
186 169 7
667 990 7
681 558 7
685 892 7
219 677 7
806 171 7
31 358 7
972 861 7
806 873 7
348 442 7
984 981 7
461 326 7
689 286 7
768 390 7
948 271 7
592 193 7
248 596 7
679 640 7
284 639 7
376 582 7
708 396 7
609 495 7
449 183 7
37 390 7
714 542 7
465 140 7
257 256 7
918 984 7
646 764 7
98 559 7
626 725 7
495 29 7
743 227 7
151 982 7
194 917 7
489 788 7
690 81 7
810 363 7
239 307 7
475 877 7
845 449 7
317 12 7
493 85 7
246 13 7
907 207 7
10 380 7
126 618 7
648 284 7
577 778 7
566 134 7
298 920 7
243 175 7
302 931 7
53 138 7
967 151 7
392 133 7
119 483 7
527 981 7
877 125 7
989 613 7
885 434 7
762 374 7
905 333 7
207 900 7
979 623 7
726 80 7
893 987 7
566 888 7
593 716 7
125 739 7
548 845 7
636 340 7
669 255 7
152 667 7
341 786 7
350 507 7
704 393 7
693 1000 7
131 632 7
852 619 7
86 280 7
395 799 7
764 362 7
96 713 7
261 479 7
766 129 7
641 466 7
707 50 7
451 889 7
7 358 7
113 952 7
642 295 7
966 107 7
694 910 7
417 972 7
418 348 7
395 693 7
250 307 7
244 791 7
541 387 7
941 310 7
992 966 7
224 213 7
794 167 7
772 596 7
440 567 7
376 654 7
190 123 7
671 499 7
797 98 7
931 884 7
173 708 7
922 427 7
891 86 7
87 478 7
323 150 7
632 469 7
792 492 7
821 413 7
516 148 7
918 492 7
589 149 7
92 216 7
74 412 7
874 36 7
359 758 7
252 68 7
342 117 7
313 815 7
711 220 7
581 356 7
186 821 7
2 293 7
503 335 7
748 641 7
23 164 7
302 952 7
549 245 7
612 49 7
960 747 7
238 875 7
479 854 7
370 661 7
782 590 7
413 247 7
183 153 7
794 616 7
94 25 7
352 365 7
27 431 7
527 772 7
628 683 7
311 716 7
735 715 7
839 483 7
78 278 7
676 209 7
430 709 7
880 760 7
929 25 7
998 82 7
251 475 7
808 654 7
74 665 7
90 554 7
165 480 7
126 932 7
732 11 7
617 207 7
888 620 7
38 354 7
196 472 7
673 971 7
120 729 7
943 752 7
793 978 7
777 772 7
903 500 7
905 316 7
176 851 7
687 247 7
818 988 7
426 805 7
734 39 7
108 187 7
389 880 7
493 719 7
729 794 7
316 665 7
600 590 7
742 851 7
711 145 7
336 799 7
340 780 7
260 866 7
484 302 7
262 322 7
94 985 7
267 148 7
532 398 7
875 350 7
420 451 7
955 42 7
988 909 7
805 600 7
998 840 7
610 383 7
859 943 7
540 53 7
871 779 7
105 522 7
550 554 7
124 863 7
859 390 7
854 256 7
82 765 7
564 175 7
585 789 7
599 748 7
506 855 7
791 305 7
353 420 7
913 502 7
431 369 7
617 344 7
868 322 7
852 270 7
310 33 7
858 507 7
146 179 7
735 725 7
856 645 7
361 640 7
473 648 7
138 410 7
61 656 7
9 913 7
557 430 7
685 377 7
98 471 7
618 782 7
36 124 7
530 495 7
444 262 7
932 642 7
167 311 7
825 698 7
550 422 7
378 326 7
849 506 7
748 944 7
272 546 7
297 722 7
669 199 7
210 439 7
484 488 7
914 653 7
341 493 7
977 358 7
359 322 7
329 855 7
358 415 7
513 503 7
507 1000 7
557 975 7
120 534 7
574 629 7
785 65 7
253 832 7
81 779 7
36 956 7
687 172 7
11 799 7
294 873 7
560 431 7
339 226 7
691 688 7
754 156 7
651 187 7
958 44 7
770 72 7
556 299 7
58 142 7
944 368 7
88 418 7
408 607 7
708 778 7
805 468 7
346 365 7
25 371 7
495 234 7
475 192 7
491 341 7
418 715 7
835 756 7
47 75 7
178 804 7
518 256 7
668 776 7
524 71 7
116 34 7
343 1 7
848 992 7
305 787 7
267 371 7
291 385 7
855 695 7
668 462 7
806 842 7
372 704 7
90 302 7
327 165 7
374 614 7
519 809 7
685 225 7
202 443 7
860 679 7
670 532 7
279 925 7
628 953 7
604 211 7
491 75 7
10 442 7
729 303 7
667 583 7
525 1 7
423 703 7
543 943 7
746 223 7
189 393 7
726 724 7
34 219 7
873 109 7
188 562 7
970 570 7
675 632 7
831 566 7
276 27 7
873 502 7
647 46 7
351 365 7
195 224 7
636 262 7
848 445 7
915 83 7
55 534 7
165 319 7
374 120 7
783 498 7
429 783 7
284 395 7
915 875 7
114 848 7
32 720 7
908 220 7
262 680 7
76 367 7
996 518 7
204 402 7
160 874 7
326 300 7
731 893 7
578 668 7
340 647 7
289 93 7
918 369 7
171 711 7
749 781 7
988 698 7
444 11 7
246 585 7
456 700 7
999 225 7
813 944 7
440 869 7
570 384 7
188 66 7
777 231 7
636 964 7
925 336 7
373 393 7
225 517 7
439 665 7
1 563 7
492 530 7
536 8 7
880 176 7
51 950 7
992 841 7
655 601 7
114 73 7
741 356 7
331 27 7
691 917 7
91 475 7
166 172 7
424 507 7
613 79 7
8 993 7
481 539 7
63 77 7
129 154 7
995 406 7
949 669 7
7 534 7
768 233 7
443 910 7
848 697 7
214 448 7
249 448 7
956 847 7
700 189 7
671 398 7
856 778 7
192 262 7
665 516 7
912 380 7
65 270 7
464 255 7
244 760 7
161 26 7
495 41 7
200 836 7
738 989 7
33 527 7
607 558 7
457 614 7
152 810 7
185 303 7
198 714 7
502 826 7
23 77 7
648 882 7
340 384 7
758 1000 7
336 349 7
501 34 7
152 414 7
395 258 7
105 542 7
566 567 7
655 78 7
427 699 7
180 216 7
549 602 7
471 597 7
471 18 7
838 711 7
517 222 7
862 659 7
862 469 7
957 979 7
700 610 7
362 173 7
994 725 7
177 550 7
652 987 7
201 786 7
28 993 7
599 7 7
758 430 7
787 285 7
901 733 7
817 331 7
795 199 7
78 126 7
751 509 7
651 553 7
882 1 7
570 340 7
762 736 7
815 880 7
164 814 7
791 28 7
603 733 7
79 811 7
694 187 7
247 981 7
259 409 7
622 753 7
718 573 7
191 277 7
763 465 7
742 751 7
859 66 7
184 215 7
251 450 7
421 582 7
590 495 7
638 47 7
869 373 7
234 446 7
559 934 7
183 665 7
25 442 7
354 345 7
948 789 7
402 936 7
987 130 7
867 216 7
308 84 7
487 669 7
179 741 7
981 442 7
775 350 7
921 146 7
805 802 7
5 414 7
793 529 7
593 117 7
327 481 7
773 572 7
841 210 7
55 107 7
865 534 7
763 229 7
617 560 7
634 101 7
817 285 7
784 449 7
953 318 7
620 4 7
296 338 7
511 997 7
619 515 7
844 4 7
312 411 7
270 240 7
970 197 7
953 647 7
86 924 7
969 965 7
972 444 7
822 782 7
210 314 7
862 457 7
101 278 7
18 812 7
356 745 7
254 256 7
298 470 7
739 142 7
624 85 7
236 208 7
183 619 7
761 434 7
145 955 7
21 115 7
27 252 7
804 32 7
803 214 7
252 230 7
147 146 7
797 729 7
149 557 7
946 327 7
422 343 7
12 671 7
148 321 7
185 640 7
207 966 7
811 447 7
26 386 7
679 258 7
273 975 7
9 811 7
936 777 7
797 173 7
254 12 7
954 326 7
300 899 7
39 463 7
683 198 7
989 551 7
607 575 7
578 18 7
692 882 7
316 306 7
707 175 7
609 302 7
495 116 7
696 27 7
435 292 7
131 309 7
979 514 7
281 674 7
530 563 7
602 990 7
315 906 7
856 17 7
996 129 7
745 708 7
827 209 7
517 901 7
119 293 7
578 777 7
807 849 7
750 631 7
249 63 7
438 889 7
928 195 7
247 846 7
357 806 7
191 320 7
466 452 7
193 246 7
533 637 7
461 602 7
856 54 7
851 479 7
683 141 7
65 473 7
759 338 7
767 123 7
895 898 7
963 941 7
426 5 7
895 554 7
777 694 7
704 7 7
254 855 7
948 254 7
309 655 7
103 195 7
431 682 7
94 655 7
220 317 7
608 442 7
38 917 7
810 658 7
6 816 7
475 898 7
805 827 7
404 947 7
560 359 7
615 196 7
355 844 7
294 688 7
0 541 7
986 284 7
296 779 7
88 95 7
257 973 7
43 778 7
318 423 7
601 515 7
911 891 7
191 487 7
68 4 7
119 788 7
50 111 7
564 442 7
830 567 7
132 86 7
217 977 7
225 344 7
19 378 7
166 400 7
564 890 7
201 610 7
411 223 7
657 381 7
829 247 7
504 1000 7
208 965 7
958 527 7
348 392 7
363 428 7
23 808 7
587 1 7
477 473 7
433 424 7
765 917 7
806 82 7
246 359 7
989 353 7
1 613 7
743 426 7
361 995 7
946 962 7
933 544 7
133 967 7
653 345 7
43 141 7
437 408 7
358 788 7
699 274 7
537 650 7
482 925 7
740 589 7
240 177 7
295 135 7
760 471 7
21 255 7
653 670 7
163 625 7
543 576 7
552 569 7
430 266 7
996 461 7
813 327 7
21 837 7
729 311 7
736 823 7
516 785 7
695 177 7
54 513 7
416 791 7
886 759 7
868 351 7
145 227 7
359 781 7
305 599 7
971 454 7
993 168 7
960 936 7
977 131 7
151 816 7
924 467 7
916 907 7
606 390 7
283 316 7
749 666 7
199 715 7
840 155 7
771 252 7
24 883 7
376 293 7
309 515 7
299 301 7
609 819 7
125 329 7
223 700 7
499 307 7
431 220 7
126 636 7
943 0 7
245 210 7
687 851 7
289 381 7
169 11 7
714 297 7
504 505 7
505 939 7
878 711 7
639 231 7
97 341 7
930 718 7
478 372 7
588 857 7
612 562 7
937 629 7
224 467 7
716 345 7
72 157 7
419 94 7
463 274 7
308 259 7
563 137 7
644 865 7
891 208 7
433 31 7
392 248 7
830 188 7
855 778 7
235 242 7
524 958 7
795 844 7
168 928 7
750 618 7
88 242 7
378 397 7
316 174 7
212 671 7
124 407 7
252 31 7
125 507 7
460 494 7
392 33 7
968 74 7
390 421 7
82 794 7
371 601 7
148 264 7
143 877 7
967 513 7
356 487 7
4 310 7
616 284 7
404 107 7
323 615 7
527 472 7
538 187 7
458 122 7
293 296 7
344 528 7
90 419 7
382 909 7
192 231 7
248 779 7
670 698 7
443 461 7
139 785 7
969 498 7
28 322 7
892 631 7
382 461 7
607 931 7
924 715 7
548 344 7
17 658 7
773 432 7
854 549 7
862 927 7
923 853 7
706 118 7
476 200 7
697 639 7
682 490 7
551 789 7
727 157 7
410 292 7
345 448 7
275 177 7
444 460 7
551 371 7
400 400 7
812 48 7
235 465 7
894 289 7
772 919 7
647 565 7
854 937 7
497 229 7
188 27 7
921 852 7
904 541 7
843 957 7
10 341 7
943 801 7
273 270 7
815 820 7
54 417 7
294 262 7
752 23 7
377 909 7
854 160 7
942 109 7
980 483 7
30 289 7
93 382 7
195 503 7
472 474 7
896 849 7
715 536 7
840 796 7
454 645 7
258 199 7
523 642 7
809 535 7
622 560 7
278 743 7
245 153 7
181 883 7
806 183 7
203 358 7
586 239 7
46 725 7
964 840 7
749 618 7
805 117 7
467 417 7
986 599 7
696 644 7
220 629 7
547 492 7
662 330 7
179 811 7
165 630 7
916 687 7
561 941 7
452 925 7
288 224 7
180 941 7
262 628 7
451 920 7
856 913 7
71 391 7
781 760 7
736 757 7
593 433 7
54 312 7
815 203 7
392 251 7
895 715 7
490 953 7
98 845 7
688 940 7
662 310 7
198 624 7
436 95 7
655 993 7
530 604 7
427 715 7
421 112 7
100 40 7
29 286 7
782 709 7
183 980 7
768 332 7
588 201 7
351 328 7
569 318 7
513 54 7
130 148 7
755 852 7
129 229 7
497 617 7
340 726 7
756 660 7
982 84 7
179 471 7
410 196 7
200 661 7
459 183 7
981 816 7
711 234 7
711 353 7
760 708 7
12 286 7
617 896 7
258 69 7
425 629 7
643 223 7
954 596 7
500 427 7
563 86 7
917 924 7
884 424 7
286 213 7
946 397 7
161 948 7
240 818 7
185 338 7
611 46 7
262 682 7
273 425 7
627 625 7
448 881 7
787 975 7
571 568 7
68 27 7
503 996 7
146 421 7
837 310 7
829 481 7
280 363 7
330 886 7
800 107 7
767 918 7
404 566 7
201 115 7
220 174 7
201 799 7
160 914 7
724 344 7
904 591 7
115 294 7
58 827 7
953 804 7
770 954 7
709 436 7
607 904 7
886 25 7
329 820 7
224 354 7
60 626 7
235 753 7
88 711 7
412 828 7
568 398 7
663 768 7
657 745 7
588 833 7
336 828 7
968 591 7
628 408 7
429 662 7
302 189 7
561 957 7
154 8 7
579 66 7
863 966 7
965 235 7
95 784 7
430 528 7
907 485 7
241 639 7
790 351 7
730 707 7
726 134 7
36 949 7
862 963 7
877 840 7
856 30 7
521 92 7
133 682 7
563 443 7
904 848 7
221 310 7
896 352 7
15 477 7
677 393 7
722 765 7
522 491 7
467 936 7
495 859 7
104 7 7
327 684 7
424 373 7
241 409 7
506 784 7
700 611 7
166 297 7
104 100 7
581 374 7
620 355 7
788 710 7
554 218 7
18 597 7
686 153 7
802 535 7
816 563 7
549 136 7
316 248 7
233 674 7
577 468 7
958 964 7
983 839 7
910 507 7
740 972 7
369 695 7
111 866 7
828 464 7
689 455 7
276 119 7
549 790 7
394 877 7
764 336 7
274 176 7
882 766 7
304 527 7
675 580 7
670 169 7
589 420 7
172 730 7
1 486 7
671 612 7
289 388 7
434 945 7
839 361 7
33 207 7
696 589 7
949 805 7
621 759 7
862 292 7
927 413 7
783 757 7
704 756 7
339 739 7
675 147 7
166 362 7
203 992 7
871 765 7
210 203 7
4 114 7
435 121 7
426 278 7
126 876 7
959 137 7
130 597 7
370 589 7
231 216 7
569 187 7
792 453 7
404 437 7
479 357 7
121 683 7
780 579 7
198 869 7
550 281 7
699 844 7
923 322 7
127 508 7
921 375 7
246 418 7
379 899 7
774 584 7
940 146 7
530 347 7
252 254 7
125 756 7
139 881 7
794 713 7
471 797 7
551 633 7
182 988 7
113 209 7
204 505 7
206 942 7
423 293 7
204 135 7
145 72 7
194 71 7
373 926 7
412 996 7
17 633 7
797 226 7
599 505 7
872 933 7
436 480 7
138 398 7
820 565 7
796 781 7
822 963 7
205 368 7
854 224 7
224 364 7
421 791 7
207 12 7
664 838 7
141 902 7
575 636 7
819 672 7
54 0 7
102 495 7
115 628 7
126 911 7
736 800 7
674 930 7
816 907 7
459 770 7
949 454 7
263 838 7
799 478 7
344 923 7
643 487 7
355 850 7
193 430 7
78 514 7
253 302 7
326 292 7
288 87 7
506 696 7
686 736 7
24 566 7
194 862 7
848 81 7
329 8 7
612 387 7
498 509 7
256 361 7
129 88 7
852 527 7
953 284 7
700 783 7
833 527 7
43 114 7
328 493 7
765 251 7
76 800 7
908 105 7
277 978 7
357 30 7
286 509 7
859 456 7
77 797 7
71 530 7
520 632 7
666 219 7
605 39 7
518 348 7
977 109 7
760 515 7
924 651 7
887 199 7
842 236 7
716 540 7
840 767 7
664 160 7
7 432 7
349 895 7
124 348 7
258 493 7
796 597 7
47 829 7
295 535 7
498 76 7
69 348 7
542 423 7
705 251 7
861 591 7
158 270 7
685 74 7
867 845 7
345 387 7
967 372 7
611 704 7
87 1000 7
97 925 7
292 580 7
431 114 7
717 839 7
288 161 7
607 728 7
842 467 7
883 570 7
179 101 7
736 130 7
125 923 7
661 315 7
211 25 7
850 611 7
15 339 7
728 853 7
904 238 7
979 671 7
588 246 7
216 736 7
361 161 7
326 825 7
910 658 7
859 522 7
456 122 7
866 465 7
375 781 7
605 235 7
848 805 7
561 65 7
613 191 7
756 917 7
353 929 7
485 517 7
447 467 7
266 461 7
168 15 7
209 215 7
70 488 7
476 118 7
746 188 7
671 206 7
603 809 7
866 863 7
542 932 7
632 876 7
176 219 7
188 341 7
380 880 7
459 118 7
385 13 7
296 690 7
738 760 7
835 32 7
310 881 7
704 108 7
561 715 7
629 103 7
948 507 7
94 611 7
81 280 7
832 738 7
459 268 7
317 159 7
406 880 7
238 868 7
664 306 7
506 586 7
587 85 7
557 139 7
372 398 7
455 568 7
239 775 7
70 531 7
315 345 7
929 401 7
663 755 7
826 525 7
834 698 7
199 939 7
818 772 7
277 756 7
959 284 7
319 598 7
49 458 7
790 730 7
756 933 7
234 906 7
962 468 7
710 925 7
422 31 7
885 407 7
918 988 7
736 420 7
423 976 7
158 447 7
827 957 7
407 839 7
205 361 7
477 142 7
418 739 7
942 842 7
509 446 7
510 96 7
65 19 7
762 55 7
118 527 7
957 44 7
161 274 7
498 939 7
672 391 7
714 343 7
614 215 7
403 905 7
687 408 7
186 591 7
26 163 7
868 453 7
838 224 7
99 66 7
40 830 7
700 432 7
798 660 7
20 43 7
325 373 7
985 549 7
634 600 7
377 89 7
975 996 7
787 883 7
458 78 7
10 318 7
743 819 7
994 637 7
895 639 7
837 326 7
786 632 7
145 102 7
5 896 7
899 609 7
41 293 7
66 36 7
578 585 7
814 844 7
43 848 7
340 664 7
208 462 7
10 37 7
429 280 7
527 60 7
492 845 7
235 643 7
903 977 7
342 262 7
493 761 7
22 575 7
174 365 7
416 92 7
788 236 7
228 484 7
608 187 7
722 429 7
839 575 7
471 270 7
845 626 7
195 440 7
221 831 7
389 229 7
874 587 7
861 954 7
849 128 7
277 824 7
215 303 7
943 112 7
106 985 7
616 287 7
315 45 7
734 645 7
781 887 7
639 522 7
669 805 7
467 209 7
906 83 7
752 963 7
902 434 7
691 634 7
924 350 7
753 754 7
801 676 7
840 882 7
630 297 7
2 977 7
464 742 7
954 496 7
446 719 7
560 307 7
40 32 7
150 631 7
267 362 7
290 996 7
922 525 7
850 479 7
790 706 7
222 987 7
163 65 7
360 768 7
888 829 7
216 615 7
680 465 7
813 878 7
953 497 7
635 333 7
850 506 7
807 358 7
741 340 7
255 829 7
566 901 7
84 832 7
105 161 7
795 578 7
290 607 7
746 598 7
523 274 7
355 524 7
511 446 7
591 869 7
59 795 7
883 700 7
670 111 7
369 278 7
219 704 7
619 592 7
677 447 7
111 900 7
196 923 7
2 699 7
525 830 7
767 348 7
795 178 7
540 49 7
974 445 7
132 805 7
451 796 7
163 504 7
211 952 7
613 806 7
284 224 7
296 300 7
81 394 7
770 617 7
999 362 7
181 808 7
462 483 7
5 95 7
6 178 7
27 893 7
122 567 7
146 486 7
926 877 7
256 135 7
828 569 7
576 916 7
589 747 7
415 691 7
76 278 7
742 496 7
371 757 7
742 272 7
719 137 7
123 433 7
801 932 7
351 540 7
119 878 7
928 474 7
133 813 7
876 253 7
949 92 7
978 485 7
143 428 7
480 793 7
421 281 7
407 213 7
427 219 7
528 803 7
932 836 7
134 914 7
883 59 7
723 351 7
903 958 7
751 591 7
940 437 7
782 26 7
334 483 7
326 297 7
717 872 7
412 810 7
617 315 7
605 278 7
446 152 7
823 606 7
492 838 7
491 486 7
334 996 7
60 441 7
332 773 7
140 416 7
365 917 7
388 866 7
348 679 7
372 63 7
171 980 7
754 117 7
755 87 7
165 535 7
592 446 7
413 920 7
403 799 7
853 682 7
391 204 7
925 141 7
142 566 7
9 342 7
537 114 7
236 66 7
849 782 7
107 841 7
765 762 7
440 940 7
476 28 7
727 572 7
669 958 7
222 707 7
407 53 7
240 461 7
970 191 7
192 740 7
587 619 7
581 23 7
795 823 7
354 958 7
633 337 7
52 271 7
756 458 7
867 126 7
399 397 7
777 731 7
868 792 7
274 457 7
707 660 7
184 25 7
986 368 7
849 770 7
817 40 7
965 723 7
355 787 7
257 499 7
428 560 7
339 921 7
985 516 7
493 193 7
273 549 7
412 329 7
883 759 7
523 560 7
126 931 7
723 484 7
657 295 7
684 531 7
574 990 7
785 901 7
351 365 7
349 578 7
618 346 7
504 94 7
954 599 7
491 100 7
650 523 7
511 978 7
408 27 7
998 588 7
631 326 7
558 521 7
220 596 7
539 53 7
305 534 7
244 202 7
703 1000 7
560 470 7
129 743 7
438 7 7
307 164 7
912 55 7
424 710 7
942 384 7
940 441 7
713 12 7
630 517 7
334 499 7
722 529 7
544 576 7
746 668 7
724 470 7
804 384 7
505 817 7
128 10 7
109 887 7
670 777 7
42 873 7
284 23 7
90 727 7
720 992 7
941 28 7
110 255 7
724 387 7
405 986 7
801 879 7
527 176 7
201 384 7
253 346 7
206 102 7
306 939 7
329 166 7
667 282 7
789 533 7
706 669 7
513 316 7
13 787 7
970 871 7
223 924 7
666 772 7
669 201 7
842 567 7
765 159 7
964 726 7
270 84 7
566 51 7
688 298 7
785 854 7
371 376 7
372 625 7
901 401 7
690 391 7
971 319 7
973 703 7
288 539 7
963 273 7
653 204 7
911 324 7
966 474 7
121 848 7
375 612 7
269 705 7
809 132 7
435 950 7
903 656 7
547 356 7
180 647 7
646 804 7
169 871 7
971 728 7
815 368 7
442 224 7
72 620 7
935 803 7
2 20 7
440 148 7
494 358 7
159 693 7
251 483 7
956 711 7
609 207 7
782 6 7
498 183 7
273 959 7
36 451 7
88 770 7
233 821 7
639 901 7
570 426 7
386 899 7
500 338 7
950 988 7
636 468 7
111 263 7
209 346 7
763 195 7
572 161 7
300 675 7
456 18 7
722 529 7
434 87 7
935 544 7
768 769 7
233 394 7
646 194 7
332 252 7
750 731 7
377 8 7
897 523 7
366 255 7
393 660 7
644 710 7
205 547 7
193 457 7
743 276 7
214 443 7
953 422 7
248 122 7
612 83 7
31 641 7
951 635 7
233 310 7
190 87 7
63 909 7
272 806 7
866 271 7
124 781 7
874 220 7
906 320 7
130 368 7
96 685 7
712 870 7
362 602 7
830 756 7
160 904 7
134 261 7
210 227 7
935 490 7
173 669 7
777 15 7
599 901 7
972 993 7
802 290 7
900 276 7
976 716 7
623 789 7
95 820 7
421 582 7
549 228 7
657 794 7
580 163 7
768 357 7
495 702 7
688 310 7
772 595 7
854 616 7
117 656 7
121 968 7
17 416 7
807 616 7
666 88 7
227 341 7
596 176 7
460 546 7
415 676 7
439 656 7
798 383 7
565 290 7
627 779 7
999 530 7
625 449 7
165 797 7
581 454 7
329 773 7
671 530 7
762 496 7
714 847 7
767 636 7
351 443 7
555 305 7
804 381 7
758 474 7
361 931 7
226 902 7
262 455 7
47 245 7
779 15 7
211 191 7
617 430 7
903 598 7
734 21 7
906 406 7
185 544 7
793 339 7
566 43 7
974 115 7
901 375 7
801 538 7
458 42 7
716 158 7
931 887 7
162 592 7
629 148 7
621 144 7
499 860 7
305 521 7
61 815 7
781 801 7
798 694 7
304 30 7
14 382 7
24 989 7
395 608 7
300 174 7
656 186 7
684 562 7
631 905 7
271 52 7
601 607 7
241 658 7
643 105 7
372 403 7
323 965 7
41 236 7
22 551 7
227 393 7
570 639 7
122 800 7
898 924 7
410 165 7
854 538 7
220 497 7
807 697 7
274 923 7
182 691 7
110 937 7
160 607 7
58 171 7
405 54 7
122 826 7
847 912 7
138 474 7
931 472 7
927 632 7
669 358 7
182 277 7
112 221 7
613 120 7
694 735 7
59 659 7
861 296 7
919 631 7
750 782 7
22 126 7
886 165 7
774 130 7
443 246 7
371 437 7
693 917 7
552 929 7
497 723 7
835 336 7
209 556 7
518 433 7
903 953 7
729 16 7
369 5 7
874 579 7
752 772 7
177 166 7
996 113 7
168 340 7
596 31 7
382 873 7
960 387 7
550 379 7
909 4 7
700 369 7
156 643 7
552 323 7
487 4 7
123 117 7
896 512 7
768 888 7
120 625 7
278 898 7
631 292 7
582 245 7
621 971 7
437 540 7
433 332 7
800 314 7
468 613 7
710 517 7
146 296 7
872 384 7
566 436 7
865 777 7
991 90 7
666 309 7
368 312 7
614 253 7
873 379 7
309 377 7
725 388 7
751 394 7
111 404 7
699 243 7
255 10 7
222 583 7
5 419 7
46 810 7
583 332 7
293 746 7
750 576 7
8 185 7
478 706 7
99 151 7
700 346 7
929 926 7
461 128 7
483 65 7
807 91 7
227 364 7
930 363 7
402 157 7
21 803 7
637 885 7
791 205 7
303 9 7
764 308 7
274 511 7
78 971 7
884 8 7
381 143 7
809 489 7
202 105 7
351 525 7
520 196 7
138 832 7
536 204 7
234 345 7
736 599 7
277 414 7
705 72 7
379 985 7
822 240 7
639 72 7
793 333 7
516 712 7
268 461 7
865 181 7
591 212 7
647 552 7
559 898 7
254 86 7
56 264 7
810 882 7
216 899 7
816 45 7
936 122 7
626 637 7
874 95 7
204 687 7
858 972 7
604 186 7
108 683 7
299 331 7
532 597 7
489 595 7
695 532 7
908 672 7
478 453 7
255 179 7
946 16 7
245 593 7
725 770 7
257 257 7
707 662 7
11 918 7
434 424 7
49 747 7
998 872 7
596 933 7
463 670 7
905 111 7
773 999 7
966 183 7
609 441 7
978 639 7
638 89 7
333 531 7
239 563 7
760 68 7
991 750 7
818 335 7
272 441 7
955 26 7
829 391 7
365 883 7
512 396 7
86 215 7
442 224 7
466 982 7
611 588 7
551 878 7
418 794 7
538 449 7
899 90 7
411 463 7
221 767 7
534 795 7
98 937 7
817 251 7
881 908 7
599 593 7
644 262 7
591 675 7
810 676 7
457 769 7
830 734 7
165 636 7
434 207 7
486 912 7
364 843 7
489 561 7
1 518 7
73 667 7
845 340 7
962 178 7
647 872 7
862 15 7
341 558 7
345 797 7
655 476 7
104 713 7
788 738 7
757 983 7
664 91 7
482 513 7
333 462 7
558 1 7
965 901 7
53 254 7
863 863 7
770 128 7
819 517 7
258 58 7
271 748 7
136 372 7
671 793 7
392 250 7
631 421 7
707 536 7
929 566 7
746 685 7
984 792 7
210 752 7
977 862 7
70 456 7
224 826 7
411 1000 7
318 684 7
135 30 7
1 891 7
488 871 7
20 403 7
882 171 7
63 568 7
960 776 7
753 198 7
937 970 7
353 243 7
548 705 7
907 713 7
840 595 7
240 659 7
864 978 7
255 894 7
531 454 7
176 896 7
952 143 7
433 346 7
625 82 7
953 939 7
587 419 7
203 832 7
507 366 7
182 131 7
202 202 7
220 920 7
9 19 7
312 381 7
30 739 7
86 100 7
451 373 7
134 744 7
423 537 7
12 462 7
904 824 7
370 953 7
41 27 7
8 876 7
18 322 7
747 524 7
821 242 7
102 31 7
707 410 7
309 868 7
978 773 7
661 328 7
172 984 7
265 840 7
8 930 7
396 54 7
536 369 7
545 441 7
350 307 7
242 104 7
728 696 7
75 184 7
210 931 7
475 502 7
920 171 7
226 901 7
840 896 7
131 921 7
734 659 7
130 995 7
869 182 7
503 131 7
115 401 7
716 348 7
497 636 7
468 384 7
661 111 7
85 526 7
974 757 7
443 520 7
518 274 7
652 589 7
177 31 7
837 943 7
146 517 7
410 921 7
19 91 7
383 193 7
990 62 7
438 572 7
631 724 7
95 99 7
298 433 7
991 411 7
201 129 7
45 966 7
446 674 7
445 540 7
815 30 7
792 835 7
88 855 7
624 290 7
933 615 7
665 388 7
548 219 7
140 786 7
562 148 7
470 381 7
359 711 7
952 752 7
604 837 7
63 863 7
234 665 7
162 460 7
173 903 7
399 232 7
152 62 7
407 490 7
385 150 7
691 912 7
253 195 7
71 594 7
76 487 7
718 144 7
595 451 7
563 711 7
870 811 7
145 867 7
76 393 7
249 636 7
442 211 7
111 307 7
889 438 7
431 601 7
528 371 7
201 546 7
641 480 7
230 603 7
133 826 7
69 905 7
53 504 7
884 788 7
927 248 7
816 961 7
945 76 7
309 696 7
604 923 7
795 781 7
286 321 7
466 14 7
394 902 7
627 747 7
183 503 7
812 383 7
223 766 7
574 645 7
313 670 7
831 975 7
991 392 7
522 811 7
958 879 7
878 67 7
32 65 7
668 999 7
609 843 7
859 789 7
331 158 7
517 388 7
738 652 7
162 780 7
694 384 7
651 984 7
136 432 7
647 554 7
769 790 7
113 366 7
498 503 7
117 247 7
522 496 7
695 299 7
495 428 7
132 458 7
201 466 7
603 259 7
118 149 7
54 484 7
344 570 7
243 50 7
61 741 7
379 287 7
897 860 7
571 8 7
703 463 7
591 116 7
834 604 7
549 815 7
400 313 7
74 909 7
978 733 7
816 262 7
825 146 7
414 555 7
422 561 7
337 292 7
189 215 7
336 231 7
6 453 7
615 568 7
957 249 7
179 71 7
618 816 7
553 636 7
409 32 7
234 214 7
721 628 7
278 226 7
457 964 7
189 561 7
454 509 7
938 188 7
427 998 7
400 192 7
301 3 7
323 397 7
36 77 7
169 870 7
609 208 7
229 743 7
220 81 7
509 764 7
744 609 7
656 129 7
730 180 7
440 556 7
122 22 7
837 854 7
997 944 7
278 575 7
538 235 7
535 603 7
504 952 7
778 462 7
531 76 7
334 672 7
585 420 7
583 42 7
906 469 7
10 167 7
908 408 7
633 48 7
247 763 7
997 739 7
742 964 7
336 453 7
207 362 7
956 456 7
789 343 7
719 809 7
493 782 7
638 393 7
355 544 7
176 979 7
8 738 7
966 79 7
523 514 7
665 987 7
392 238 7
211 65 7
245 192 7
899 337 7
730 744 7
984 116 7
92 176 7
687 531 7
256 749 7
245 97 7
311 75 7
891 465 7
606 885 7
87 84 7
117 382 7
30 328 7
74 263 7
958 312 7
572 887 7
816 818 7
951 889 7
42 793 7
628 626 7
192 588 7
609 75 7
493 463 7
145 837 7
462 321 7
995 158 7
880 352 7
806 33 7
292 861 7
747 785 7
796 500 7
65 21 7
806 753 7
211 91 7
140 694 7
787 81 7
130 357 7
920 927 7
851 969 7
408 269 7
142 168 7
213 932 7
648 123 7
944 965 7
292 146 7
963 360 7
595 230 7
251 573 7
187 857 7
720 488 7
639 741 7
595 390 7
69 674 7
923 204 7
434 515 7
454 346 7
202 432 7
579 325 7
403 179 7
858 420 7
652 296 7
745 43 7
537 738 7
56 265 7
713 390 7
716 505 7
605 968 7
555 915 7
768 643 7
233 258 7
267 704 7
565 606 7
818 575 7
628 544 7
632 732 7
835 24 7
561 46 7
397 534 7
553 916 7
287 364 7
570 3 7
571 343 7
151 430 7
281 786 7
924 176 7
381 921 7
178 80 7
212 13 7
293 34 7
974 778 7
920 564 7
748 337 7
742 783 7
219 392 7
330 294 7
902 715 7
105 349 7
441 388 7
84 632 7
812 737 7
766 571 7
502 529 7
529 563 7
93 998 7
827 546 7
797 864 7
246 92 7
62 129 7
135 803 7
846 927 7
994 841 7
642 790 7
351 811 7
870 467 7
1000 232 7
448 311 7
596 246 7
802 305 7
804 793 7
78 539 7
948 532 7
154 233 7
832 397 7
898 282 7
972 505 7
114 24 7
849 566 7
61 411 7
474 108 7
752 316 7
293 403 7
896 264 7
68 65 7
457 374 7
18 333 7
381 292 7
116 229 7
822 437 7
629 868 7
903 131 7
293 168 7
238 716 7
574 374 7
165 163 7
891 591 7
232 45 7
805 869 7
223 609 7
352 43 7
908 307 7
327 808 7
301 918 7
231 644 7
15 905 7
729 877 7
834 908 7
199 164 7
953 773 7
739 180 7
462 886 7
353 782 7
695 81 7
30 632 7
978 604 7
213 273 7
584 837 7
209 101 7
671 657 7
810 321 7
522 835 7
763 985 7
725 813 7
875 221 7
624 549 7
115 965 7
578 196 7
129 287 7
957 696 7
65 865 7
134 602 7
89 516 7
675 660 7
976 855 7
62 243 7
102 448 7
961 332 7
943 924 7
896 818 7
287 930 7
96 458 7
71 220 7
473 320 7
734 312 7
825 639 7
575 452 7
602 198 7
962 157 7
521 565 7
505 250 7
546 375 7
60 940 7
977 125 7
518 858 7
939 259 7
62 842 7
760 308 7
778 676 7
759 819 7
597 812 7
661 220 7
493 212 7
582 302 7
923 958 7
991 291 7
399 435 7
359 823 7
376 337 7
421 105 7
859 354 7
337 161 7
713 95 7
159 742 7
251 978 7
887 395 7
504 394 7
644 315 7
829 74 7
513 373 7
19 80 7
856 803 7
20 671 7
572 389 7
181 351 7
404 564 7
858 891 7
717 94 7
847 332 7
563 962 7
225 175 7
710 565 7
783 24 7
710 261 7
645 950 7
455 455 7
108 781 7
745 912 7
816 412 7
182 632 7
240 912 7
354 522 7
625 583 7
180 817 7
308 197 7
546 256 7
878 295 7
670 767 7
339 727 7
357 650 7
936 622 7
266 162 7
905 768 7
899 242 7
220 884 7
287 966 7
298 337 7
82 626 7
686 730 7
93 805 7
844 720 7
257 4 7
670 4 7
288 594 7
964 764 7
21 983 7
368 974 7
876 334 7
469 22 7
183 750 7
56 331 7
227 111 7
28 619 7
101 764 7
0 474 7
985 660 7
786 899 7
984 733 7
443 108 7
778 8 7
344 832 7
596 556 7
605 656 7
123 301 7
915 209 7
342 309 7
322 700 7
372 528 7
311 372 7
246 245 7
141 986 7
191 72 7
109 175 7
71 405 7
495 455 7
219 566 7
127 894 7
538 656 7
211 207 7
960 832 7
839 637 7
876 107 7
520 457 7
333 684 7
881 524 7
795 299 7
516 982 7
763 701 7
324 775 7
425 453 7
663 779 7
627 481 7
195 809 7
742 255 7
525 489 7
426 164 7
679 554 7
936 871 7
429 269 7
844 127 7
872 551 7
330 614 7
667 322 7
433 150 7
966 893 7
540 275 7
315 286 7
513 665 7
774 816 7
894 351 7
412 651 7
80 567 7
692 16 7
748 637 7
342 916 7
540 621 7
524 144 7
701 102 7
324 48 7
643 297 7
148 92 7
37 9 7
819 448 7
197 938 7
13 793 7
998 105 7
490 317 7
151 234 7
847 660 7
268 526 7
606 413 7
653 238 7
387 548 7
619 656 7
960 100 7
799 217 7
208 999 7
770 222 7
773 117 7
464 507 7
70 994 7
108 328 7
31 735 7
216 674 7
107 153 7
775 308 7
218 597 7
466 744 7
168 7 7
333 454 7
577 211 7
425 822 7
399 21 7
907 937 7
939 899 7
93 556 7
205 278 7
61 510 7
929 812 7
631 231 7
43 902 7
888 417 7
350 651 7
703 36 7
182 827 7
996 517 7
457 62 7
185 494 7
349 930 7
12 325 7
607 975 7
734 118 7
701 49 7
358 133 7
709 825 7
585 787 7
583 301 7
147 939 7
805 223 7
426 812 7
793 469 7
321 415 7
900 321 7
653 965 7
472 325 7
342 922 7
439 14 7
332 564 7
201 450 7
637 304 7
201 867 7
540 943 7
646 524 7
855 857 7
798 783 7
519 683 7
536 697 7
324 156 7
695 61 7
169 533 7
518 385 7
470 392 7
334 532 7
753 463 7
382 820 7
134 335 7
573 469 7
733 361 7
585 562 7
495 864 7
904 855 7
835 682 7
93 256 7
734 71 7
275 773 7
39 938 7
321 600 7
457 535 7
569 960 7
912 460 7
173 992 7
126 899 7
978 813 7
374 636 7
994 910 7
515 149 7
238 932 7
573 491 7
542 89 7
2 683 7
993 631 7
181 3 7
949 249 7
326 620 7
238 643 7
776 668 7
137 360 7
117 456 7
653 525 7
176 344 7
184 186 7
199 105 7
950 549 7
234 342 7
718 953 7
725 581 7
155 400 7
905 886 7
673 985 7
628 357 7
445 205 7
454 617 7
667 593 7
703 901 7
819 355 7
245 71 7
749 172 7
698 400 7
322 358 7
160 712 7
595 850 7
513 556 7
518 174 7
119 43 7
966 283 7
849 559 7
779 547 7
890 17 7
554 977 7
688 64 7
487 518 7
447 834 7
432 237 7
168 929 7
33 800 7
73 258 7
943 627 7
163 595 7
748 942 7
990 141 7
782 813 7
858 538 7
560 352 7
323 213 7
669 593 7
854 446 7
138 364 7
733 977 7
397 517 7
604 486 7
565 730 7
755 183 7
807 155 7
875 986 7
707 463 7
615 673 7
761 97 7
941 327 7
941 14 7
407 876 7
651 313 7
858 924 7
275 450 7
575 318 7
41 181 7
591 427 7
531 398 7
345 605 7
242 230 7
752 543 7
228 129 7
972 679 7
922 22 7
851 58 7
251 524 7
91 838 7
912 844 7
492 253 7
422 97 7
940 804 7
747 699 7
657 118 7
409 854 7
700 273 7
210 60 7
882 304 7
95 146 7
694 729 7
741 339 7
229 712 7
808 997 7
857 751 7
772 888 7
160 333 7
499 722 7
959 944 7
89 109 7
479 845 7
180 157 7
82 75 7
112 518 7
930 852 7
180 826 7
474 63 7
513 549 7
697 328 7
31 481 7
284 175 7
891 760 7
575 262 7
178 576 7
24 900 7
130 388 7
841 439 7
975 125 7
691 922 7
914 64 7
349 496 7
943 249 7
946 575 7
187 584 7
513 422 7
836 408 7
128 559 7
138 903 7
426 482 7
950 512 7
246 174 7
476 495 7
631 381 7
255 449 7
143 888 7
544 522 7
553 9 7
797 920 7
247 350 7
379 291 7
578 20 7
654 243 7
455 554 7
297 892 7
305 633 7
189 955 7
603 747 7
574 725 7
375 366 7
983 426 7
752 242 7
963 200 7
731 925 7
414 303 7
950 32 7
237 174 7
122 527 7
64 106 7
65 211 7
284 261 7
456 991 7
582 868 7
51 137 7
988 719 7
37 559 7
448 694 7
247 184 7
317 804 7
837 284 7
961 116 7
84 843 7
669 408 7
72 433 7
945 208 7
823 649 7
549 511 7
306 722 7
185 900 7
694 715 7
507 848 7
906 233 7
641 387 7
195 966 7
61 802 7
548 166 7
325 378 7
996 489 7
529 650 7
752 305 7
565 62 7
606 989 7
630 806 7
291 650 7
856 850 7
324 872 7
304 445 7
44 964 7
368 769 7
545 930 7
296 344 7
919 500 7
551 993 7
320 700 7
479 879 7
684 531 7
698 29 7
346 383 7
325 70 7
133 363 7
746 375 7
52 299 7
65 356 7
968 292 7
659 732 7
141 497 7
86 401 7
689 843 7
909 440 7
305 672 7
294 667 7
946 142 7
183 932 7
982 603 7
148 46 7
593 547 7
290 23 7
667 231 7
655 777 7
227 148 7
279 978 7
34 213 7
414 179 7
607 384 7
323 450 7
381 409 7
56 134 7
16 63 7
484 794 7
669 420 7
940 198 7
700 247 7
276 851 7
759 781 7
306 205 7
995 63 7
518 46 7
298 452 7
13 377 7
214 241 7
967 887 7
22 259 7
499 100 7
527 849 7
870 745 7
141 593 7
481 382 7
590 381 7
220 722 7
450 777 7
510 638 7
775 269 7
995 749 7
148 755 7
873 130 7
639 451 7
414 709 7
274 958 7
410 764 7
823 399 7
743 307 7
144 325 7
11 612 7
1 821 7
479 634 7
906 133 7
73 189 7
559 355 7
793 850 7
564 955 7
575 523 7
310 419 7
937 384 7
961 490 7
314 419 7
509 77 7
517 493 7
236 578 7
812 587 7
462 940 7
347 18 7
219 469 7
859 656 7
431 331 7
277 888 7
91 15 7
916 323 7
721 816 7
720 748 7
554 489 7
747 765 7
736 902 7
420 157 7
194 843 7
215 950 7
194 597 7
86 96 7
206 361 7
991 25 7
757 438 7
420 649 7
378 870 7
6 597 7
165 924 7
328 379 7
484 811 7
328 236 7
923 71 7
689 634 7
912 117 7
444 748 7
213 483 7
140 857 7
900 566 7
757 722 7
494 799 7
811 715 7
85 988 7
184 802 7
799 899 7
715 991 7
973 775 7
605 488 7
89 529 7
395 938 7
455 84 7
894 265 7
960 853 7
936 658 7
940 237 7
516 1000 7
866 423 7
701 892 7
65 644 7
629 906 7
108 680 7
329 483 7
546 108 7
260 208 7
587 175 7
28 814 7
50 169 7
392 296 7
971 181 7
383 188 7
167 972 7
995 982 7
984 607 7
742 196 7
158 264 7
381 796 7
674 126 7
995 0 7
17 112 7
556 240 7
507 951 7
521 88 7
989 483 7
232 962 7
164 619 7
339 431 7
744 649 7
308 323 7
343 736 7
289 322 7
217 115 7
50 893 7
399 304 7
232 962 7
204 660 7
626 12 7
227 961 7
51 519 7
289 937 7
69 112 7
41 322 7
866 113 7
467 362 7
161 149 7
31 48 7
769 917 7
2 128 7
515 404 7
182 730 7
846 684 7
345 862 7
534 646 7
167 667 7
492 973 7
221 158 7
629 629 7
732 263 7
42 409 7
531 2 7
691 545 7
777 560 7
661 370 7
728 637 7
214 317 7
652 543 7
857 859 7
256 735 7
680 270 7
187 38 7
174 213 7
585 604 7
1000 939 7
100 390 7
850 287 7
511 204 7
608 602 7
882 832 7
274 1 7
520 177 7
939 98 7
359 958 7
738 485 7
256 433 7
455 645 7
339 965 7
832 3 7
471 399 7
763 371 7
353 19 7
995 134 7
421 504 7
795 694 7
924 371 7
297 815 7
573 313 7
220 115 7
658 654 7
658 276 7
278 930 7
302 963 7
495 413 7
71 707 7
147 904 7
992 337 7
438 763 7
245 170 7
726 602 7
278 628 7
328 336 7
529 980 7
651 371 7
630 886 7
972 27 7
678 957 7
823 117 7
438 828 7
515 79 7
52 192 7
624 343 7
275 813 7
323 154 7
722 737 7
748 367 7
837 636 7
489 333 7
997 434 7
23 17 7
670 623 7
327 818 7
310 535 7
978 233 7
379 319 7
58 407 7
93 397 7
807 14 7
956 317 7
127 421 7
16 445 7
193 816 7
994 867 7
19 84 7
505 488 7
229 293 7
602 582 7
924 566 7
57 3 7
416 283 7
155 577 7
818 95 7
497 981 7
995 78 7
15 729 7
260 963 7
161 275 7
791 424 7
695 598 7
111 715 7
111 242 7
575 33 7
993 970 7
868 567 7
836 702 7
489 335 7
155 749 7
159 619 7
649 232 7
384 606 7
751 716 7
791 982 7
549 389 7
848 442 7
174 936 7
781 987 7
197 721 7
38 723 7
694 284 7
988 634 7
217 15 7
8 137 7
815 65 7
857 924 7
625 518 7
775 372 7
212 448 7
528 311 7
225 997 7
446 854 7
925 931 7
160 212 7
999 119 7
462 521 7
967 293 7
13 709 7
136 562 7
340 975 7
439 935 7
415 275 7
498 340 7
226 745 7
431 952 7
804 837 7
767 564 7
930 839 7
930 130 7
399 668 7
805 356 7
829 541 7
581 227 7
712 219 7
476 298 7
424 836 7
398 547 7
548 499 7
833 661 7
417 700 7
175 235 7
589 949 7
276 784 7
657 942 7
628 529 7
323 720 7
641 633 7
422 671 7
825 0 7
377 489 7
233 315 7
494 526 7
68 656 7
646 321 7
599 570 7
264 411 7
271 694 7
926 346 7
730 306 7
615 297 7
323 36 7
640 139 7
435 751 7
376 780 7
492 291 7
746 575 7
544 817 7
106 253 7
971 884 7
267 178 7
619 656 7
176 564 7
438 827 7
573 947 7
734 393 7
610 97 7
738 990 7
435 982 7
428 687 7
24 760 7
99 823 7
931 742 7
258 970 7
362 962 7
757 501 7
15 232 7
5 901 7
192 876 7
310 100 7
505 914 7
341 178 7
435 655 7
205 623 7
130 510 7
445 628 7
925 818 7
840 177 7
368 641 7
476 248 7
448 747 7
302 789 7
31 159 7
295 762 7
420 333 7
567 200 7
189 116 7
632 542 7
473 45 7
327 837 7
182 875 7
649 868 7
499 345 7
401 355 7
479 79 7
972 411 7
50 152 7
345 641 7
451 692 7
452 239 7
926 240 7
232 926 7
924 828 7
350 857 7
732 727 7
174 446 7
713 724 7
329 125 7
930 141 7
567 885 7
442 440 7
399 351 7
225 258 7
953 45 7
923 333 7
900 738 7
277 481 7
690 682 7
993 832 7
50 917 7
297 545 7
103 753 7
179 400 7
924 95 7
287 376 7
826 765 7
414 61 7
79 577 7
712 53 7
520 611 7
782 70 7
787 433 7
865 773 7
339 488 7
549 862 7
524 239 7
696 166 7
430 674 7
156 706 7
497 922 7
797 168 7
480 567 7
93 897 7
886 589 7
58 761 7
800 78 7
684 948 7
181 636 7
652 936 7
648 292 7
635 285 7
795 256 7
668 231 7
302 826 7
954 168 7
760 302 7
62 168 7
711 587 7
514 812 7
818 464 7
872 201 7
725 767 7
533 480 7
446 209 7
846 262 7
452 372 7
269 7 7
733 206 7
159 241 7
264 894 7
619 254 7
885 939 7
682 431 7
750 231 7
581 354 7
994 673 7
636 279 7
195 520 7
483 741 7
127 21 7
77 314 7
896 380 7
70 371 7
41 874 7
252 389 7
262 834 7
43 582 7
46 87 7
569 549 7
665 162 7
691 748 7
584 406 7
851 383 7
435 104 7
402 839 7
260 368 7
654 395 7
937 363 7
564 770 7
596 600 7
308 292 7
259 287 7
149 3 7
16 663 7
728 637 7
513 438 7
928 444 7
938 926 7
48 157 7
736 846 7
617 942 7
357 520 7
804 430 7
635 364 7
685 476 7
52 123 7
886 354 7
294 664 7
429 743 7
65 33 7
830 338 7
116 642 7
332 299 7
979 407 7
455 631 7
849 925 7
217 784 7
609 799 7
187 561 7
207 860 7
417 201 7
257 498 7
952 584 7
566 649 7
917 99 7
352 525 7
294 878 7
364 708 7
731 485 7
485 118 7
928 651 7
22 86 7
164 189 7
389 71 7
573 515 7
858 990 7
471 927 7
418 274 7
870 893 7
60 139 7
169 149 7
964 301 7
986 741 7
289 90 7
923 535 7
784 773 7
131 582 7
49 416 7
996 246 7
248 555 7
801 152 7
466 576 7
461 984 7
256 337 7
628 700 7
242 239 7
206 487 7
176 117 7
709 932 7
319 690 7
512 24 7
630 244 7
782 720 7
502 411 7
977 536 7
581 227 7
42 312 7
184 235 7
245 726 7
409 556 7
215 355 7
185 311 7
30 640 7
270 676 7
861 219 7
65 769 7
841 475 7
507 609 7
87 166 7
222 927 7
607 176 7
289 835 7
330 4 7
401 746 7
611 765 7
390 410 7
896 991 7
685 882 7
714 139 7
21 85 7
719 608 7
586 888 7
49 509 7
818 778 7
162 910 7
811 517 7
8 132 7
598 38 7
388 969 7
972 342 7
636 946 7
919 887 7
37 406 7
733 933 7
72 218 7
800 155 7
508 461 7
541 764 7
695 744 7
588 482 7
897 640 7
423 912 7
567 884 7
708 838 7
548 560 7
250 210 7
572 38 7
563 352 7
693 675 7
27 146 7
535 972 7
836 593 7
832 980 7
400 142 7
461 154 7
292 592 7
536 980 7
584 808 7
485 154 7
855 903 7
146 518 7
944 903 7
736 524 7
247 359 7
734 831 7
343 965 7
184 678 7
221 658 7
908 431 7
316 769 7
623 25 7
697 981 7
926 286 7
891 942 7
521 974 7
538 428 7
504 879 7
887 871 7
910 564 7
521 697 7
988 629 7
975 597 7
297 659 7
146 598 7
625 392 7
198 1 7
635 507 7
401 284 7
676 638 7
134 932 7
580 329 7
363 792 7
127 578 7
245 72 7
640 482 7
489 13 7
784 527 7
303 736 7
468 206 7
387 902 7
743 253 7
522 492 7
440 347 7
311 781 7
2 421 7
752 49 7
126 552 7
654 850 7
700 869 7
118 715 7
397 275 7
890 660 7
289 51 7
200 210 7
483 933 7
106 180 7
793 204 7
837 275 7
716 6 7
933 249 7
794 170 7
369 626 7
872 183 7
825 406 7
57 739 7
475 106 7
376 133 7
333 567 7
297 65 7
105 365 7
108 980 7
895 77 7
485 263 7
406 73 7
157 56 7
343 109 7
928 390 7
72 580 7
257 74 7
738 807 7
87 6 7
576 103 7
249 949 7
58 818 7
15 753 7
913 437 7
98 735 7
989 18 7
854 635 7
743 579 7
398 458 7
517 605 7
784 956 7
876 156 7
992 785 7
759 145 7
977 346 7
924 181 7
764 504 7
270 792 7
833 871 7
741 395 7
473 189 7
747 574 7
399 130 7
674 109 7
927 858 7
796 571 7
856 709 7
880 771 7
938 970 7
293 287 7
103 555 7
584 630 7
74 390 7
178 4 7
682 977 7
240 240 7
227 745 7
49 532 7
933 812 7
690 253 7
703 211 7
501 655 7
263 197 7
97 822 7
404 615 7
281 802 7
105 466 7
452 100 7
306 51 7
65 575 7
376 940 7
258 221 7
657 884 7
144 664 7
0 810 7
56 784 7
230 212 7
58 542 7
624 384 7
36 493 7
989 933 7
600 131 7
902 877 7
730 34 7
547 14 7
455 126 7
919 776 7
811 569 7
214 994 7
893 675 7
852 167 7
880 702 7
811 862 7
859 724 7
793 545 7
225 563 7
425 31 7
214 321 7
311 188 7
729 903 7
835 140 7
735 488 7
515 325 7
767 217 7
5 206 7
909 791 7
751 660 7
481 538 7
510 835 7
26 767 7
99 551 7
399 31 7
424 17 7
235 133 7
118 719 7
713 547 7
856 417 7
829 722 7
523 391 7
194 511 7
179 686 7
605 725 7
240 920 7
131 696 7
130 783 7
414 497 7
124 205 7
859 366 7
205 279 7
12 508 7
889 732 7
477 763 7
768 132 7
736 80 7
73 288 7
325 927 7
156 498 7
654 506 7
560 62 7
357 100 7
692 43 7
146 242 7
528 605 7
804 163 7
637 994 7
161 274 7
176 920 7
93 262 7
110 720 7
255 350 7
433 352 7
227 595 7
615 915 7
384 87 7
95 577 7
596 593 7
769 57 7
876 700 7
804 445 7
445 1 7
900 619 7
466 308 7
110 937 7
573 558 7
265 393 7
248 534 7
646 889 7
924 856 7
56 337 7
245 807 7
902 96 7
114 163 7
998 150 7
580 581 7
930 438 7
763 16 7
520 254 7
767 380 7
351 21 7
750 256 7
665 228 7
809 533 7
39 141 7
918 102 7
599 701 7
959 274 7
878 280 7
477 546 7
1 341 7
589 588 7
653 73 7
71 214 7
928 37 7
662 908 7
929 582 7
173 857 7
173 807 7
513 540 7
636 789 7
933 52 7
959 693 7
840 79 7
920 603 7
521 223 7
302 673 7
629 844 7
662 345 7
560 911 7
362 778 7
565 750 7
406 514 7
595 680 7
231 96 7
346 769 7
858 633 7
894 804 7
902 560 7
6 779 7
60 704 7
961 741 7
823 911 7
63 349 7
8 149 7
779 665 7
359 683 7
108 583 7
60 880 7
974 764 7
885 298 7
884 247 7
29 679 7
39 313 7
428 909 7
653 937 7
349 290 7
149 405 7
381 271 7
580 752 7
832 17 7
389 408 7
155 533 7
324 75 7
308 699 7
117 710 7
342 391 7
726 920 7
457 133 7
941 629 7
68 561 7
966 447 7
871 247 7
781 527 7
586 575 7
30 722 7
102 97 7
200 337 7
355 925 7
64 151 7
886 718 7
265 698 7
13 669 7
926 459 7
371 500 7
652 860 7
841 883 7
113 859 7
287 306 7
265 806 7
331 513 7
613 69 7
266 502 7
647 258 7
249 66 7
930 383 7
970 727 7
917 698 7
721 897 7
709 73 7
76 834 7
65 649 7
499 624 7
387 208 7
506 514 7
609 228 7
279 253 7
735 590 7
857 7 7
653 908 7
225 74 7
524 528 7
676 840 7
973 122 7
125 818 7
820 306 7
58 764 7
442 506 7
449 229 7
176 0 7
928 636 7
535 732 7
477 164 7
357 816 7
840 823 7
488 256 7
565 71 7
628 826 7
993 237 7
437 72 7
46 12 7
644 301 7
999 404 7
361 574 7
394 122 7
332 31 7
91 931 7
669 578 7
234 943 7
780 528 7
242 40 7
126 944 7
940 310 7
927 905 7
123 804 7
321 194 7
974 800 7
462 914 7
795 253 7
749 793 7
878 845 7
466 102 7
784 960 7
102 131 7
324 944 7
759 217 7
337 595 7
916 165 7
450 250 7
845 436 7
887 267 7
716 784 7
196 438 7
329 466 7
849 605 7
784 902 7
363 811 7
466 85 7
676 60 7
111 198 7
581 702 7
165 149 7
323 681 7
873 49 7
371 555 7
66 961 7
666 500 7
124 49 7
396 644 7
526 794 7
685 40 7
413 454 7
331 714 7
600 632 7
360 928 7
239 507 7
848 804 7
406 516 7
422 682 7
767 228 7
54 233 7
377 93 7
438 736 7
152 806 7
357 866 7
592 842 7
606 216 7
623 942 7
149 559 7
278 977 7
565 99 7
190 230 7
619 930 7
341 612 7
544 151 7
488 862 7
942 477 7
104 921 7
657 176 7
472 31 7
492 131 7
133 617 7
951 583 7
313 725 7
426 805 7
531 24 7
577 519 7
104 122 7
734 424 7
72 458 7
965 264 7
790 160 7
490 576 7
337 838 7
650 383 7
25 337 7
229 221 7
580 452 7
872 926 7
473 368 7
203 430 7
128 146 7
762 514 7
411 650 7
997 400 7
190 347 7
398 28 7
126 916 7
955 81 7
662 889 7
757 779 7
50 474 7
817 640 7
716 281 7
423 485 7
7 636 7
880 694 7
819 18 7
425 867 7
849 723 7
590 116 7
958 697 7
944 79 7
159 392 7
88 434 7
697 525 7
25 931 7
777 694 7
787 713 7
357 199 7
582 718 7
62 1 7
343 571 7
607 336 7
455 264 7
114 569 7
647 752 7
838 974 7
54 834 7
193 780 7
103 51 7
286 746 7
816 148 7
920 384 7
761 171 7
650 865 7
781 483 7
423 682 7
420 503 7
801 155 7
284 68 7
876 403 7
698 146 7
183 818 7
743 132 7
562 983 7
199 914 7
641 73 7
167 192 7
303 248 7
920 852 7
173 297 7
393 459 7
568 206 7
566 38 7
695 395 7
890 704 7
369 892 7
837 565 7
586 495 7
729 246 7
222 460 7
83 371 7
635 483 7
908 288 7
163 208 7
205 279 7
187 531 7
307 765 7
537 357 7
487 626 7
29 220 7
370 854 7
591 94 7
395 643 7
214 486 7
154 875 7
892 405 7
19 635 7
982 433 7
874 940 7
405 850 7
326 589 7
914 774 7
74 297 7
189 494 7
355 940 7
734 25 7
907 372 7
681 329 7
752 758 7
494 653 7
616 687 7
765 936 7
487 155 7
800 566 7
118 84 7
872 733 7
495 293 7
722 438 7
808 601 7
94 290 7
749 489 7
228 175 7
661 425 7
75 460 7
597 191 7
100 989 7
177 825 7
639 510 7
581 824 7
601 634 7
675 898 7
297 473 7
146 835 7
729 554 7
766 840 7
886 636 7
168 920 7
590 143 7
643 928 7
463 492 7
400 858 7
722 890 7
471 201 7
243 811 7
702 792 7
472 645 7
368 753 7
362 622 7
250 876 7
217 700 7
588 565 7
205 132 7
599 304 7
639 863 7
408 622 7
512 419 7
30 601 7
917 992 7
269 301 7
818 658 7
836 340 7
976 69 7
857 753 7
506 606 7
38 75 7
375 152 7
959 247 7
906 602 7
320 186 7
431 496 7
365 338 7
227 177 7
511 969 7
954 961 7
162 250 7
542 47 7
154 362 7
761 379 7
119 563 7
523 558 7
839 782 7
832 475 7
244 38 7
448 410 7
960 708 7
858 871 7
514 320 7
767 697 7
639 946 7
582 613 7
359 730 7
713 200 7
102 483 7
602 753 7
592 460 7
353 872 7
474 953 7
631 454 7
725 712 7
400 41 7
952 458 7
0 619 7
582 570 7
857 7 7
774 646 7
364 178 7
531 904 7
200 292 7
691 557 7
375 893 7
480 615 7
271 134 7
827 842 7
441 492 7
931 587 7
993 17 7
688 708 7
387 418 7
888 661 7
749 856 7
354 714 7
618 809 7
932 892 7
56 911 7
53 101 7
906 53 7
213 208 7
968 443 7
367 776 7
646 322 7
963 361 7
684 721 7
54 908 7
110 305 7
939 274 7
800 510 7
789 157 7
558 97 7
938 884 7
347 211 7
4 362 7
551 250 7
858 743 7
796 677 7
13 738 7
792 485 7
619 309 7
385 411 7
384 389 7
657 375 7
964 537 7
658 72 7
395 695 7
216 544 7
748 234 7
409 863 7
745 279 7
134 4 7
721 259 7
184 147 7
408 466 7
784 967 7
562 575 7
790 267 7
482 96 7
160 922 7
308 423 7
673 216 7
469 968 7
458 71 7
164 608 7
992 907 7
590 638 7
571 947 7
628 667 7
937 965 7
966 412 7
778 799 7
641 605 7
957 840 7
790 83 7
95 588 7
117 951 7
356 831 7
629 149 7
604 639 7
881 132 7
5 608 7
450 251 7
416 971 7
584 960 7
198 399 7
783 479 7
144 780 7
137 918 7
713 902 7
767 721 7
281 468 7
789 429 7
725 56 7
488 420 7
5 691 7
343 738 7
378 900 7
99 984 7
742 882 7
428 521 7
102 442 7
57 809 7
854 447 7
48 665 7
414 323 7
859 8 7
878 147 7
384 239 7
404 334 7
543 413 7
431 552 7
119 375 7
708 24 7
323 626 7
827 241 7
744 647 7
321 402 7
55 941 7
930 348 7
260 842 7
320 110 7
641 853 7
541 651 7
735 58 7
276 365 7
233 333 7
869 933 7
474 54 7
427 381 7
213 681 7
934 713 7
892 206 7
270 498 7
747 793 7
685 460 7
501 109 7
853 231 7
707 802 7
425 464 7
641 911 7
203 396 7
178 3 7
970 998 7
204 128 7
463 247 7
734 489 7
33 138 7
423 115 7
228 210 7
989 724 7
942 857 7
443 184 7
582 483 7
427 54 7
544 65 7
54 252 7
341 10 7
506 513 7
685 328 7
112 411 7
5 875 7
860 768 7
927 779 7
928 756 7
825 356 7
803 406 7
150 630 7
911 609 7
965 481 7
974 326 7
501 141 7
347 739 7
279 351 7
512 185 7
193 111 7
475 800 7
174 795 7
199 601 7
224 565 7
234 179 7
989 696 7
644 376 7
815 679 7
3 213 7
609 449 7
200 106 7
481 856 7
848 255 7
893 637 7
715 780 7
557 964 7
571 104 7
248 737 7
912 62 7
488 930 7
227 55 7
306 855 7
844 695 7
621 274 7
520 841 7
963 685 7
994 663 7
424 327 7
0 355 7
297 758 7
87 241 7
8 790 7
102 682 7
661 624 7
900 365 7
625 674 7
227 253 7
317 229 7
569 271 7
930 134 7
333 668 7
878 330 7
874 534 7
436 2 7
744 921 7
175 625 7
611 159 7
142 335 7
475 10 7
722 830 7
701 992 7
855 314 7
738 229 7
127 821 7
896 547 7
578 748 7
607 120 7
60 298 7
488 332 7
912 71 7
126 835 7
802 555 7
444 679 7
40 940 7
503 683 7
126 565 7
704 761 7
22 982 7
292 95 7
368 372 7
67 599 7
858 205 7
266 839 7
810 446 7
444 453 7
126 325 7
670 794 7
124 81 7
639 643 7
134 580 7
575 14 7
630 677 7
432 477 7
82 690 7
253 830 7
578 537 7
71 330 7
155 292 7
271 443 7
654 487 7
966 247 7
917 639 7
14 782 7
712 54 7
170 747 7
789 473 7
865 364 7
160 460 7
926 931 7
807 602 7
143 392 7
160 587 7
560 734 7
352 825 7
299 350 7
134 202 7
672 629 7
559 360 7
421 787 7
885 798 7
631 266 7
60 207 7
745 650 7
290 462 7
924 911 7
667 790 7
43 753 7
70 948 7
45 703 7
963 309 7
859 169 7
144 902 7
43 673 7
497 588 7
147 444 7
389 474 7
452 41 7
488 594 7
881 639 7
972 615 7
814 112 7
108 251 7
857 52 7
993 455 7
536 676 7
428 388 7
400 166 7
221 199 7
529 620 7
255 178 7
959 316 7
508 176 7
320 436 7
495 934 7
68 305 7
297 127 7
820 670 7
783 966 7
862 235 7
618 529 7
403 117 7
817 907 7
826 620 7
547 292 7
3 390 7
407 350 7
15 676 7
944 346 7
769 968 7
548 451 7
492 75 7
81 197 7
463 564 7
63 947 7
949 610 7
943 367 7
417 241 7
244 24 7
620 556 7
986 147 7
725 813 7
933 679 7
678 891 7
107 330 7
198 332 7
86 154 7
871 115 7
599 349 7
955 710 7
775 891 7
889 583 7
156 22 7
823 839 7
241 346 7
74 769 7
963 92 7
309 478 7
631 623 7
453 431 7
768 58 7
473 368 7
752 860 7
716 502 7
300 433 7
310 592 7
71 920 7
43 649 7
881 941 7
819 151 7
510 904 7
501 267 7
975 403 7
127 180 7
591 472 7
806 857 7
140 164 7
756 99 7
715 568 7
588 465 7
673 352 7
749 985 7
733 109 7
67 692 7
560 93 7
840 816 7
251 672 7
977 941 7
212 44 7
27 468 7
584 408 7
804 385 7
912 998 7
373 192 7
296 650 7
812 442 7
274 33 7
451 764 7
554 631 7
532 742 7
167 173 7
937 133 7
347 527 7
577 888 7
550 607 7
900 630 7
42 522 7
331 319 7
717 86 7
38 438 7
522 490 7
164 381 7
165 853 7
407 762 7
746 344 7
587 262 7
142 619 7
884 790 7
861 484 7
802 893 7
209 423 7
926 822 7
371 51 7
606 528 7
83 453 7
676 743 7
173 262 7
867 38 7
665 398 7
787 791 7
573 359 7
849 824 7
181 701 7
454 260 7
442 607 7
494 522 7
706 84 7
147 760 7
606 159 7
269 942 7
724 664 7
877 71 7
621 78 7
613 214 7
86 485 7
388 134 7
283 932 7
582 703 7
39 889 7
564 30 7
381 578 7
931 95 7
670 407 7
887 395 7
896 169 7
508 962 7
186 256 7
81 52 7
968 98 7
15 520 7
803 836 7
384 70 7
920 62 7
76 182 7
190 281 7
471 952 7
588 425 7
249 318 7
101 209 7
659 438 7
184 692 7
927 804 7
799 61 7
379 513 7
498 113 7
896 675 7
727 296 7
952 868 7
526 138 7
938 841 7
648 573 7
497 924 7
306 128 7
418 220 7
521 311 7
117 664 7
722 776 7
758 822 7
790 890 7
142 670 7
74 783 7
880 559 7
512 509 7
155 754 7
37 900 7
519 157 7
477 877 7
987 662 7
391 686 7
534 559 7
652 3 7
452 476 7
949 546 7
312 182 7
718 254 7
21 912 7
239 173 7
353 743 7
439 94 7
160 324 7
362 162 7
618 158 7
404 786 7
307 271 7
169 621 7
386 804 7
86 518 7
637 862 7
98 371 7
955 149 7
142 607 7
48 563 7
15 246 7
548 547 7
935 586 7
765 268 7
717 847 7
673 107 7
940 549 7
726 68 7
729 188 7
907 239 7
230 984 7
491 948 7
814 883 7
585 2 7
126 515 7
438 976 7
401 789 7
55 444 7
997 365 7
637 355 7
927 479 7
932 798 7
145 585 7
208 411 7
648 271 7
167 856 7
443 625 7
17 645 7
467 980 7
648 465 7
293 112 7
271 939 7
641 714 7
517 913 7
696 627 7
453 408 7
549 211 7
719 536 7
793 121 7
895 325 7
609 423 7
898 817 7
531 684 7
334 245 7
249 577 7
538 234 7
52 338 7
846 206 7
833 790 7
232 234 7
855 617 7
694 995 7
156 30 7
718 294 7
930 121 7
939 127 7
447 828 7
547 838 7
56 733 7
728 546 7
970 21 7
223 829 7
539 234 7
166 353 7
808 249 7
778 632 7
435 798 7
706 198 7
660 169 7
127 358 7
315 341 7
231 242 7
261 6 7
530 20 7
542 132 7
737 287 7
314 140 7
300 505 7
854 78 7
160 778 7
489 273 7
183 304 7
414 946 7
746 205 7
262 133 7
370 230 7
239 113 7
217 556 7
345 104 7
675 230 7
217 631 7
994 353 7
627 274 7
224 84 7
161 450 7
655 687 7
555 184 7
701 202 7
314 655 7
311 376 7
596 249 7
473 521 7
548 165 7
280 289 7
697 60 7
902 485 7
754 720 7
76 742 7
956 475 7
863 914 7
983 863 7
414 349 7
822 859 7
517 692 7
3 554 7
509 701 7
323 877 7
334 120 7
738 689 7
177 104 7
419 383 7
395 936 7
660 637 7
752 895 7
188 848 7
870 286 7
341 691 7
912 789 7
715 798 7
939 206 7
625 835 7
84 930 7
962 82 7
704 651 7
896 324 7
800 349 7
509 196 7
981 530 7
341 122 7
221 0 7
591 375 7
158 396 7
251 426 7
53 712 7
675 861 7
573 631 7
184 270 7
376 189 7
371 606 7
886 680 7
254 161 7
183 734 7
349 803 7
641 178 7
122 983 7
692 66 7
692 513 7
840 648 7
876 972 7
637 174 7
241 48 7
790 813 7
734 197 7
606 306 7
15 922 7
246 886 7
774 461 7
975 267 7
288 441 7
204 61 7
291 453 7
644 579 7
506 835 7
626 790 7
989 625 7
373 750 7
853 772 7
620 647 7
867 781 7
118 885 7
205 401 7
653 346 7
474 803 7
460 60 7
267 647 7
918 152 7
133 585 7
943 674 7
697 243 7
573 661 7
448 389 7
523 899 7
959 792 7
908 147 7
788 954 7
206 956 7
733 467 7
90 460 7
818 232 7
609 577 7
112 252 7
351 1000 7
535 949 7
453 636 7
301 453 7
907 831 7
928 246 7
575 391 7
635 479 7
241 159 7
122 232 7
524 121 7
988 856 7
405 159 7
861 905 7
878 310 7
504 998 7
858 819 7
82 288 7
300 637 7
906 49 7
854 542 7
720 608 7
872 646 7
371 318 7
686 132 7
618 49 7
502 175 7
885 395 7
312 133 7
25 520 7
481 629 7
967 476 7
872 697 7
276 198 7
668 204 7
686 840 7
533 711 7
751 692 7
667 890 7
812 438 7
857 538 7
413 410 7
692 154 7
422 782 7
264 922 7
715 821 7
821 29 7
246 363 7
747 533 7
328 109 7
934 518 7
898 29 7
663 690 7
351 695 7
723 273 7
568 737 7
497 322 7
283 825 7
964 951 7
400 95 7
712 468 7
877 440 7
415 67 7
473 474 7
994 434 7
546 651 7
997 186 7
838 649 7
762 638 7
383 665 7
423 117 7
102 55 7
545 716 7
59 910 7
219 369 7
743 332 7
283 726 7
731 122 7
749 277 7
728 694 7
476 973 7
360 898 7
66 493 7
874 642 7
871 681 7
34 778 7
26 291 7
301 402 7
814 588 7
512 548 7
883 937 7
523 869 7
227 738 7
284 496 7
17 72 7
237 749 7
478 75 7
834 492 7
246 881 7
410 573 7
862 394 7
100 974 7
679 148 7
615 299 7
285 160 7
130 505 7
555 737 7
18 151 7
364 234 7
139 524 7
648 505 7
197 153 7
960 445 7
492 654 7
4 335 7
287 647 7
632 679 7
464 357 7
814 116 7
13 694 7
338 372 7
572 575 7
503 659 7
871 566 7
42 983 7
58 852 7
692 272 7
512 865 7
16 139 7
894 688 7
532 346 7
57 921 7
31 548 7
525 540 7
744 398 7
565 54 7
538 394 7
40 967 7
507 409 7
68 548 7
616 350 7
334 559 7
141 487 7
968 506 7
531 965 7
990 706 7
77 7 7
568 856 7
883 480 7
179 114 7
566 668 7
879 10 7
734 630 7
328 343 7
205 365 7
193 690 7
486 963 7
118 786 7
933 745 7
977 22 7
252 685 7
824 563 7
247 460 7
118 519 7
181 981 7
154 263 7
734 531 7
184 301 7
731 28 7
130 404 7
140 446 7
819 980 7
940 749 7
886 184 7
214 854 7
841 215 7
127 804 7
871 583 7
665 508 7
907 509 7
613 853 7
136 912 7
991 851 7
301 804 7
909 507 7
323 142 7
46 364 7
831 688 7
360 675 7
140 663 7
966 787 7
959 343 7
986 28 7
698 247 7
397 433 7
520 670 7
809 674 7
378 658 7
126 110 7
191 557 7
169 565 7
517 119 7
197 351 7
473 787 7
821 175 7
207 519 7
848 845 7
904 889 7
638 793 7
601 848 7
429 590 7
875 753 7
735 997 7
173 955 7
19 137 7
632 462 7
321 240 7
149 796 7
119 24 7
513 598 7
847 775 7
425 111 7
190 100 7
938 608 7
119 709 7
181 240 7
160 890 7
600 133 7
899 64 7
80 301 7
405 951 7
36 904 7
452 680 7
539 752 7
536 612 7
509 713 7
636 302 7
725 681 7
794 16 7
568 612 7
814 854 7
466 406 7
60 280 7
645 883 7
530 939 7
912 119 7
706 94 7
14 201 7
517 180 7
195 418 7
573 188 7
629 984 7
44 634 7
476 629 7
273 354 7
384 426 7
390 400 7
923 434 7
562 343 7
940 71 7
395 255 7
445 947 7
784 946 7
863 483 7
824 70 7
393 312 7
971 112 7
56 291 7
827 846 7
201 209 7
914 441 7
734 468 7
740 889 7
718 797 7
528 320 7
349 306 7
987 325 7
76 463 7
825 573 7
57 480 7
393 352 7
506 908 7
529 630 7
851 423 7
691 395 7
943 998 7
269 83 7
480 977 7
667 95 7
693 306 7
309 909 7
478 506 7
327 358 7
925 57 7
808 61 7
229 70 7
955 199 7
546 69 7
856 883 7
384 847 7
65 221 7
687 94 7
28 114 7
137 635 7
4 993 7
866 661 7
490 915 7
204 275 7
943 120 7
937 974 7
748 231 7
458 251 7
766 110 7
413 11 7
311 357 7
589 713 7
163 61 7
426 693 7
130 327 7
219 399 7
730 941 7
444 991 7
304 892 7
591 282 7
704 716 7
682 463 7
445 163 7
441 902 7
889 693 7
100 801 7
108 991 7
651 61 7
972 957 7
993 717 7
510 863 7
425 567 7
233 414 7
875 448 7
403 488 7
760 856 7
215 343 7
163 817 7
814 352 7
370 619 7
160 871 7
630 835 7
655 233 7
152 363 7
986 349 7
800 824 7
449 975 7
917 563 7
841 157 7
333 410 7
213 847 7
273 301 7
670 130 7
938 929 7
722 390 7
722 829 7
979 85 7
745 939 7
301 154 7
597 694 7
344 196 7
292 701 7
173 691 7
727 29 7
379 136 7
225 656 7
899 574 7
530 851 7
459 73 7
4 421 7
167 860 7
330 164 7
22 21 7
292 391 7
952 351 7
323 879 7
224 757 7
904 454 7
106 368 7
932 328 7
316 745 7
549 919 7
420 31 7
978 523 7
8 68 7
906 626 7
190 281 7
328 742 7
136 255 7
686 515 7
824 708 7
292 284 7
993 337 7
355 339 7
628 597 7
667 7 7
383 439 7
498 484 7
780 258 7
111 946 7
148 23 7
809 727 7
432 171 7
389 231 7
853 545 7
231 473 7
756 429 7
95 698 7
258 700 7
880 888 7
30 943 7
604 335 7
999 836 7
239 477 7
549 731 7
439 643 7
276 865 7
284 375 7
818 282 7
157 472 7
808 496 7
241 983 7
235 772 7
746 288 7
815 235 7
563 199 7
659 723 7
354 229 7
445 681 7
954 738 7
83 260 7
98 821 7
568 80 7
12 233 7
261 177 7
70 280 7
572 145 7
612 118 7
916 564 7
368 63 7
354 17 7
925 814 7
954 720 7
771 83 7
255 721 7
400 31 7
196 437 7
993 937 7
644 194 7
80 21 7
430 262 7
476 875 7
761 959 7
85 276 7
842 700 7
574 587 7
870 441 7
772 298 7
38 839 7
828 807 7
735 152 7
558 72 7
330 56 7
522 527 7
348 127 7
633 840 7
742 788 7
40 305 7
701 233 7
173 648 7
636 117 7
293 375 7
627 199 7
3 236 7
372 852 7
977 183 7
888 667 7
257 710 7
522 553 7
550 688 7
486 330 7
333 697 7
479 585 7
178 416 7
384 951 7
719 248 7
582 848 7
429 334 7
151 520 7
528 838 7
944 844 7
743 293 7
989 276 7
596 368 7
568 424 7
16 264 7
559 83 7
925 868 7
8 520 7
806 586 7
729 597 7
329 383 7
785 722 7
791 495 7
265 823 7
128 996 7
661 874 7
742 57 7
973 824 7
284 738 7
975 317 7
493 76 7
120 369 7
121 134 7
552 967 7
303 17 7
136 253 7
441 470 7
917 826 7
343 627 7
597 748 7
357 575 7
223 135 7
632 131 7
807 631 7
236 760 7
565 117 7
780 34 7
91 538 7
489 581 7
232 932 7
475 267 7
892 110 7
270 802 7
204 362 7
433 70 7
884 531 7
990 508 7
223 663 7
786 553 7
944 573 7
342 477 7
959 287 7
7 165 7
40 492 7
938 681 7
897 135 7
445 398 7
333 837 7
731 767 7
756 705 7
773 397 7
575 800 7
187 623 7
699 513 7
254 776 7
454 593 7
603 878 7
589 361 7
702 50 7
917 839 7
736 952 7
348 433 7
411 609 7
765 806 7
49 791 7
739 730 7
907 205 7
747 412 7
39 257 7
490 117 7
310 947 7
233 75 7
569 794 7
552 810 7
103 7 7
898 722 7
152 267 7
655 248 7
696 697 7
285 724 7
496 733 7
358 774 7
622 187 7
652 235 7
320 117 7
63 652 7
454 157 7
625 408 7
683 451 7
287 26 7
366 893 7
856 749 7
273 574 7
138 271 7
246 455 7
181 915 7
660 218 7
937 439 7
337 479 7
172 853 7
158 720 7
526 130 7
458 991 7
776 346 7
128 682 7
501 920 7
339 561 7
342 275 7
450 6 7
530 25 7
90 35 7
531 566 7
877 895 7
968 625 7
273 256 7
506 397 7
824 41 7
371 501 7
41 639 7
933 385 7
900 930 7
960 591 7
708 708 7
130 161 7
59 534 7
457 892 7
338 873 7
670 488 7
599 705 7
676 758 7
715 724 7
225 972 7
188 898 7
21 352 7
72 649 7
370 352 7
402 939 7
804 549 7
804 653 7
989 602 7
540 44 7
78 14 7
419 684 7
474 178 7
808 759 7
273 92 7
197 878 7
795 417 7
413 346 7
691 982 7
702 580 7
970 555 7
212 810 7
641 941 7
72 552 7
893 909 7
522 964 7
956 259 7
228 450 7
987 339 7
140 363 7
610 831 7
864 417 7
433 725 7
189 928 7
675 888 7
371 745 7
942 102 7
55 623 7
362 248 7
216 70 7
437 124 7
945 270 7
234 195 7
926 954 7
585 937 7
585 348 7
428 78 7
122 923 7
457 896 7
22 765 7
858 465 7
533 348 7
323 4 7
26 346 7
666 826 7
511 885 7
79 915 7
131 785 7
679 293 7
608 829 7
232 47 7
855 164 7
767 196 7
176 874 7
354 838 7
933 396 7
950 649 7
525 958 7
938 14 7
138 644 7
619 304 7
682 160 7
165 287 7
822 82 7
271 750 7
835 711 7
525 293 7
69 873 7
236 887 7
421 25 7
818 79 7
434 783 7
420 534 7
41 840 7
704 945 7
198 208 7
592 899 7
663 96 7
806 449 7
944 372 7
509 118 7
660 376 7
10 475 7
850 168 7
551 379 7
542 851 7
326 663 7
743 562 7
58 194 7
970 151 7
306 714 7
549 447 7
113 650 7
273 276 7
884 377 7
138 203 7
549 447 7
657 683 7
331 246 7
338 449 7
64 439 7
853 871 7
387 494 7
57 135 7
76 118 7
403 546 7
483 778 7
840 215 7
97 814 7
589 0 7
270 786 7
74 933 7
463 799 7
861 485 7
887 540 7
808 986 7
572 588 7
5 932 7
696 791 7
586 165 7
660 819 7
199 923 7
22 488 7
636 649 7
232 658 7
516 887 7
506 694 7
24 634 7
785 130 7
621 989 7
165 446 7
487 872 7
374 963 7
757 271 7
65 633 7
561 978 7
975 875 7
453 498 7
763 748 7
209 71 7
741 142 7
79 107 7
323 42 7
649 779 7
594 367 7
81 528 7
285 705 7
896 551 7
130 596 7
634 797 7
433 153 7
204 204 7
121 190 7
518 703 7
907 216 7
903 204 7
965 433 7
441 954 7
674 110 7
131 39 7
857 574 7
288 338 7
608 281 7
66 637 7
615 980 7
556 819 7
768 581 7
425 501 7
333 790 7
351 451 7
355 482 7
994 828 7
621 504 7
687 513 7
368 454 7
720 508 7
642 109 7
17 394 7
844 797 7
540 457 7
439 257 7
608 556 7
927 788 7
358 409 7
995 936 7
823 13 7
79 89 7
348 10 7
113 324 7
966 598 7
971 250 7
236 39 7
359 174 7
730 518 7
270 119 7
697 235 7
944 791 7
875 909 7
158 816 7
925 785 7
759 496 7
920 54 7
59 757 7
737 511 7
842 580 7
688 70 7
126 382 7
96 76 7
62 461 7
672 877 7
873 853 7
192 385 7
127 257 7
766 451 7
954 37 7
145 109 7
117 794 7
819 427 7
591 332 7
148 473 7
317 237 7
299 833 7
771 23 7
340 725 7
461 139 7
824 766 7
681 312 7
927 179 7
689 483 7
808 956 7
478 470 7
954 743 7
851 861 7
544 681 7
308 200 7
877 29 7
784 654 7
969 133 7
981 219 7
341 133 7
902 926 7
890 198 7
85 353 7
575 660 7
379 61 7
635 388 7
457 94 7
975 148 7
117 114 7
748 735 7
652 541 7
649 210 7
42 593 7
950 14 7
538 295 7
5 293 7
620 324 7
396 956 7
145 464 7
814 646 7
796 740 7
295 761 7
82 39 7
319 541 7
501 719 7
347 780 7
279 108 7
165 199 7
404 860 7
0 251 7
522 144 7
974 123 7
615 568 7
875 852 7
39 920 7
776 145 7
235 147 7
185 402 7
984 43 7
620 624 7
499 152 7
677 796 7
518 559 7
417 535 7
661 102 7
841 425 7
141 378 7
896 922 7
448 220 7
456 192 7
140 509 7
234 622 7
695 712 7
449 336 7
316 908 7
459 297 7
964 624 7
694 365 7
903 924 7
445 191 7
636 372 7
599 236 7
774 153 7
490 703 7
183 620 7
776 332 7
531 231 7
609 259 7
735 735 7
519 786 7
543 960 7
939 468 7
461 984 7
366 261 7
69 22 7
642 359 7
535 642 7
775 879 7
696 29 7
650 166 7
693 449 7
524 765 7
631 269 7
455 455 7
578 170 7
309 270 7
484 206 7
100 974 7
546 518 7
163 953 7
112 684 7
646 467 7
525 550 7
786 303 7
367 514 7
320 834 7
753 920 7
218 750 7
757 95 7
806 603 7
17 391 7
737 118 7
649 232 7
290 251 7
143 732 7
510 754 7
625 859 7
480 427 7
413 176 7
582 901 7
611 903 7
101 674 7
949 542 7
530 682 7
822 301 7
77 546 7
298 693 7
839 998 7
933 263 7
10 111 7
829 365 7
445 317 7
575 808 7
911 889 7
908 382 7
800 481 7
789 485 7
648 313 7
959 684 7
60 726 7
554 772 7
844 352 7
894 184 7
979 478 7
731 564 7
599 626 7
48 56 7
832 835 7
938 348 7
843 537 7
92 255 7
868 900 7
514 26 7
317 707 7
807 420 7
44 338 7
230 943 7
991 113 7
286 504 7
214 582 7
508 647 7
496 836 7
296 231 7
28 630 7
595 316 7
988 481 7
24 515 7
171 30 7
21 637 7
12 621 7
526 326 7
919 603 7
907 679 7
364 749 7
327 501 7
329 227 7
928 998 7
451 675 7
334 142 7
340 961 7
741 610 7
160 670 7
100 485 7
831 697 7
64 531 7
541 809 7
624 358 7
176 11 7
469 614 7
564 886 7
772 487 7
954 244 7
150 874 7
372 860 7
626 824 7
446 483 7
14 179 7
372 631 7
980 214 7
239 110 7
504 285 7
531 141 7
954 149 7
165 227 7
597 8 7
232 553 7
894 120 7
960 673 7
219 104 7
999 873 7
926 639 7
708 877 7
779 822 7
581 163 7
474 673 7
315 91 7
627 134 7
483 315 7
758 13 7
587 679 7
947 92 7
110 59 7
22 722 7
46 799 7
613 765 7
830 154 7
311 926 7
570 196 7
326 911 7
51 368 7
795 372 7
912 965 7
627 398 7
760 615 7
189 799 7
823 662 7
863 905 7
663 162 7
828 616 7
666 295 7
531 465 7
609 107 7
663 12 7
682 840 7
49 726 7
512 387 7
218 37 7
862 996 7
715 98 7
236 3 7
482 369 7
907 384 7
781 864 7
197 841 7
221 390 7
255 185 7
290 909 7
191 570 7
975 971 7
211 149 7
638 880 7
288 230 7
250 468 7
713 395 7
919 590 7
990 843 7
626 806 7
979 308 7
553 70 7
537 860 7
931 564 7
421 922 7
224 932 7
339 615 7
353 133 7
727 383 7
48 9 7
673 438 7
727 6 7
305 87 7
826 952 7
672 536 7
43 325 7
78 142 7
391 230 7
613 934 7
228 122 7
700 1 7
830 192 7
87 499 7
491 548 7
659 459 7
179 970 7
596 720 7
174 654 7
990 609 7
942 737 7
581 884 7
356 345 7
686 228 7
578 78 7
108 617 7
755 520 7
577 804 7
92 671 7
9 142 7
458 231 7
399 661 7
668 699 7
272 549 7
834 404 7
551 831 7
648 989 7
260 396 7
760 578 7
914 852 7
671 520 7
463 615 7
201 245 7
64 1000 7
547 118 7
293 757 7
920 640 7
678 339 7
472 402 7
393 139 7
735 753 7
113 550 7
598 519 7
503 522 7
411 471 7
697 984 7
200 133 7
733 19 7
613 750 7
369 906 7
511 986 7
76 720 7
194 17 7
791 340 7
740 636 7
283 307 7
119 760 7
663 911 7
180 307 7
926 126 7
538 234 7
627 906 7
975 0 7
957 106 7
581 361 7
857 657 7
504 628 7
918 227 7
149 193 7
747 474 7
358 427 7
825 932 7
7 268 7
176 422 7
141 674 7
496 887 7
385 494 7
651 287 7
897 974 7
629 42 7
511 731 7
650 20 7
260 874 7
108 212 7
339 569 7
448 913 7
447 92 7
224 844 7
997 990 7
419 816 7
107 797 7
601 911 7
975 431 7
328 250 7
679 940 7
265 549 7
841 876 7
509 724 7
576 115 7
689 944 7
742 829 7
51 532 7
971 376 7
320 902 7
849 302 7
813 957 7
247 272 7
154 637 7
324 290 7
407 399 7
894 930 7
382 406 7
981 994 7
52 948 7
490 718 7
638 8 7
383 849 7
644 454 7
834 394 7
296 110 7
95 757 7
569 399 7
797 119 7
469 196 7
497 346 7
720 123 7
209 655 7
636 497 7
267 27 7
642 976 7
730 930 7
449 232 7
148 448 7
165 965 7
34 419 7
843 66 7
263 694 7
322 924 7
286 620 7
364 393 7
78 609 7
437 899 7
29 259 7
677 758 7
507 897 7
315 338 7
808 735 7
77 382 7
198 3 7
387 403 7
460 894 7
743 394 7
645 255 7
166 4 7
487 323 7
914 347 7
997 928 7
381 539 7
94 873 7
838 686 7
715 319 7
939 5 7
103 372 7
729 320 7
687 784 7
541 881 7
543 347 7
951 928 7
139 344 7
640 703 7
624 467 7
799 654 7
612 308 7
221 74 7
57 331 7
305 494 7
154 475 7
727 798 7
907 344 7
719 130 7
167 732 7
849 660 7
472 436 7
224 711 7
55 572 7
337 954 7
327 956 7
754 235 7
215 753 7
867 690 7
344 795 7
695 357 7
593 134 7
435 803 7
330 732 7
9 78 7
150 91 7
868 979 7
983 266 7
466 591 7
304 90 7
313 231 7
596 129 7
454 647 7
278 438 7
941 576 7
981 751 7
789 264 7
823 874 7
338 301 7
334 234 7
24 37 7
727 818 7
78 517 7
231 767 7
270 448 7
720 293 7
285 142 7
767 263 7
621 554 7
942 439 7
468 171 7
236 42 7
36 321 7
341 119 7
301 146 7
30 387 7
897 702 7
982 206 7
706 805 7
499 257 7
799 750 7
314 644 7
564 24 7
956 713 7
343 674 7
828 729 7
336 284 7
410 510 7
699 958 7
660 993 7
757 746 7
654 582 7
694 856 7
402 369 7
394 131 7
65 249 7
505 522 7
776 950 7
101 253 7
103 258 7
626 401 7
446 348 7
141 741 7
923 774 7
14 869 7
615 152 7
414 606 7
47 731 7
238 776 7
621 408 7
526 538 7
510 755 7
544 846 7
943 19 7
728 627 7
787 693 7
984 78 7
56 236 7
104 846 7
52 414 7
508 624 7
386 632 7
542 642 7
661 806 7
158 777 7
586 85 7
93 176 7
870 754 7
826 334 7
296 393 7
554 308 7
758 769 7
65 984 7
674 211 7
636 55 7
47 359 7
852 281 7
226 910 7
751 243 7
570 955 7
590 929 7
80 311 7
733 374 7
215 79 7
916 3 7
27 334 7
573 581 7
192 657 7
245 761 7
920 345 7
708 329 7
35 104 7
478 49 7
843 785 7
565 484 7
731 31 7
116 284 7
605 816 7
891 551 7
822 602 7
153 801 7
294 264 7
524 235 7
755 781 7
613 929 7
931 318 7
51 487 7
848 930 7
929 587 7
125 924 7
419 432 7
963 228 7
216 758 7
126 445 7
206 174 7
131 22 7
752 114 7
630 857 7
924 339 7
359 990 7
21 331 7
15 724 7
541 501 7
413 20 7
754 432 7
854 236 7
860 892 7
836 179 7
541 996 7
416 912 7
522 336 7
19 900 7
213 91 7
760 25 7
668 720 7
849 374 7
804 971 7
84 271 7
324 252 7
849 936 7
828 528 7
782 688 7
78 691 7
343 756 7
41 668 7
474 925 7
81 202 7
603 886 7
924 1 7
240 638 7
704 971 7
436 701 7
385 292 7
871 334 7
498 146 7
778 999 7
435 981 7
12 121 7
890 130 7
71 961 7
702 659 7
67 516 7
177 761 7
971 418 7
333 62 7
55 421 7
67 682 7
549 498 7
846 322 7
920 424 7
938 342 7
998 234 7
707 762 7
699 133 7
105 940 7
431 896 7
147 720 7
914 45 7
353 874 7
69 115 7
967 33 7
994 873 7
584 140 7
782 342 7
949 54 7
591 325 7
144 858 7
403 457 7
656 685 7
103 706 7
78 630 7
161 236 7
418 164 7
530 554 7
25 501 7
601 413 7
474 666 7
324 966 7
187 833 7
623 170 7
768 927 7
988 510 7
301 261 7
889 984 7
612 154 7
847 482 7
579 699 7
849 253 7
564 337 7
336 616 7
737 609 7
171 17 7
438 359 7
572 137 7
728 614 7
934 715 7
350 283 7
769 996 7
382 793 7
649 168 7
33 226 7
684 532 7
834 473 7
257 311 7
531 736 7
530 620 7
546 221 7
891 292 7
347 587 7
840 38 7
219 488 7
665 50 7
24 668 7
80 384 7
200 864 7
553 324 7
855 133 7
53 105 7
243 875 7
571 468 7
39 831 7
389 46 7
910 952 7
162 671 7
71 656 7
68 56 7
593 831 7
74 535 7
711 106 7
407 954 7
136 641 7
427 889 7
425 860 7
756 586 7
423 615 7
150 758 7
891 110 7
877 448 7
570 941 7
933 604 7
711 602 7
164 8 7
666 124 7
32 110 7
89 466 7
380 940 7
844 854 7
979 552 7
0 6 7
17 667 7
523 668 7
416 318 7
620 832 7
534 464 7
752 593 7
64 749 7
742 747 7
348 268 7
523 912 7
73 692 7
758 16 7
603 438 7
652 920 7
824 272 7
509 284 7
80 566 7
816 828 7
781 460 7
735 698 7
35 527 7
584 39 7
904 354 7
455 249 7
511 778 7
189 767 7
934 872 7
899 42 7
50 372 7
209 868 7
828 213 7
592 784 7
74 338 7
385 701 7
266 898 7
712 645 7
432 117 7
66 726 7
119 860 7
934 449 7
84 31 7
981 965 7
859 256 7
277 842 7
994 398 7
115 729 7
681 45 7
759 883 7
869 979 7
251 264 7
126 911 7
311 251 7
5 340 7
100 490 7
533 750 7
318 263 7
893 127 7
412 20 7
594 345 7
494 808 7
347 351 7
909 493 7
715 231 7
268 991 7
121 875 7
902 956 7
613 487 7
685 840 7
922 39 7
927 46 7
419 165 7
254 414 7
479 68 7
805 603 7
207 567 7
612 940 7
906 572 7
620 537 7
521 426 7
61 538 7
578 699 7
667 76 7
314 980 7
360 326 7
520 938 7
312 311 7
657 934 7
865 157 7
62 873 7
681 193 7
754 377 7
709 209 7
518 915 7
86 512 7
114 314 7
896 276 7
558 3 7
211 713 7
965 605 7
792 33 7
824 482 7
514 965 7
49 297 7
351 610 7
789 898 7
528 470 7
162 443 7
769 948 7
492 100 7
964 480 7
104 307 7
703 200 7
892 401 7
460 996 7
355 894 7
473 447 7
64 514 7
528 693 7
238 82 7
533 871 7
860 148 7
873 186 7
481 995 7
775 550 7
931 529 7
957 810 7
612 459 7
546 657 7
945 802 7
442 776 7
646 962 7
883 837 7
661 558 7
503 249 7
435 574 7
988 949 7
309 244 7
870 549 7
855 941 7
698 15 7
584 214 7
645 684 7
425 88 7
83 763 7
393 126 7
344 468 7
650 982 7
247 434 7
74 731 7
609 941 7
315 727 7
841 228 7
943 192 7
917 810 7
807 527 7
819 118 7
628 898 7
710 899 7
730 804 7
721 236 7
917 555 7
412 580 7
290 205 7
185 931 7
293 284 7
769 226 7
366 746 7
23 16 7
818 68 7
878 214 7
255 465 7
378 591 7
723 259 7
899 147 7
982 936 7
932 222 7
193 53 7
895 313 7
503 804 7
561 273 7
152 820 7
627 588 7
190 445 7
48 195 7
910 922 7
564 645 7
46 50 7
212 543 7
23 420 7
385 992 7
610 304 7
367 818 7
510 386 7
676 182 7
961 506 7
713 108 7
954 408 7
868 353 7
154 520 7
465 787 7
914 340 7
861 738 7
583 361 7
638 301 7
509 951 7
979 58 7
815 769 7
138 489 7
957 692 7
278 617 7
137 444 7
425 76 7
113 145 7
734 352 7
282 888 7
609 594 7
812 203 7
295 866 7
168 271 7
969 857 7
896 10 7
62 896 7
689 617 7
90 9 7
629 969 7
921 709 7
67 458 7
989 206 7
890 128 7
557 191 7
842 984 7
324 866 7
440 925 7
998 126 7
707 330 7
217 529 7
436 262 7
624 607 7
995 858 7
819 501 7
147 688 7
667 145 7
622 257 7
304 602 7
427 65 7
677 622 7
265 276 7
103 200 7
37 152 7
841 17 7
705 317 7
742 198 7
425 583 7
864 190 7
504 915 7
506 653 7
801 114 7
386 761 7
139 871 7
880 224 7
39 270 7
87 598 7
977 242 7
428 762 7
43 45 7
309 645 7
921 512 7
244 240 7
686 665 7
193 264 7
935 247 7
910 624 7
312 211 7
835 559 7
929 822 7
713 713 7
750 712 7
548 185 7
918 503 7
812 233 7
856 166 7
392 761 7
584 910 7
409 315 7
458 430 7
600 692 7
954 635 7
979 859 7
722 953 7
614 783 7
218 159 7
27 830 7
676 54 7
736 223 7
419 506 7
792 505 7
334 392 7
850 809 7
988 68 7
910 985 7
811 357 7
552 540 7
69 26 7
559 50 7
698 152 7
562 64 7
792 676 7
969 880 7
236 885 7
725 72 7
387 586 7
625 933 7
944 590 7
259 392 7
820 525 7
641 495 7
752 330 7
166 957 7
762 169 7
883 412 7
711 391 7
648 316 7
868 729 7
849 316 7
989 457 7
905 959 7
83 276 7
712 630 7
535 425 7
452 186 7
896 115 7
840 28 7
64 422 7
183 418 7
263 350 7
425 125 7
383 669 7
381 625 7
817 30 7
362 524 7
715 129 7
275 266 7
747 200 7
444 183 7
316 856 7
744 756 7
731 654 7
474 556 7
38 865 7
660 759 7
736 508 7
3 18 7
28 744 7
144 595 7
688 744 7
898 946 7
959 338 7
571 310 7
759 779 7
440 901 7
452 691 7
409 180 7
160 944 7
132 958 7
135 95 7
360 180 7
394 708 7
38 158 7
675 752 7
779 406 7
323 417 7
192 867 7
782 876 7
22 38 7
369 660 7
696 620 7
560 193 7
729 813 7
25 207 7
644 118 7
963 357 7
547 832 7
947 302 7
222 487 7
194 67 7
903 789 7
657 345 7
983 117 7
71 156 7
252 825 7
133 543 7
652 587 7
847 941 7
524 133 7
301 661 7
398 786 7
877 144 7
118 389 7
375 409 7
830 222 7
274 753 7
786 689 7
841 901 7
410 668 7
922 76 7
28 106 7
617 631 7
331 520 7
215 172 7
218 479 7
135 330 7
796 370 7
45 215 7
315 807 7
829 435 7
338 47 7
33 883 7
483 442 7
148 706 7
399 164 7
71 310 7
762 21 7
753 675 7
244 676 7
823 127 7
375 556 7
39 851 7
604 752 7
508 153 7
481 71 7
537 601 7
633 270 7
131 131 7
704 552 7
311 279 7
391 592 7
874 37 7
732 186 7
442 112 7
101 759 7
933 203 7
498 271 7
113 514 7
456 594 7
908 91 7
510 861 7
354 418 7
309 630 7
228 901 7
553 237 7
250 152 7
688 714 7
748 288 7
267 842 7
814 715 7
0 466 7
839 759 7
120 134 7
789 799 7
77 707 7
194 155 7
1000 320 7
139 632 7
374 687 7
270 386 7
258 401 7
165 266 7
561 977 7
63 667 7
118 626 7
204 384 7
305 907 7
62 205 7
37 576 7
767 771 7
173 346 7
795 5 7
911 532 7
244 119 7
409 280 7
781 28 7
436 376 7
308 862 7
45 609 7
365 799 7
324 971 7
659 376 7
151 648 7
428 117 7
495 486 7
411 299 7
828 706 7
493 144 7
607 703 7
634 1000 7
438 287 7
941 105 7
554 96 7
337 798 7
403 359 7
802 576 7
73 787 7
160 480 7
109 853 7
962 706 7
698 893 7
705 302 7
438 326 7
30 763 7
669 636 7
256 856 7
230 38 7
480 969 7
738 510 7
607 595 7
444 464 7
409 79 7
315 684 7
443 596 7
268 49 7
668 548 7
871 74 7
623 603 7
913 322 7
158 353 7
729 393 7
728 118 7
373 50 7
254 718 7
733 690 7
820 752 7
602 157 7
741 438 7
422 47 7
531 897 7
755 847 7
1000 778 7
301 94 7
208 509 7
236 207 7
175 663 7
418 444 7
902 112 7
10 946 7
655 104 7
800 581 7
423 131 7
95 328 7
401 543 7
747 88 7
98 93 7
921 649 7
28 534 7
822 28 7
368 644 7
108 119 7
971 712 7
905 783 7
494 788 7
161 250 7
131 709 7
643 754 7
767 796 7
777 162 7
914 182 7
372 411 7
128 82 7
381 562 7
549 694 7
717 493 7
316 340 7
249 626 7
711 648 7
370 107 7
922 641 7
434 603 7
474 897 7
682 136 7
115 415 7
642 870 7
845 653 7
914 106 7
163 332 7
87 611 7
186 737 7
593 405 7
893 768 7
754 792 7
362 443 7
87 393 7
88 461 7
31 469 7
514 834 7
520 780 7
266 482 7
15 720 7
652 968 7
110 364 7
980 931 7
57 716 7
743 315 7
20 266 7
341 238 7
189 456 7
589 372 7
939 52 7
934 101 7
107 703 7
367 129 7
380 496 7
73 507 7
498 450 7
691 511 7
107 680 7
104 539 7
263 553 7
885 767 7
997 536 7
359 511 7
158 528 7
606 402 7
713 491 7
282 787 7
265 199 7
650 373 7
20 529 7
374 630 7
244 286 7
359 671 7
812 511 7
541 299 7
84 462 7
919 531 7
359 598 7
882 76 7
191 973 7
867 203 7
666 584 7
260 206 7
108 92 7
187 989 7
837 191 7
896 167 7
146 251 7
621 962 7
244 620 7
89 60 7
78 192 7
592 93 7
436 593 7
553 679 7
120 795 7
407 543 7
22 14 7
466 374 7
381 359 7
727 265 7
676 500 7
400 500 7
212 208 7
120 890 7
22 763 7
762 851 7
625 590 7
716 901 7
573 570 7
662 953 7
143 282 7
424 755 7
628 104 7
790 881 7
289 300 7
628 984 7
500 990 7
369 271 7
283 998 7
307 790 7
54 274 7
218 266 7
839 818 7
542 37 7
115 966 7
806 649 7
711 116 7
613 976 7
135 290 7
328 374 7
648 336 7
791 827 7
628 730 7
792 211 7
926 761 7
779 235 7
358 877 7
769 546 7
403 604 7
126 813 7
825 4 7
868 485 7
197 186 7
158 99 7
335 125 7
657 105 7
790 72 7
299 743 7
48 196 7
255 760 7
490 829 7
367 609 7
354 540 7
763 929 7
415 256 7
35 52 7
217 132 7
17 831 7
569 772 7
555 344 7
117 523 7
495 776 7
964 329 7
45 436 7
432 753 7
577 831 7
149 273 7
837 974 7
699 531 7
147 676 7
810 720 7
354 391 7
338 985 7
210 422 7
901 905 7
483 598 7
444 740 7
547 6 7
954 565 7
562 376 7
441 376 7
411 761 7
243 163 7
748 744 7
904 377 7
264 396 7
850 916 7
532 26 7
360 135 7
960 158 7
919 707 7
427 465 7
809 38 7
270 713 7
227 763 7
965 775 7
480 532 7
884 518 7
963 784 7
918 804 7
629 441 7
632 849 7
940 322 7
335 939 7
805 710 7
642 334 7
696 480 7
948 723 7
851 126 7
935 844 7
935 658 7
364 896 7
228 867 7
190 713 7
492 905 7
123 156 7
277 893 7
348 288 7
287 255 7
484 746 7
69 470 7
926 228 7
488 657 7
923 6 7
861 639 7
310 322 7
993 160 7
685 727 7
250 135 7
479 415 7
477 412 7
808 235 7
190 79 7
917 677 7
990 529 7
271 54 7
727 812 7
450 924 7
332 649 7
570 707 7
858 391 7
633 547 7
715 435 7
134 60 7
603 837 7
450 42 7
948 573 7
729 929 7
652 908 7
293 190 7
635 367 7
595 240 7
930 594 7
165 817 7
934 596 7
185 79 7
98 135 7
319 128 7
484 54 7
326 520 7
827 946 7
166 68 7
556 1000 7
541 662 7
367 569 7
573 206 7
201 103 7
67 250 7
350 169 7
836 598 7
811 390 7
933 433 7
584 772 7
322 663 7
99 237 7
962 734 7
186 400 7
999 70 7
446 175 7
573 636 7
673 926 7
421 438 7
230 567 7
693 261 7
570 821 7
908 25 7
389 332 7
774 56 7
39 870 7
279 838 7
356 256 7
447 439 7
240 189 7
465 297 7
434 122 7
444 971 7
454 913 7
585 213 7
398 677 7
557 993 7
213 238 7
790 392 7
269 605 7
212 895 7
345 778 7
817 648 7
115 736 7
865 974 7
130 349 7
391 940 7
158 812 7
88 596 7
72 520 7
382 240 7
489 465 7
897 340 7
361 368 7
152 583 7
240 307 7
91 655 7
790 730 7
348 480 7
165 459 7
302 618 7
550 975 7
631 264 7
889 652 7
123 19 7
312 820 7
313 369 7
753 635 7
772 951 7
893 708 7
733 387 7
1 955 7
575 730 7
261 379 7
431 198 7
718 535 7
234 352 7
413 95 7
942 323 7
885 212 7
709 579 7
681 559 7
921 374 7
160 103 7
59 83 7
75 890 7
78 101 7
322 61 7
440 405 7
877 180 7
314 2 7
636 679 7
437 245 7
171 899 7
440 589 7
862 106 7
738 394 7
933 622 7
487 204 7
531 442 7
314 732 7
378 83 7
77 820 7
699 235 7
741 955 7
337 676 7
165 190 7
446 327 7
863 268 7
522 632 7
718 821 7
892 481 7
453 875 7
516 220 7
332 270 7
169 563 7
915 598 7
365 491 7
213 648 7
186 678 7
723 72 7
40 264 7
337 307 7
570 606 7
476 895 7
89 548 7
149 963 7
389 523 7
269 693 7
628 922 7
556 398 7
55 384 7
651 238 7
921 749 7
815 565 7
858 671 7
799 933 7
234 912 7
975 471 7
155 195 7
501 27 7
955 125 7
103 766 7
3 423 7
914 901 7
665 675 7
693 383 7
222 174 7
967 435 7
633 107 7
645 149 7
876 934 7
221 96 7
648 182 7
425 610 7
281 519 7
698 418 7
790 673 7
866 678 7
197 163 7
17 643 7
556 791 7
236 651 7
459 850 7
504 649 7
632 392 7
120 47 7
648 565 7
502 620 7
350 502 7
877 185 7
828 118 7
959 211 7
314 545 7
322 230 7
13 881 7
53 400 7
413 562 7
483 88 7
742 485 7
325 594 7
248 722 7
99 523 7
348 905 7
50 198 7
313 347 7
846 453 7
48 577 7
159 556 7
828 32 7
325 632 7
263 108 7
828 605 7
359 527 7
953 398 7
310 821 7
542 632 7
233 804 7
342 649 7
533 791 7
480 494 7
132 237 7
23 984 7
911 626 7
980 632 7
501 803 7
627 770 7
619 103 7
47 618 7
341 72 7
614 613 7
790 31 7
499 636 7
624 14 7
719 530 7
896 609 7
847 527 7
557 322 7
488 546 7
59 581 7
45 739 7
550 535 7
937 452 7
434 189 7
501 8 7
428 953 7
698 776 7
826 955 7
261 469 7
567 868 7
678 172 7
575 833 7
742 142 7
526 736 7
155 845 7
148 468 7
604 991 7
497 71 7
415 618 7
862 627 7
930 366 7
969 778 7
914 725 7
228 982 7
882 507 7
724 193 7
73 32 7
615 634 7
111 17 7
571 515 7
270 416 7
166 701 7
187 351 7
137 614 7
943 730 7
466 733 7
873 8 7
977 837 7
511 75 7
130 807 7
870 780 7
988 713 7
121 983 7
355 43 7
207 199 7
964 839 7
266 797 7
868 253 7
516 983 7
361 25 7
317 705 7
937 712 7
663 366 7
710 611 7
242 716 7
879 854 7
64 479 7
605 840 7
370 799 7
411 79 7
364 235 7
171 939 7
610 812 7
503 634 7
495 677 7
822 504 7
536 607 7
26 752 7
682 518 7
410 871 7
981 380 7
868 349 7
838 962 7
332 760 7
130 493 7
155 673 7
291 47 7
757 586 7
47 351 7
324 343 7
575 404 7
561 579 7
262 955 7
347 939 7
742 394 7
593 740 7
61 708 7
792 3 7
510 849 7
922 461 7
140 219 7
810 657 7
765 203 7
923 8 7
752 378 7
590 358 7
343 647 7
551 101 7
378 869 7
467 461 7
792 253 7
301 70 7
651 855 7
317 793 7
52 228 7
794 611 7
489 188 7
908 493 7
126 22 7
867 890 7
165 769 7
23 126 7
131 84 7
752 938 7
451 727 7
167 602 7
327 90 7
188 884 7
702 514 7
546 386 7
563 721 7
296 438 7
457 709 7
375 282 7
908 339 7
194 865 7
697 84 7
800 383 7
447 95 7
75 693 7
369 952 7
560 966 7
45 654 7
808 412 7
659 595 7
816 485 7
857 472 7
396 542 7
947 103 7
391 728 7
935 671 7
426 592 7
687 330 7
892 118 7
903 750 7
544 650 7
341 788 7
646 713 7
759 316 7
811 46 7
97 390 7
676 830 7
416 796 7
888 461 7
569 729 7
42 120 7
432 528 7
432 971 7
263 840 7
964 328 7
772 413 7
397 148 7
763 833 7
215 155 7
946 65 7
976 477 7
261 607 7
427 505 7
326 888 7
628 696 7
628 335 7
118 171 7
881 698 7
743 253 7
482 172 7
216 948 7
187 853 7
257 580 7
38 606 7
184 662 7
586 119 7
336 188 7
185 903 7
140 293 7
385 545 7
983 333 7
855 588 7
271 722 7
84 243 7
474 764 7
438 132 7
627 184 7
699 41 7
435 644 7
703 32 7
663 806 7
777 831 7
34 85 7
402 68 7
991 14 7
926 885 7
647 194 7
318 137 7
423 568 7
50 990 7
226 644 7
516 788 7
634 402 7
260 544 7
57 347 7
355 55 7
432 835 7
436 828 7
221 621 7
640 763 7
579 783 7
715 52 7
330 270 7
707 835 7
991 917 7
920 384 7
359 720 7
879 849 7
904 451 7
179 345 7
70 565 7
918 410 7
341 353 7
768 551 7
798 101 7
911 964 7
554 963 7
174 71 7
309 726 7
165 802 7
773 996 7
876 392 7
713 706 7
477 124 7
253 749 7
614 360 7
862 113 7
336 196 7
390 82 7
396 975 7
500 390 7
786 738 7
589 517 7
390 328 7
75 992 7
959 988 7
194 997 7
317 83 7
234 312 7
858 93 7
928 803 7
820 85 7
685 127 7
223 397 7
402 694 7
305 169 7
717 756 7
135 325 7
320 117 7
569 269 7
622 210 7
556 213 7
639 767 7
494 337 7
62 674 7
135 518 7
565 792 7
894 903 7
800 251 7
677 753 7
449 712 7
351 438 7
875 157 7
153 78 7
156 626 7
919 422 7
463 666 7
490 697 7
690 939 7
932 364 7
324 915 7
940 1000 7
473 299 7
636 90 7
909 222 7
97 672 7
31 271 7
995 203 7
819 452 7
846 12 7
159 6 7
216 821 7
603 64 7
192 22 7
320 82 7
990 486 7
662 763 7
165 548 7
649 20 7
815 210 7
498 960 7
816 879 7
186 268 7
483 418 7
701 677 7
641 391 7
430 554 7
869 434 7
894 769 7
537 523 7
690 857 7
770 231 7
431 345 7
3 559 7
589 579 7
776 511 7
84 526 7
889 390 7
668 348 7
811 325 7
699 531 7
820 72 7
643 344 7
417 858 7
793 936 7
504 399 7
836 296 7
319 393 7
499 319 7
946 949 7
350 929 7
672 347 7
343 886 7
173 658 7
912 594 7
446 568 7
911 556 7
184 258 7
648 92 7
389 923 7
632 691 7
846 915 7
878 818 7
974 645 7
537 155 7
484 766 7
92 388 7
978 331 7
774 337 7
996 852 7
75 482 7
17 909 7
236 973 7
646 544 7
307 895 7
695 205 7
766 19 7
35 616 7
722 323 7
165 779 7
978 958 7
869 248 7
250 859 7
513 911 7
81 62 7
811 396 7
524 533 7
683 422 7
523 316 7
776 350 7
596 49 7
195 901 7
234 14 7
158 275 7
580 36 7
915 566 7
800 155 7
376 207 7
615 778 7
612 623 7
364 276 7
89 221 7
205 650 7
977 689 7
232 273 7
36 612 7
623 313 7
713 231 7
831 333 7
986 632 7
182 189 7
214 50 7
583 350 7
448 481 7
291 207 7
454 671 7
811 928 7
899 918 7
577 298 7
478 922 7
408 556 7
186 563 7
691 45 7
524 441 7
329 468 7
944 967 7
79 255 7
32 299 7
443 468 7
6 712 7
587 229 7
218 41 7
277 183 7
477 762 7
312 747 7
660 395 7
159 206 7
7 615 7
139 428 7
706 989 7
415 772 7
524 43 7
910 907 7
512 671 7
871 330 7
137 649 7
290 575 7
112 8 7
743 580 7
657 552 7
788 657 7
820 676 7
494 399 7
370 845 7
490 159 7
913 302 7
198 281 7
634 234 7
200 733 7
43 769 7
497 498 7
557 16 7
807 954 7
794 695 7
769 434 7
389 271 7
948 992 7
31 994 7
753 525 7
950 748 7
272 192 7
651 263 7
831 495 7
68 408 7
991 911 7
110 269 7
527 579 7
280 91 7
915 203 7
28 5 7
215 508 7
150 301 7
788 307 7
695 475 7
129 424 7
739 93 7
824 688 7
277 378 7
698 989 7
62 766 7
589 526 7
637 328 7
347 458 7
782 813 7
867 241 7
96 617 7
894 733 7
549 765 7
837 160 7
439 923 7
471 203 7
923 2 7
366 404 7
72 226 7
415 919 7
200 112 7
445 504 7
791 881 7
6 517 7
274 996 7
393 984 7
227 953 7
4 311 7
172 341 7
917 244 7
721 57 7
786 433 7
420 632 7
901 728 7
841 320 7
515 307 7
351 458 7
772 87 7
800 368 7
114 143 7
553 680 7
91 297 7
668 741 7
637 247 7
507 536 7
233 220 7
254 906 7
407 929 7
137 147 7
483 334 7
565 233 7
439 310 7
389 964 7
221 423 7
954 456 7
448 259 7
891 15 7
483 486 7
659 519 7
447 485 7
888 101 7
53 25 7
249 977 7
646 374 7
953 935 7
751 955 7
517 527 7
471 674 7
465 301 7
461 399 7
539 422 7
728 422 7
336 749 7
6 678 7
158 309 7
799 934 7
844 537 7
527 758 7
744 58 7
42 19 7
797 460 7
212 376 7
830 779 7
936 948 7
128 663 7
700 73 7
404 164 7
93 60 7
221 823 7
114 596 7
552 725 7
931 105 7
723 0 7
106 682 7
503 850 7
310 64 7
164 909 7
351 646 7
630 754 7
221 630 7
186 875 7
139 668 7
126 877 7
559 797 7
567 741 7
31 51 7
623 949 7
560 259 7
122 228 7
751 362 7
155 591 7
194 265 7
804 178 7
984 637 7
827 777 7
38 573 7
492 269 7
184 891 7
822 858 7
422 713 7
923 550 7
975 263 7
409 847 7
340 953 7
110 772 7
44 293 7
604 628 7
724 211 7
244 92 7
994 677 7
127 389 7
495 207 7
960 99 7
553 947 7
472 895 7
106 173 7
917 723 7
673 677 7
27 904 7
817 589 7
709 770 7
484 988 7
734 809 7
218 428 7
325 947 7
747 305 7
648 768 7
135 350 7
946 73 7
728 976 7
214 641 7
808 94 7
588 79 7
349 779 7
892 381 7
555 948 7
403 149 7
818 897 7
398 69 7
31 8 7
741 970 7
196 411 7
428 245 7
68 978 7
982 786 7
656 848 7
644 337 7
481 703 7
691 273 7
296 669 7
827 152 7
653 371 7
989 774 7
601 981 7
534 129 7
324 841 7
507 837 7
841 810 7
853 919 7
453 554 7
362 822 7
596 669 7
84 118 7
776 633 7
803 163 7
751 71 7
130 976 7
643 897 7
971 455 7
562 297 7
112 414 7
724 831 7
43 301 7
254 75 7
902 152 7
301 537 7
726 43 7
113 866 7
857 739 7
655 995 7
400 476 7
742 210 7
331 595 7
51 6 7
388 585 7
415 315 7
226 82 7
934 995 7
292 670 7
917 288 7
551 302 7
591 241 7
621 847 7
220 378 7
645 107 7
679 984 7
670 332 7
573 41 7
937 825 7
5 888 7
381 760 7
459 359 7
129 904 7
256 150 7
837 298 7
529 263 7
564 314 7
248 979 7
788 759 7
596 917 7
977 887 7
950 723 7
98 327 7
919 73 7
168 292 7
367 852 7
127 899 7
577 656 7
662 244 7
231 162 7
719 72 7
930 447 7
117 784 7
852 691 7
248 642 7
837 255 7
121 949 7
275 247 7
64 271 7
884 657 7
400 380 7
477 22 7
470 440 7
557 858 7
942 332 7
283 777 7
191 642 7
801 959 7
862 151 7
217 164 7
188 46 7
644 474 7
909 850 7
582 702 7
276 861 7
361 84 7
136 494 7
301 520 7
630 454 7
791 134 7
116 696 7
197 608 7
558 771 7
38 26 7
412 305 7
67 87 7
684 767 7
875 819 7
354 687 7
686 827 7
887 85 7
650 762 7
165 932 7
591 881 7
589 246 7
536 723 7
447 301 7
31 231 7
253 130 7
646 352 7
248 396 7
550 751 7
76 87 7
699 632 7
392 547 7
951 221 7
712 544 7
906 584 7
446 629 7
645 564 7
372 867 7
442 341 7
717 199 7
971 312 7
167 337 7
753 626 7
166 100 7
329 286 7
818 259 7
912 995 7
311 816 7
49 476 7
221 386 7
930 279 7
772 172 7
520 986 7
62 57 7
708 942 7
310 203 7
897 468 7
611 393 7
286 693 7
618 189 7
614 52 7
308 780 7
141 186 7
545 312 7
129 151 7
996 918 7
888 307 7
451 644 7
409 440 7
806 867 7
976 95 7
763 90 7
442 123 7
167 260 7
917 840 7
404 625 7
81 41 7
20 448 7
68 46 7
467 209 7
937 705 7
881 555 7
619 609 7
33 626 7
685 688 7
816 732 7
512 160 7
480 976 7
690 768 7
723 533 7
109 746 7
741 777 7
639 628 7
924 316 7
373 417 7
653 294 7
849 794 7
63 164 7
1000 422 7
334 61 7
373 792 7
170 494 7
169 192 7
567 552 7
906 974 7
688 106 7
57 952 7
397 869 7
543 697 7
370 675 7
859 455 7
109 613 7
658 359 7
22 512 7
320 344 7
168 627 7
310 6 7
814 872 7
454 730 7
849 353 7
534 629 7
55 811 7
604 152 7
719 299 7
679 536 7
156 590 7
96 224 7
923 168 7
361 607 7
185 912 7
3 318 7
563 588 7
614 199 7
112 354 7
597 359 7
832 165 7
289 932 7
350 581 7
613 612 7
58 70 7
650 453 7
592 485 7
109 997 7
490 348 7
564 162 7
527 419 7
389 86 7
907 1 7
838 648 7
2 62 7
347 142 7
616 267 7
95 113 7
636 133 7
747 209 7
286 238 7
82 628 7
261 362 7
275 972 7
140 359 7
724 185 7
506 96 7
428 564 7
813 758 7
422 389 7
875 662 7
849 422 7
368 287 7
936 836 7
828 113 7
710 849 7
741 360 7
86 809 7
375 126 7
818 135 7
436 841 7
135 28 7
336 365 7
762 651 7
70 107 7
939 964 7
395 937 7
764 256 7
719 890 7
701 713 7
623 520 7
625 885 7
240 312 7
319 8 7
558 744 7
326 124 7
892 889 7
528 64 7
426 95 7
233 67 7
330 812 7
985 806 7
196 981 7
407 345 7
104 857 7
840 124 7
878 109 7
878 384 7
958 127 7
750 782 7
517 73 7
394 533 7
191 350 7
64 705 7
673 0 7
103 749 7
877 171 7
642 70 7
864 984 7
621 283 7
648 637 7
936 597 7
678 69 7
180 464 7
563 758 7
379 906 7
131 565 7
941 228 7
743 756 7
251 742 7
669 124 7
374 27 7
831 189 7
409 223 7
55 612 7
338 55 7
75 579 7
956 844 7
770 356 7
538 723 7
483 211 7
880 746 7
515 165 7
411 626 7
833 465 7
727 382 7
601 318 7
538 392 7
764 389 7
112 766 7
771 773 7
855 761 7
475 774 7
194 367 7
483 343 7
179 388 7
584 161 7
671 828 7
732 795 7
828 156 7
234 764 7
89 705 7
591 958 7
697 410 7
425 664 7
805 440 7
843 598 7
631 386 7
534 830 7
707 201 7
626 369 7
895 384 7
440 528 7
240 986 7
291 778 7
473 789 7
27 158 7
666 30 7
976 833 7
562 955 7
270 579 7
230 290 7
145 492 7
450 653 7
331 345 7
481 688 7
546 12 7
798 723 7
220 789 7
877 777 7
47 624 7
512 443 7
723 18 7
485 981 7
20 485 7
634 101 7
151 893 7
419 448 7
592 438 7
230 157 7
200 499 7
815 551 7
53 169 7
310 464 7
556 752 7
397 230 7
225 790 7
134 685 7
179 42 7
227 130 7
882 410 7
616 153 7
633 211 7
745 40 7
892 922 7
691 764 7
629 25 7
804 87 7
273 428 7
917 260 7
207 706 7
855 266 7
492 829 7
919 278 7
747 353 7
491 421 7
151 867 7
392 910 7
681 699 7
239 106 7
83 247 7
244 76 7
350 729 7
852 84 7
739 557 7
864 200 7
570 857 7
171 559 7
63 454 7
524 805 7
664 159 7
350 482 7
43 373 7
244 81 7
220 681 7
563 674 7
497 307 7
591 197 7
548 534 7
110 967 7
267 45 7
432 777 7
17 65 7
899 102 7
869 87 7
391 89 7
370 549 7
576 626 7
395 315 7
797 312 7
82 430 7
870 658 7
74 42 7
669 506 7
136 519 7
621 167 7
158 318 7
754 370 7
863 3 7
490 300 7
302 969 7
945 748 7
206 184 7
983 265 7
919 262 7
139 679 7
74 198 7
287 805 7
909 568 7
640 732 7
897 566 7
101 498 7
620 678 7
76 961 7
753 934 7
469 440 7
712 323 7
911 640 7
303 371 7
130 998 7
989 661 7
848 222 7
478 690 7
64 112 7
473 60 7
195 42 7
95 371 7
919 161 7
577 183 7
941 500 7
86 873 7
211 196 7
615 598 7
51 475 7
964 427 7
316 23 7
409 11 7
389 724 7
103 638 7
261 685 7
608 275 7
496 439 7
541 30 7
59 458 7
935 677 7
142 397 7
395 176 7
129 685 7
751 1 7
620 33 7
206 752 7
153 735 7
536 959 7
410 128 7
248 640 7
591 856 7
657 788 7
362 838 7
252 789 7
310 863 7
763 48 7
822 994 7
387 989 7
476 318 7
682 894 7
18 590 7
915 433 7
595 227 7
326 79 7
20 809 7
176 851 7
593 983 7
230 469 7
597 950 7
743 482 7
410 975 7
242 634 7
961 994 7
886 639 7
709 280 7
381 304 7
585 321 7
558 779 7
908 335 7
532 555 7
702 52 7
734 533 7
308 257 7
700 254 7
827 764 7
322 487 7
949 70 7
160 93 7
122 876 7
616 972 7
91 144 7
383 686 7
620 143 7
926 31 7
128 227 7
291 465 7
927 154 7
97 548 7
626 801 7
901 103 7
332 994 7
570 338 7
103 904 7
668 711 7
201 973 7
757 353 7
942 694 7
592 701 7
425 899 7
112 742 7
542 365 7
585 687 7
757 43 7
140 74 7
20 363 7
310 336 7
81 425 7
953 873 7
214 118 7
663 748 7
926 220 7
347 190 7
400 306 7
504 23 7
747 707 7
152 492 7
492 255 7
744 121 7
508 521 7
419 579 7
707 553 7
526 18 7
729 162 7
385 738 7
528 274 7
724 786 7
835 268 7
0 530 7
485 455 7
712 892 7
946 199 7
440 160 7
881 862 7
853 593 7
438 147 7
674 781 7
447 203 7
162 293 7
939 700 7
309 446 7
565 103 7
411 593 7
187 983 7
919 621 7
596 452 7
201 923 7
44 879 7
847 314 7
243 462 7
33 768 7
913 201 7
581 570 7
59 651 7
299 607 7
492 310 7
554 774 7
808 991 7
239 935 7
397 287 7
485 782 7
5 847 7
410 339 7
46 692 7
583 521 7
727 685 7
294 351 7
982 369 7
420 765 7
720 459 7
741 149 7
882 759 7
270 464 7
986 446 7
885 462 7
388 164 7
626 385 7
748 629 7
768 591 7
493 731 7
285 582 7
67 742 7
987 689 7
796 658 7
19 591 7
698 871 7
217 876 7
336 795 7
585 19 7
513 927 7
813 448 7
847 598 7
774 26 7
157 298 7
137 849 7
850 745 7
487 808 7
731 689 7
943 226 7
119 687 7
184 94 7
39 353 7
644 239 7
67 330 7
595 780 7
55 938 7
994 582 7
166 911 7
634 12 7
71 803 7
917 693 7
992 84 7
647 749 7
406 351 7
484 870 7
960 262 7
571 51 7
692 45 7
267 226 7
98 88 7
155 30 7
469 109 7
293 682 7
26 657 7
807 683 7
481 771 7
858 652 7
996 6 7
644 621 7
906 156 7
307 435 7
864 585 7
989 858 7
798 237 7
224 346 7
332 814 7
264 659 7
426 346 7
755 871 7
553 67 7
143 946 7
653 240 7
556 471 7
198 921 7
566 131 7
797 827 7
324 369 7
654 369 7
933 905 7
998 418 7
812 534 7
531 315 7
647 53 7
923 223 7
118 443 7
705 469 7
959 949 7
55 182 7
611 501 7
288 671 7
380 476 7
12 370 7
558 92 7
158 356 7
800 366 7
641 221 7
837 895 7
540 265 7
583 243 7
276 5 7
767 473 7
370 539 7
322 780 7
788 830 7
866 961 7
523 648 7
360 64 7
228 615 7
469 278 7
109 153 7
6 100 7
170 974 7
940 232 7
103 197 7
318 328 7
493 444 7
0 398 7
728 401 7
967 373 7
317 518 7
458 178 7
542 914 7
910 3 7
299 609 7
545 562 7
945 807 7
759 331 7
5 642 7
432 410 7
352 461 7
119 725 7
503 142 7
174 813 7
676 312 7
593 735 7
926 420 7
542 136 7
225 318 7
210 411 7
24 557 7
864 362 7
443 386 7
947 501 7
324 432 7
291 887 7
55 845 7
906 552 7
170 260 7
518 135 7
416 737 7
630 432 7
72 378 7
489 889 7
112 231 7
978 637 7
946 539 7
576 687 7
619 332 7
255 137 7
424 724 7
551 234 7
421 967 7
271 69 7
559 21 7
174 145 7
834 568 7
148 347 7
139 285 7
95 802 7
187 580 7
870 162 7
932 539 7
205 664 7
85 32 7
768 621 7
712 561 7
412 734 7
160 376 7
777 414 7
298 78 7
883 638 7
233 229 7
144 245 7
887 190 7
791 867 7
476 314 7
922 477 7
51 47 7
252 679 7
298 447 7
108 684 7
155 58 7
678 5 7
954 384 7
490 746 7
536 492 7
270 894 7
97 679 7
918 71 7
309 30 7
241 866 7
819 165 7
454 83 7
602 505 7
591 614 7
714 316 7
459 393 7
41 854 7
139 949 7
947 382 7
478 389 7
872 667 7
40 422 7
589 29 7
130 394 7
431 859 7
334 6 7
60 143 7
707 917 7
914 140 7
729 553 7
352 244 7
382 604 7
547 34 7
888 332 7
712 870 7
8 877 7
69 452 7
637 619 7
434 744 7
180 153 7
736 948 7
137 75 7
751 180 7
260 373 7
147 424 7
684 603 7
747 737 7
128 292 7
698 759 7
32 625 7
724 513 7
762 580 7
768 997 7
689 650 7
190 763 7
448 930 7
903 752 7
306 738 7
928 582 7
650 819 7
100 428 7
16 4 7
256 722 7
608 100 7
731 450 7
919 294 7
585 232 7
182 986 7
900 529 7
44 553 7
66 390 7
289 690 7
740 563 7
978 831 7
988 728 7
592 800 7
674 242 7
691 670 7
503 285 7
892 79 7
2 262 7
758 731 7
978 901 7
551 820 7
472 331 7
679 644 7
40 483 7
557 299 7
699 258 7
896 744 7
628 473 7
826 286 7
857 660 7
763 15 7
750 638 7
833 191 7
300 72 7
883 785 7
452 77 7
99 652 7
331 756 7
31 461 7
65 822 7
100 767 7
745 111 7
81 288 7
108 437 7
789 880 7
346 219 7
517 116 7
734 39 7
310 268 7
578 761 7
337 290 7
480 481 7
482 503 7
485 285 7
988 310 7
731 627 7
219 303 7
753 433 7
334 316 7
235 221 7
479 682 7
821 113 7
370 374 7
218 144 7
958 816 7
747 743 7
718 748 7
846 961 7
839 50 7
740 23 7
264 730 7
807 806 7
672 449 7
476 97 7
626 593 7
687 105 7
24 653 7
469 611 7
658 320 7
355 261 7
837 255 7
168 61 7
879 612 7
957 386 7
688 856 7
373 840 7
154 589 7
150 383 7
909 753 7
884 630 7
982 405 7
313 532 7
903 928 7
613 419 7
961 333 7
658 216 7
343 68 7
19 819 7
261 828 7
683 636 7
592 588 7
575 978 7
220 182 7
934 259 7
133 271 7
813 439 7
793 957 7
894 66 7
171 230 7
432 569 7
589 24 7
310 242 7
293 631 7
532 971 7
548 132 7
868 100 7
787 594 7
906 343 7
787 219 7
384 638 7
256 208 7
341 864 7
339 620 7
540 819 7
654 415 7
145 670 7
844 591 7
57 868 7
100 527 7
806 103 7
107 105 7
831 143 7
405 153 7
189 423 7
863 948 7
640 754 7
830 578 7
962 584 7
857 204 7
348 362 7
831 312 7
668 335 7
747 548 7
559 345 7
494 936 7
131 135 7
561 810 7
628 648 7
908 180 7
846 557 7
115 201 7
9 855 7
425 374 7
1000 994 7
330 463 7
455 731 7
431 515 7
818 1 7
682 715 7
468 844 7
203 745 7
589 935 7
572 505 7
908 943 7
126 574 7
918 639 7
829 435 7
178 49 7
13 471 7
75 226 7
310 942 7
903 150 7
772 135 7
29 589 7
109 883 7
798 429 7
85 952 7
324 419 7
38 472 7
408 870 7
246 935 7
829 319 7
730 268 7
555 886 7
78 355 7
42 746 7
596 446 7
170 393 7
881 623 7
289 318 7
829 875 7
59 521 7
945 560 7
479 427 7
325 55 7
183 805 7
587 975 7
111 532 7
201 552 7
312 251 7
839 442 7
306 130 7
450 333 7
204 766 7
183 33 7
219 413 7
341 203 7
27 372 7
561 803 7
546 958 7
457 898 7
737 33 7
818 82 7
368 356 7
252 714 7
299 98 7
710 760 7
197 719 7
444 989 7
