10000 20 638
518 132 8
572 93 8
780 425 8
885 637 8
886 832 8
309 308 8
440 759 8
589 897 8
153 436 8
710 825 8
734 191 8
700 312 8
340 525 8
601 20 8
858 239 8
244 885 8
992 514 8
784 202 8
694 471 8
797 740 8
936 159 8
63 970 8
618 438 8
696 762 8
187 874 8
140 418 8
136 926 8
114 173 8
716 912 8
206 767 8
731 150 8
360 186 8
725 753 8
715 244 8
127 963 8
775 843 8
879 942 8
786 85 8
402 390 8
868 768 8
725 666 8
686 428 8
292 231 8
223 617 8
871 433 8
536 165 8
344 318 8
152 53 8
58 198 8
767 28 8
79 512 8
225 701 8
738 819 8
342 323 8
806 442 8
23 30 8
681 639 8
234 635 8
994 970 8
894 485 8
708 488 8
930 518 8
125 908 8
434 293 8
661 361 8
622 547 8
438 767 8
1000 325 8
874 680 8
349 82 8
45 406 8
711 954 8
273 829 8
969 349 8
421 46 8
521 430 8
555 830 8
136 233 8
321 539 8
573 587 8
832 918 8
253 145 8
153 315 8
925 569 8
198 524 8
790 445 8
2 135 8
165 90 8
918 868 8
620 902 8
876 738 8
801 232 8
456 539 8
878 168 8
493 814 8
553 761 8
228 344 8
746 27 8
161 890 8
203 145 8
787 376 8
490 858 8
856 266 8
605 65 8
183 688 8
480 120 8
672 878 8
475 49 8
865 606 8
925 608 8
517 137 8
878 39 8
190 215 8
970 393 8
921 468 8
833 675 8
291 402 8
165 374 8
460 464 8
524 157 8
525 324 8
792 523 8
538 454 8
381 966 8
804 535 8
539 208 8
19 959 8
206 450 8
983 268 8
224 129 8
388 602 8
704 376 8
349 191 8
71 964 8
268 480 8
526 302 8
76 139 8
637 776 8
810 321 8
494 542 8
65 273 8
286 771 8
917 380 8
937 635 8
238 186 8
546 629 8
242 858 8
760 880 8
889 710 8
433 913 8
991 827 8
42 975 8
27 639 8
461 880 8
223 492 8
338 533 8
124 559 8
126 552 8
853 91 8
828 181 8
347 653 8
290 668 8
156 329 8
980 712 8
603 429 8
811 979 8
845 120 8
881 642 8
803 868 8
350 472 8
975 518 8
747 219 8
490 924 8
604 65 8
104 706 8
130 81 8
770 423 8
902 32 8
363 309 8
707 960 8
998 229 8
979 839 8
790 978 8
990 165 8
493 251 8
188 596 8
940 56 8
351 561 8
805 874 8
14 211 8
525 747 8
811 890 8
907 601 8
786 156 8
822 561 8
83 563 8
574 962 8
99 67 8
472 527 8
992 686 8
596 234 8
527 97 8
193 796 8
767 288 8
148 529 8
705 785 8
272 994 8
890 743 8
622 770 8
618 825 8
123 9 8
782 322 8
982 971 8
851 860 8
966 395 8
420 466 8
894 812 8
800 319 8
511 662 8
124 848 8
304 718 8
532 980 8
387 122 8
976 78 8
885 136 8
386 819 8
27 231 8
442 361 8
631 266 8
559 977 8
806 793 8
313 259 8
478 989 8
523 664 8
889 368 8
700 962 8
180 475 8
8 998 8
108 466 8
53 61 8
408 1 8
820 768 8
346 772 8
632 915 8
100 59 8
724 250 8
799 98 8
703 216 8
144 243 8
70 325 8
63 633 8
778 688 8
448 768 8
966 822 8
618 234 8
845 734 8
288 311 8
787 634 8
938 723 8
523 44 8
526 834 8
58 746 8
362 859 8
862 498 8
164 801 8
609 545 8
115 972 8
615 717 8
849 883 8
305 195 8
930 298 8
294 489 8
467 963 8
616 531 8
194 26 8
243 295 8
535 898 8
526 256 8
721 804 8
392 611 8
522 70 8
698 16 8
712 444 8
807 364 8
678 149 8
879 581 8
770 867 8
784 813 8
258 633 8
968 496 8
5 152 8
341 455 8
511 91 8
248 874 8
840 314 8
837 513 8
703 206 8
941 479 8
79 339 8
705 901 8
678 10 8
522 913 8
141 118 8
400 879 8
444 376 8
704 11 8
476 700 8
256 84 8
456 28 8
784 611 8
434 517 8
406 130 8
509 887 8
313 959 8
96 166 8
458 40 8
717 508 8
780 468 8
252 636 8
762 739 8
592 68 8
109 299 8
563 430 8
469 946 8
106 169 8
633 991 8
377 715 8
118 26 8
354 349 8
729 505 8
114 752 8
666 544 8
147 718 8
624 858 8
949 895 8
334 752 8
556 483 8
682 815 8
784 705 8
729 100 8
147 750 8
308 758 8
329 620 8
597 937 8
304 495 8
421 839 8
294 862 8
513 91 8
784 638 8
551 897 8
506 158 8
720 909 8
679 516 8
763 736 8
139 445 8
249 532 8
367 774 8
721 300 8
984 739 8
59 845 8
128 472 8
320 776 8
587 965 8
477 114 8
724 131 8
633 64 8
672 221 8
801 381 8
47 1000 8
403 304 8
876 412 8
383 774 8
591 862 8
181 521 8
327 547 8
547 381 8
831 366 8
719 732 8
189 25 8
734 258 8
284 158 8
727 912 8
890 969 8
569 248 8
768 701 8
749 760 8
100 978 8
365 880 8
18 956 8
716 510 8
786 278 8
57 609 8
561 154 8
183 269 8
664 952 8
787 21 8
529 131 8
906 947 8
925 722 8
118 76 8
349 93 8
839 131 8
381 307 8
82 36 8
733 367 8
862 949 8
906 362 8
60 300 8
927 455 8
535 751 8
214 872 8
989 552 8
583 696 8
957 228 8
107 67 8
473 974 8
769 130 8
135 200 8
505 790 8
713 945 8
880 832 8
933 718 8
781 121 8
467 376 8
579 300 8
74 784 8
148 16 8
911 279 8
23 46 8
922 326 8
979 92 8
726 50 8
853 75 8
334 89 8
743 120 8
65 159 8
856 791 8
866 363 8
873 307 8
406 310 8
211 270 8
825 206 8
208 150 8
936 982 8
84 21 8
657 490 8
568 851 8
500 656 8
651 104 8
749 148 8
892 576 8
806 29 8
923 285 8
166 143 8
694 415 8
26 643 8
372 626 8
10 916 8
684 169 8
791 999 8
688 788 8
525 969 8
47 276 8
138 588 8
640 213 8
658 394 8
773 732 8
625 243 8
812 147 8
189 953 8
935 944 8
852 227 8
643 753 8
915 0 8
28 468 8
449 282 8
79 558 8
110 142 8
217 740 8
342 136 8
329 152 8
213 17 8
889 277 8
13 415 8
98 122 8
854 158 8
515 431 8
713 708 8
66 98 8
123 288 8
726 398 8
423 341 8
534 308 8
377 601 8
54 22 8
149 192 8
626 42 8
841 386 8
820 158 8
974 443 8
712 485 8
525 576 8
14 292 8
675 666 8
420 63 8
266 242 8
808 811 8
41 38 8
984 9 8
980 7 8
151 523 8
141 639 8
731 554 8
951 812 8
712 4 8
332 44 8
317 773 8
945 83 8
820 958 8
753 853 8
680 296 8
32 459 8
365 878 8
938 791 8
231 585 8
422 637 8
186 695 8
58 602 8
887 774 8
182 90 8
160 698 8
912 567 8
957 59 8
546 631 8
527 392 8
955 42 8
590 226 8
822 854 8
496 563 8
972 986 8
816 346 8
660 431 8
478 141 8
682 632 8
917 665 8
41 693 8
442 814 8
437 8 8
600 838 8
907 74 8
358 489 8
912 762 8
900 907 8
257 693 8
505 269 8
667 302 8
370 79 8
178 38 8
460 267 8
200 749 8
620 399 8
619 732 8
952 244 8
790 168 8
446 633 8
868 943 8
19 469 8
647 821 8
135 212 8
904 214 8
639 740 8
234 399 8
696 610 8
252 622 8
512 825 8
826 698 8
857 981 8
242 663 8
995 662 8
646 958 8
290 67 8
344 111 8
800 810 8
204 466 8
388 849 8
121 583 8
513 15 8
353 875 8
742 894 8
190 791 8
431 184 8
522 854 8
665 955 8
540 788 8
153 578 8
826 491 8
518 340 8
371 610 8
407 736 8
630 514 8
776 685 8
268 749 8
462 779 8
197 902 8
985 372 8
364 765 8
630 11 8
556 912 8
556 959 8
177 871 8
999 777 8
31 410 8
269 438 8
650 439 8
755 917 8
163 840 8
404 551 8
401 351 8
140 645 8
399 551 8
696 848 8
858 164 8
993 282 8
147 269 8
601 523 8
799 713 8
856 101 8
300 1 8
607 350 8
994 504 8
500 425 8
786 882 8
99 345 8
327 74 8
682 475 8
143 653 8
141 852 8
73 880 8
594 751 8
288 365 8
309 776 8
920 377 8
364 338 8
919 550 8
352 892 8
550 923 8
857 533 8
315 749 8
987 128 8
468 22 8
782 604 8
491 214 8
895 498 8
35 440 8
888 258 8
846 937 8
789 362 8
433 348 8
523 380 8
986 355 8
516 704 8
729 368 8
179 388 8
990 950 8
871 507 8
394 797 8
190 53 8
704 638 8
339 458 8
781 415 8
756 628 8
746 553 8
603 53 8
959 651 8
300 499 8
220 635 8
603 422 8
642 586 8
702 127 8
68 45 8
821 57 8
477 109 8
277 193 8
503 0 8
961 767 8
642 905 8
605 587 8
100 932 8
233 931 8
957 748 8
768 767 8
776 376 8
349 226 8
328 327 8
752 485 8
236 267 8
876 22 8
167 562 8
24 855 8
730 967 8
842 394 8
704 65 8
74 350 8
511 850 8
822 195 8
580 881 8
83 1000 8
788 659 8
265 731 8
655 965 8
513 372 8
627 112 8
984 731 8
863 992 8
569 639 8
670 927 8
413 48 8
537 450 8
631 815 8
401 660 8
419 55 8
14 582 8
673 476 8
530 702 8
964 825 8
740 61 8
803 949 8
183 660 8
340 971 8
331 204 8
351 336 8
506 324 8
369 529 8
274 833 8
315 120 8
344 113 8
350 611 8
195 631 8
392 888 8
162 897 8
692 305 8
230 706 8
797 665 8
636 24 8
815 506 8
198 258 8
382 271 8
425 780 8
771 261 8
561 556 8
998 705 8
363 987 8
861 923 8
23 162 8
151 684 8
67 575 8
33 349 8
452 128 8
89 525 8
409 804 8
203 694 8
449 607 8
525 714 8
897 203 8
893 29 8
658 481 8
393 411 8
33 483 8
702 454 8
910 70 8
256 794 8
420 835 8
794 499 8
919 946 8
817 543 8
723 997 8
793 554 8
916 158 8
31 592 8
967 587 8
920 865 8
329 579 8
869 914 8
915 129 8
718 622 8
879 169 8
670 111 8
713 76 8
374 101 8
131 1000 8
106 188 8
409 873 8
37 652 8
818 387 8
651 630 8
954 65 8
2 338 8
773 838 8
935 282 8
43 324 8
898 331 8
762 785 8
195 937 8
496 261 8
436 594 8
478 891 8
908 982 8
881 371 8
142 570 8
794 156 8
994 240 8
536 273 8
716 851 8
217 881 8
672 883 8
885 858 8
958 500 8
261 684 8
459 367 8
868 422 8
820 693 8
90 817 8
643 686 8
264 533 8
302 395 8
607 425 8
802 158 8
274 779 8
920 730 8
281 842 8
859 828 8
443 721 8
633 886 8
813 281 8
263 728 8
468 520 8
833 676 8
850 504 8
391 426 8
468 74 8
882 624 8
85 334 8
903 151 8
819 755 8
610 143 8
915 253 8
446 45 8
987 255 8
747 150 8
952 448 8
739 973 8
601 178 8
192 33 8
96 245 8
334 595 8
431 223 8
890 667 8
901 257 8
251 857 8
226 493 8
350 657 8
647 620 8
396 170 8
713 539 8
849 261 8
972 46 8
906 806 8
502 739 8
249 436 8
554 346 8
59 694 8
469 786 8
549 815 8
193 198 8
829 790 8
938 643 8
40 756 8
509 108 8
284 545 8
796 919 8
414 999 8
52 720 8
840 877 8
163 504 8
102 533 8
272 679 8
803 723 8
454 650 8
432 726 8
407 967 8
535 733 8
313 441 8
752 935 8
196 117 8
895 518 8
183 183 8
480 993 8
102 268 8
672 731 8
255 496 8
595 219 8
441 407 8
779 12 8
607 17 8
513 800 8
982 623 8
343 970 8
311 817 8
23 722 8
218 615 8
82 730 8
441 685 8
491 29 8
134 770 8
709 79 8
415 702 8
358 707 8
989 809 8
313 918 8
242 182 8
341 254 8
626 782 8
541 426 8
613 570 8
915 482 8
154 460 8
853 141 8
389 481 8
71 836 8
370 669 8
838 984 8
530 633 8
640 638 8
741 582 8
138 915 8
508 561 8
451 97 8
143 5 8
156 771 8
852 57 8
143 247 8
324 534 8
571 841 8
479 173 8
648 63 8
281 436 8
342 694 8
54 161 8
445 160 8
727 265 8
700 371 8
152 537 8
597 9 8
390 424 8
972 211 8
837 745 8
499 405 8
635 872 8
4 478 8
703 714 8
314 816 8
933 486 8
181 943 8
654 372 8
110 268 8
322 531 8
196 253 8
486 146 8
601 413 8
81 654 8
326 389 8
23 981 8
41 59 8
671 772 8
419 214 8
791 300 8
861 859 8
265 608 8
708 359 8
64 26 8
254 893 8
525 281 8
723 998 8
312 487 8
461 432 8
78 425 8
998 570 8
949 259 8
361 711 8
739 147 8
629 625 8
508 907 8
352 729 8
764 941 8
915 167 8
420 541 8
651 119 8
824 228 8
227 409 8
993 414 8
657 388 8
735 631 8
805 550 8
603 310 8
523 419 8
242 608 8
348 723 8
621 235 8
647 17 8
22 254 8
985 590 8
25 922 8
286 326 8
275 114 8
554 709 8
554 586 8
56 137 8
642 106 8
891 34 8
694 106 8
389 789 8
175 404 8
417 342 8
320 431 8
825 557 8
143 473 8
339 867 8
962 878 8
496 179 8
607 903 8
47 461 8
710 84 8
677 861 8
484 188 8
405 124 8
614 501 8
553 31 8
13 701 8
49 597 8
787 843 8
667 91 8
392 414 8
140 438 8
794 454 8
228 682 8
357 266 8
442 953 8
499 140 8
618 519 8
513 104 8
297 325 8
997 305 8
852 423 8
855 349 8
126 178 8
861 810 8
542 404 8
733 675 8
110 743 8
587 285 8
793 133 8
92 375 8
176 288 8
673 993 8
205 386 8
179 643 8
211 912 8
647 679 8
61 475 8
685 161 8
284 148 8
987 698 8
111 181 8
93 766 8
741 156 8
257 627 8
685 502 8
123 42 8
346 497 8
28 664 8
328 330 8
788 418 8
92 387 8
448 270 8
441 732 8
581 487 8
293 890 8
352 111 8
229 964 8
961 748 8
441 780 8
259 462 8
302 821 8
316 53 8
313 968 8
520 942 8
37 644 8
856 498 8
913 866 8
144 420 8
5 689 8
112 392 8
181 359 8
386 740 8
692 738 8
565 841 8
250 691 8
576 871 8
144 182 8
296 343 8
31 353 8
391 545 8
333 582 8
836 821 8
622 741 8
471 774 8
470 709 8
184 594 8
990 482 8
516 503 8
378 592 8
564 5 8
972 784 8
575 508 8
727 744 8
427 825 8
102 514 8
439 755 8
514 453 8
444 560 8
872 39 8
435 311 8
236 967 8
278 874 8
652 680 8
456 321 8
904 788 8
350 901 8
436 466 8
216 546 8
6 497 8
609 576 8
460 628 8
352 305 8
921 322 8
811 640 8
991 248 8
489 992 8
349 317 8
823 688 8
877 967 8
50 33 8
5 514 8
335 343 8
107 6 8
233 349 8
177 910 8
927 948 8
944 637 8
610 142 8
318 944 8
54 983 8
727 957 8
609 726 8
817 288 8
675 245 8
107 341 8
558 854 8
857 511 8
966 188 8
80 736 8
624 175 8
521 948 8
46 599 8
847 498 8
397 722 8
793 693 8
794 814 8
705 777 8
965 570 8
964 989 8
751 841 8
670 510 8
992 713 8
405 549 8
454 715 8
324 618 8
596 757 8
2 208 8
626 204 8
902 666 8
710 160 8
62 587 8
93 952 8
497 501 8
713 768 8
468 724 8
466 533 8
20 910 8
111 890 8
793 391 8
48 323 8
861 221 8
523 656 8
216 621 8
560 719 8
648 986 8
984 746 8
146 418 8
642 600 8
794 165 8
907 580 8
191 135 8
464 973 8
478 558 8
185 716 8
100 326 8
628 276 8
91 219 8
184 9 8
222 128 8
369 372 8
947 679 8
938 576 8
807 995 8
701 935 8
853 511 8
406 404 8
99 829 8
921 405 8
892 723 8
402 486 8
899 809 8
816 934 8
907 581 8
293 287 8
674 413 8
775 184 8
44 102 8
436 275 8
99 967 8
696 539 8
768 362 8
601 957 8
693 366 8
996 1000 8
4 164 8
794 10 8
924 418 8
229 417 8
60 701 8
113 327 8
819 274 8
46 697 8
464 864 8
116 938 8
290 734 8
748 807 8
606 828 8
160 36 8
480 907 8
23 242 8
476 836 8
996 458 8
279 262 8
751 101 8
996 576 8
873 112 8
874 816 8
853 231 8
141 458 8
402 837 8
947 70 8
270 558 8
771 744 8
908 877 8
818 366 8
744 249 8
881 566 8
943 241 8
701 459 8
497 586 8
426 286 8
774 71 8
942 434 8
124 556 8
752 397 8
326 206 8
432 25 8
425 982 8
830 287 8
659 33 8
570 807 8
934 13 8
146 292 8
533 43 8
186 472 8
397 651 8
234 448 8
369 774 8
325 195 8
503 138 8
303 121 8
488 234 8
543 292 8
317 931 8
408 454 8
906 797 8
153 63 8
984 518 8
43 936 8
911 644 8
374 160 8
235 496 8
130 913 8
305 92 8
55 131 8
587 510 8
252 506 8
379 922 8
282 142 8
613 837 8
177 256 8
931 235 8
364 990 8
395 578 8
55 261 8
237 826 8
813 423 8
158 859 8
750 834 8
302 987 8
573 428 8
399 587 8
912 735 8
390 201 8
161 371 8
660 87 8
876 910 8
427 260 8
385 385 8
148 369 8
317 528 8
617 279 8
849 514 8
687 460 8
400 633 8
927 767 8
348 815 8
127 604 8
620 222 8
518 189 8
90 481 8
673 792 8
802 133 8
855 893 8
495 153 8
447 496 8
378 415 8
900 287 8
26 776 8
566 469 8
755 638 8
227 66 8
704 447 8
961 939 8
914 803 8
310 393 8
317 52 8
732 227 8
414 289 8
830 879 8
784 499 8
14 26 8
17 295 8
424 246 8
923 953 8
500 213 8
271 673 8
835 949 8
952 82 8
853 712 8
860 577 8
645 383 8
734 5 8
862 778 8
637 268 8
917 459 8
221 710 8
341 479 8
203 36 8
829 784 8
407 939 8
936 22 8
88 542 8
257 69 8
220 647 8
734 165 8
326 915 8
148 240 8
267 197 8
297 948 8
455 232 8
204 311 8
972 929 8
339 367 8
993 75 8
890 368 8
413 655 8
577 6 8
873 380 8
834 877 8
837 956 8
823 325 8
488 240 8
985 706 8
956 386 8
906 237 8
555 738 8
183 360 8
463 917 8
604 528 8
220 720 8
303 162 8
956 170 8
920 598 8
177 529 8
811 438 8
837 456 8
87 294 8
450 427 8
746 920 8
556 742 8
323 771 8
21 81 8
753 358 8
256 726 8
514 667 8
483 790 8
463 284 8
732 169 8
1 507 8
703 492 8
90 498 8
591 334 8
378 721 8
429 13 8
363 255 8
581 374 8
837 872 8
203 728 8
803 956 8
803 645 8
433 297 8
479 750 8
661 742 8
140 979 8
549 614 8
749 277 8
366 856 8
947 842 8
756 628 8
147 681 8
352 367 8
328 648 8
774 427 8
426 474 8
183 664 8
269 82 8
589 990 8
243 254 8
15 321 8
323 420 8
983 947 8
324 583 8
489 6 8
652 729 8
802 43 8
842 626 8
564 311 8
275 542 8
395 933 8
589 707 8
74 196 8
163 813 8
454 366 8
87 643 8
220 36 8
285 460 8
21 678 8
570 520 8
777 851 8
487 939 8
207 907 8
29 384 8
924 577 8
953 483 8
222 85 8
900 424 8
976 473 8
495 208 8
474 2 8
318 838 8
94 200 8
244 136 8
699 885 8
95 208 8
312 705 8
691 364 8
57 317 8
852 631 8
843 438 8
683 107 8
162 469 8
1000 679 8
861 155 8
678 895 8
861 569 8
977 45 8
130 238 8
917 72 8
776 352 8
766 407 8
211 602 8
765 914 8
959 673 8
80 385 8
272 536 8
240 206 8
486 738 8
153 150 8
808 836 8
779 813 8
794 329 8
930 568 8
175 375 8
547 887 8
749 926 8
180 381 8
312 777 8
528 591 8
98 230 8
187 833 8
580 742 8
183 401 8
221 640 8
364 365 8
54 849 8
186 946 8
987 536 8
580 866 8
289 579 8
325 637 8
51 414 8
850 326 8
980 705 8
623 927 8
920 754 8
661 406 8
55 826 8
201 964 8
516 371 8
18 985 8
461 529 8
375 63 8
973 500 8
261 121 8
94 23 8
338 31 8
323 491 8
472 747 8
824 841 8
319 31 8
764 997 8
465 962 8
14 405 8
321 302 8
898 494 8
637 548 8
562 616 8
178 329 8
894 954 8
254 355 8
206 104 8
923 5 8
737 896 8
511 129 8
175 485 8
691 500 8
888 774 8
962 122 8
400 196 8
914 820 8
192 235 8
290 759 8
46 272 8
175 469 8
839 870 8
621 809 8
824 482 8
776 897 8
910 7 8
23 961 8
137 603 8
114 936 8
815 98 8
972 324 8
279 739 8
768 563 8
700 133 8
249 661 8
802 820 8
948 601 8
709 349 8
744 644 8
407 522 8
379 689 8
157 559 8
326 734 8
923 550 8
546 476 8
988 941 8
665 862 8
452 931 8
295 657 8
654 907 8
924 31 8
166 388 8
744 119 8
391 594 8
284 726 8
611 985 8
483 739 8
939 953 8
25 685 8
547 503 8
78 826 8
617 980 8
39 258 8
943 310 8
667 809 8
499 1 8
249 472 8
724 80 8
502 204 8
118 414 8
917 813 8
449 952 8
699 251 8
431 236 8
641 219 8
443 650 8
816 209 8
207 108 8
412 433 8
33 112 8
427 969 8
135 111 8
761 991 8
744 449 8
559 418 8
392 984 8
15 238 8
128 167 8
817 638 8
928 631 8
724 256 8
617 403 8
457 269 8
864 562 8
875 724 8
219 972 8
605 467 8
780 205 8
98 211 8
350 337 8
137 868 8
492 528 8
71 965 8
167 599 8
929 619 8
748 426 8
448 148 8
929 808 8
25 652 8
401 684 8
386 201 8
509 217 8
224 766 8
505 277 8
843 815 8
407 124 8
95 813 8
589 98 8
23 948 8
698 858 8
497 599 8
289 589 8
45 981 8
198 747 8
175 33 8
481 776 8
305 144 8
445 373 8
793 319 8
230 713 8
5 896 8
196 287 8
98 376 8
11 533 8
76 554 8
495 574 8
228 813 8
675 632 8
780 835 8
919 982 8
698 279 8
497 498 8
459 180 8
259 359 8
892 734 8
659 133 8
421 181 8
977 952 8
294 184 8
473 197 8
540 698 8
612 668 8
659 103 8
17 239 8
459 945 8
226 158 8
549 210 8
131 274 8
801 4 8
961 287 8
138 154 8
472 909 8
496 692 8
515 172 8
166 665 8
338 628 8
244 174 8
956 985 8
592 920 8
531 382 8
653 522 8
503 195 8
994 638 8
864 220 8
853 974 8
25 605 8
164 537 8
291 386 8
283 842 8
892 484 8
953 127 8
162 407 8
443 427 8
21 264 8
786 358 8
599 575 8
242 30 8
18 891 8
154 747 8
435 25 8
916 98 8
914 23 8
300 437 8
655 582 8
772 504 8
945 544 8
632 716 8
819 929 8
791 898 8
464 252 8
997 383 8
867 807 8
304 234 8
280 225 8
471 146 8
28 609 8
791 291 8
446 752 8
864 832 8
16 957 8
57 974 8
471 359 8
69 509 8
851 357 8
882 800 8
670 888 8
876 989 8
311 190 8
539 295 8
788 917 8
811 847 8
490 924 8
143 12 8
207 734 8
397 120 8
505 921 8
977 37 8
398 46 8
592 586 8
643 857 8
789 258 8
805 47 8
588 84 8
139 134 8
285 709 8
993 886 8
679 808 8
123 498 8
174 845 8
167 622 8
754 299 8
904 433 8
281 912 8
278 307 8
710 261 8
145 682 8
435 998 8
459 835 8
680 772 8
139 179 8
279 601 8
814 552 8
773 935 8
323 124 8
635 76 8
142 909 8
722 425 8
224 627 8
628 351 8
498 128 8
267 565 8
344 539 8
65 607 8
979 247 8
266 119 8
817 585 8
668 814 8
385 89 8
536 913 8
950 149 8
116 514 8
121 278 8
920 15 8
141 812 8
199 915 8
917 325 8
121 470 8
654 596 8
612 533 8
668 721 8
61 386 8
58 112 8
940 401 8
398 473 8
412 695 8
39 690 8
31 188 8
657 408 8
527 523 8
616 353 8
759 47 8
118 499 8
198 631 8
590 224 8
564 357 8
783 41 8
207 42 8
873 123 8
656 564 8
574 877 8
616 451 8
881 514 8
47 898 8
338 620 8
337 2 8
296 164 8
758 822 8
395 841 8
306 602 8
69 808 8
44 518 8
901 685 8
341 445 8
141 754 8
147 543 8
397 945 8
508 785 8
502 711 8
426 491 8
121 503 8
620 917 8
815 523 8
623 653 8
46 834 8
222 391 8
605 894 8
489 832 8
162 695 8
252 71 8
376 585 8
298 24 8
530 541 8
652 102 8
817 379 8
21 837 8
894 741 8
536 387 8
668 922 8
795 292 8
140 529 8
907 618 8
869 319 8
915 126 8
982 981 8
331 329 8
154 161 8
942 200 8
784 991 8
147 269 8
584 437 8
304 122 8
764 907 8
270 731 8
700 406 8
223 408 8
909 602 8
471 163 8
747 999 8
86 279 8
496 793 8
307 903 8
524 526 8
742 813 8
313 232 8
242 282 8
127 718 8
224 417 8
552 86 8
740 383 8
37 295 8
485 617 8
59 63 8
25 965 8
213 577 8
923 915 8
913 932 8
626 951 8
382 911 8
944 765 8
382 573 8
996 497 8
407 382 8
658 719 8
971 890 8
112 833 8
923 497 8
403 362 8
685 872 8
320 455 8
924 977 8
845 298 8
590 788 8
588 978 8
171 32 8
659 470 8
267 22 8
668 670 8
737 472 8
244 241 8
296 830 8
425 89 8
378 262 8
741 195 8
231 266 8
384 106 8
594 394 8
940 730 8
892 224 8
99 199 8
847 450 8
347 320 8
357 616 8
783 791 8
184 494 8
758 298 8
913 420 8
188 637 8
866 927 8
176 400 8
300 875 8
753 375 8
603 874 8
309 364 8
118 760 8
200 911 8
391 546 8
227 771 8
109 440 8
982 943 8
812 679 8
953 6 8
540 73 8
240 857 8
244 62 8
129 473 8
917 65 8
128 341 8
461 740 8
272 861 8
910 801 8
373 264 8
965 432 8
329 567 8
775 795 8
449 616 8
120 508 8
906 469 8
274 696 8
647 157 8
848 589 8
162 159 8
675 732 8
431 191 8
304 879 8
682 353 8
1000 705 8
530 671 8
322 619 8
213 652 8
182 30 8
733 762 8
509 661 8
43 751 8
264 709 8
239 762 8
950 696 8
89 915 8
891 511 8
854 440 8
416 509 8
879 198 8
627 150 8
969 769 8
256 944 8
520 575 8
949 119 8
219 128 8
19 667 8
877 989 8
460 215 8
194 105 8
722 953 8
312 418 8
172 335 8
589 767 8
484 950 8
521 1 8
587 909 8
210 519 8
532 851 8
459 698 8
234 800 8
543 808 8
117 602 8
353 348 8
403 703 8
711 953 8
83 270 8
314 814 8
469 61 8
356 50 8
203 932 8
468 18 8
284 323 8
222 552 8
53 693 8
90 692 8
600 610 8
146 308 8
80 261 8
756 942 8
192 536 8
351 644 8
159 598 8
229 781 8
669 970 8
668 20 8
438 491 8
197 901 8
680 881 8
930 667 8
693 395 8
807 750 8
51 214 8
635 282 8
645 646 8
932 94 8
220 319 8
787 436 8
602 566 8
866 519 8
190 825 8
590 257 8
951 113 8
681 833 8
492 739 8
982 924 8
800 22 8
109 294 8
860 128 8
332 78 8
821 536 8
499 813 8
671 537 8
545 623 8
768 774 8
982 115 8
396 927 8
269 344 8
311 551 8
976 655 8
165 717 8
689 238 8
775 495 8
395 708 8
694 927 8
755 53 8
382 582 8
248 545 8
435 441 8
699 839 8
219 665 8
230 479 8
975 430 8
903 973 8
171 950 8
433 174 8
660 574 8
131 237 8
186 109 8
639 551 8
150 470 8
606 950 8
20 783 8
971 156 8
928 846 8
996 581 8
685 370 8
90 570 8
289 109 8
273 266 8
772 901 8
961 216 8
858 831 8
764 783 8
844 825 8
781 766 8
31 171 8
18 662 8
773 533 8
77 40 8
968 893 8
291 347 8
345 460 8
621 850 8
164 247 8
455 899 8
97 49 8
803 665 8
17 407 8
198 863 8
296 291 8
658 727 8
609 416 8
83 39 8
274 976 8
940 327 8
248 21 8
60 105 8
3 842 8
403 551 8
355 918 8
380 598 8
476 221 8
234 257 8
63 144 8
953 148 8
832 987 8
929 462 8
233 501 8
973 541 8
741 924 8
456 205 8
726 213 8
770 601 8
451 672 8
105 87 8
750 693 8
282 989 8
444 514 8
766 652 8
764 352 8
650 626 8
777 214 8
599 405 8
934 814 8
10 769 8
985 617 8
715 629 8
382 568 8
711 891 8
959 853 8
998 722 8
574 853 8
200 283 8
555 347 8
873 843 8
776 316 8
513 419 8
819 203 8
576 447 8
627 983 8
84 644 8
396 539 8
244 55 8
31 302 8
743 350 8
716 185 8
193 459 8
964 523 8
242 929 8
451 105 8
203 38 8
848 513 8
522 17 8
786 798 8
845 817 8
616 547 8
798 746 8
255 79 8
637 422 8
614 172 8
91 572 8
569 915 8
636 490 8
266 866 8
707 411 8
296 809 8
111 532 8
729 869 8
515 397 8
90 924 8
115 306 8
754 20 8
901 555 8
184 49 8
849 778 8
545 416 8
310 985 8
614 217 8
310 290 8
949 825 8
85 538 8
902 779 8
307 249 8
895 256 8
527 869 8
356 39 8
63 88 8
100 821 8
981 272 8
882 771 8
898 354 8
924 307 8
814 842 8
460 490 8
538 212 8
210 236 8
329 363 8
53 708 8
724 498 8
407 893 8
87 599 8
637 924 8
889 337 8
968 897 8
732 961 8
566 935 8
839 108 8
217 769 8
827 493 8
899 481 8
647 336 8
316 844 8
88 581 8
21 553 8
661 63 8
438 993 8
266 833 8
408 530 8
439 406 8
326 828 8
76 427 8
846 469 8
40 689 8
445 996 8
672 229 8
169 81 8
501 599 8
808 114 8
251 827 8
896 862 8
21 584 8
834 749 8
165 843 8
485 982 8
414 69 8
229 998 8
481 676 8
630 856 8
27 95 8
123 2 8
599 571 8
516 934 8
170 802 8
555 55 8
438 407 8
100 90 8
312 718 8
87 503 8
480 511 8
895 143 8
509 216 8
887 3 8
348 170 8
335 697 8
359 85 8
16 914 8
103 986 8
420 80 8
430 409 8
86 925 8
569 192 8
103 169 8
609 693 8
32 224 8
388 554 8
91 333 8
576 140 8
372 931 8
919 563 8
187 382 8
874 89 8
532 250 8
328 731 8
883 335 8
777 420 8
752 503 8
234 11 8
608 751 8
228 285 8
683 573 8
891 274 8
95 148 8
219 123 8
62 866 8
740 416 8
847 90 8
915 867 8
743 844 8
717 297 8
47 86 8
571 680 8
568 77 8
649 725 8
22 771 8
665 360 8
299 33 8
879 340 8
533 278 8
690 797 8
673 770 8
530 711 8
741 784 8
198 447 8
610 292 8
26 195 8
638 964 8
769 681 8
904 431 8
690 169 8
28 217 8
634 175 8
793 153 8
343 537 8
281 159 8
698 461 8
301 652 8
384 428 8
982 837 8
116 413 8
901 293 8
977 969 8
722 724 8
627 511 8
674 60 8
368 659 8
755 273 8
247 814 8
710 484 8
429 729 8
33 347 8
304 567 8
831 45 8
320 212 8
491 6 8
563 458 8
593 551 8
517 554 8
184 192 8
339 125 8
335 495 8
889 952 8
802 335 8
38 855 8
358 433 8
835 412 8
320 994 8
692 288 8
252 144 8
670 799 8
515 222 8
817 838 8
414 566 8
552 863 8
881 223 8
433 897 8
440 957 8
137 957 8
271 197 8
229 803 8
204 467 8
920 640 8
481 146 8
873 525 8
237 834 8
897 563 8
742 866 8
793 751 8
929 940 8
869 521 8
871 332 8
514 918 8
890 952 8
108 613 8
317 2 8
178 23 8
842 304 8
372 45 8
866 323 8
291 207 8
350 513 8
404 290 8
688 937 8
858 154 8
641 776 8
524 484 8
712 359 8
755 811 8
714 366 8
731 769 8
11 944 8
518 881 8
118 356 8
929 753 8
811 113 8
556 350 8
637 405 8
53 752 8
907 32 8
838 371 8
429 625 8
954 997 8
193 491 8
651 216 8
146 210 8
924 239 8
372 248 8
904 189 8
807 99 8
269 742 8
149 825 8
40 258 8
319 273 8
471 429 8
306 853 8
766 320 8
51 101 8
938 542 8
341 665 8
502 649 8
655 270 8
482 104 8
65 955 8
357 483 8
393 199 8
576 876 8
134 149 8
678 947 8
859 962 8
641 15 8
630 445 8
721 413 8
315 479 8
581 985 8
356 578 8
130 870 8
932 843 8
875 781 8
323 286 8
972 256 8
494 215 8
431 77 8
696 947 8
71 958 8
229 724 8
991 214 8
584 347 8
862 955 8
96 669 8
143 869 8
347 462 8
101 666 8
268 906 8
976 747 8
261 964 8
854 703 8
396 468 8
64 215 8
235 111 8
496 450 8
250 532 8
116 410 8
650 535 8
725 143 8
710 345 8
766 609 8
519 524 8
582 685 8
659 667 8
618 24 8
252 778 8
414 384 8
98 950 8
295 755 8
608 190 8
191 229 8
878 92 8
462 936 8
518 267 8
658 326 8
224 692 8
188 134 8
53 64 8
946 366 8
249 821 8
450 701 8
595 728 8
973 519 8
207 621 8
471 520 8
172 806 8
337 286 8
483 124 8
267 631 8
588 808 8
333 52 8
693 605 8
151 308 8
288 195 8
779 684 8
171 2 8
130 73 8
711 486 8
170 804 8
273 613 8
368 206 8
859 474 8
466 351 8
660 70 8
861 296 8
950 360 8
838 452 8
478 688 8
975 450 8
286 162 8
3 199 8
360 271 8
130 228 8
164 829 8
943 60 8
149 834 8
707 863 8
860 609 8
868 299 8
42 54 8
779 703 8
962 55 8
858 859 8
938 297 8
38 859 8
769 830 8
156 358 8
684 738 8
851 560 8
795 816 8
760 421 8
707 440 8
730 401 8
464 895 8
789 796 8
102 250 8
788 728 8
781 113 8
311 382 8
600 559 8
342 894 8
633 765 8
441 969 8
333 989 8
963 156 8
298 300 8
682 901 8
750 811 8
678 240 8
256 482 8
719 850 8
58 428 8
416 807 8
568 20 8
826 346 8
22 182 8
965 909 8
743 451 8
77 823 8
15 858 8
458 878 8
329 581 8
34 651 8
605 704 8
978 369 8
631 715 8
95 115 8
472 21 8
512 858 8
474 82 8
639 815 8
705 674 8
939 887 8
979 322 8
596 423 8
398 833 8
731 250 8
625 958 8
529 511 8
789 113 8
914 164 8
395 513 8
375 835 8
435 32 8
11 285 8
585 644 8
213 38 8
551 629 8
73 237 8
147 965 8
178 531 8
575 919 8
243 815 8
294 915 8
863 865 8
412 659 8
493 442 8
578 905 8
313 361 8
946 417 8
345 368 8
888 224 8
348 474 8
80 305 8
405 831 8
111 831 8
459 177 8
741 301 8
255 219 8
634 586 8
165 221 8
96 701 8
860 367 8
175 313 8
535 73 8
373 34 8
834 551 8
309 356 8
379 820 8
369 54 8
38 490 8
831 554 8
404 8 8
673 188 8
259 287 8
883 618 8
992 186 8
709 454 8
252 992 8
890 932 8
780 236 8
570 312 8
388 345 8
195 355 8
240 933 8
818 855 8
722 495 8
630 757 8
564 74 8
294 261 8
714 388 8
937 814 8
611 597 8
958 311 8
338 157 8
980 765 8
785 907 8
126 506 8
828 223 8
306 976 8
676 932 8
673 267 8
186 737 8
952 298 8
188 981 8
607 524 8
468 882 8
243 459 8
991 65 8
781 91 8
161 324 8
126 137 8
219 118 8
883 413 8
535 944 8
105 66 8
787 53 8
599 50 8
337 299 8
454 645 8
904 856 8
328 645 8
401 506 8
66 178 8
8 555 8
546 999 8
588 454 8
815 826 8
109 925 8
533 134 8
365 200 8
590 265 8
242 40 8
375 34 8
715 945 8
510 6 8
759 356 8
973 997 8
537 609 8
32 511 8
356 394 8
378 76 8
797 192 8
558 411 8
629 484 8
151 974 8
253 730 8
890 490 8
10 840 8
459 428 8
590 949 8
18 986 8
106 14 8
290 623 8
683 625 8
797 775 8
649 541 8
279 5 8
94 883 8
210 256 8
179 469 8
210 768 8
970 672 8
2 86 8
38 918 8
677 442 8
797 461 8
210 385 8
899 542 8
664 721 8
880 694 8
457 873 8
69 536 8
101 357 8
672 197 8
78 718 8
829 843 8
553 23 8
455 334 8
426 651 8
714 789 8
262 134 8
127 110 8
269 744 8
633 106 8
54 635 8
125 629 8
843 855 8
307 533 8
941 310 8
499 641 8
334 916 8
575 83 8
151 131 8
221 13 8
411 680 8
867 526 8
256 165 8
417 105 8
678 740 8
983 195 8
736 109 8
466 468 8
508 41 8
333 159 8
71 442 8
215 637 8
176 677 8
255 153 8
720 67 8
258 126 8
679 299 8
180 279 8
4 274 8
111 604 8
196 171 8
456 646 8
468 982 8
631 836 8
88 141 8
921 470 8
258 572 8
644 457 8
430 252 8
264 11 8
859 782 8
411 229 8
821 714 8
387 753 8
610 935 8
51 927 8
558 874 8
900 103 8
802 253 8
637 960 8
182 455 8
428 97 8
925 302 8
650 24 8
492 141 8
528 148 8
19 250 8
258 677 8
698 339 8
787 822 8
61 443 8
624 258 8
117 841 8
990 199 8
850 691 8
102 521 8
955 969 8
587 503 8
183 335 8
940 395 8
733 853 8
691 420 8
96 827 8
695 340 8
285 113 8
891 426 8
750 341 8
939 62 8
777 452 8
284 179 8
369 741 8
960 737 8
542 66 8
937 416 8
237 791 8
760 811 8
13 903 8
746 212 8
919 720 8
580 373 8
429 717 8
866 499 8
746 118 8
453 966 8
198 174 8
674 668 8
895 545 8
452 76 8
875 287 8
676 122 8
250 964 8
104 103 8
664 315 8
791 273 8
288 185 8
968 751 8
839 761 8
55 8 8
93 499 8
17 47 8
937 650 8
246 287 8
502 593 8
88 714 8
634 999 8
830 341 8
199 57 8
883 930 8
704 811 8
193 628 8
783 610 8
906 639 8
987 193 8
1000 467 8
138 346 8
977 35 8
696 682 8
295 827 8
397 692 8
476 422 8
470 883 8
958 5 8
734 60 8
912 761 8
8 908 8
259 981 8
834 172 8
841 665 8
630 259 8
624 427 8
898 626 8
922 451 8
567 657 8
283 663 8
241 842 8
235 213 8
941 144 8
183 468 8
498 292 8
728 468 8
257 135 8
11 241 8
227 301 8
823 193 8
663 824 8
823 148 8
106 227 8
899 328 8
53 527 8
102 243 8
908 260 8
173 980 8
471 571 8
990 750 8
922 569 8
378 757 8
40 623 8
804 988 8
158 249 8
203 651 8
881 97 8
299 886 8
751 797 8
352 294 8
44 118 8
304 684 8
120 368 8
342 881 8
732 276 8
974 171 8
892 262 8
900 54 8
23 720 8
64 100 8
364 90 8
169 349 8
492 342 8
914 583 8
628 133 8
306 835 8
36 335 8
939 927 8
892 492 8
345 471 8
655 637 8
828 897 8
852 229 8
135 144 8
798 841 8
754 423 8
531 289 8
825 496 8
528 945 8
695 7 8
135 208 8
817 164 8
357 430 8
116 184 8
429 897 8
350 21 8
350 837 8
658 302 8
375 806 8
351 616 8
406 574 8
915 928 8
934 20 8
822 503 8
153 303 8
858 344 8
271 647 8
115 697 8
989 987 8
499 699 8
523 275 8
360 392 8
723 594 8
359 155 8
718 382 8
450 170 8
20 895 8
790 310 8
61 921 8
700 597 8
634 708 8
121 808 8
116 169 8
940 151 8
201 431 8
234 887 8
256 69 8
707 18 8
94 611 8
300 439 8
889 462 8
1 637 8
912 216 8
841 311 8
3 361 8
457 916 8
671 431 8
314 304 8
460 149 8
428 875 8
454 90 8
902 855 8
743 819 8
638 740 8
237 910 8
272 85 8
995 971 8
112 556 8
191 575 8
299 370 8
508 899 8
113 360 8
766 245 8
868 775 8
246 765 8
643 692 8
52 64 8
88 603 8
806 716 8
289 330 8
508 328 8
928 899 8
541 432 8
454 890 8
447 324 8
12 391 8
958 184 8
446 235 8
806 59 8
689 64 8
7 642 8
623 650 8
806 976 8
334 162 8
183 257 8
94 920 8
160 311 8
822 26 8
584 937 8
16 765 8
870 507 8
627 441 8
592 762 8
597 101 8
24 689 8
491 79 8
30 295 8
215 744 8
447 771 8
653 8 8
992 677 8
810 90 8
112 868 8
211 635 8
113 957 8
446 954 8
26 502 8
759 249 8
444 629 8
262 789 8
622 446 8
837 174 8
796 601 8
259 570 8
760 840 8
741 863 8
694 38 8
818 753 8
520 303 8
708 139 8
682 731 8
856 564 8
643 763 8
510 20 8
903 381 8
151 165 8
533 675 8
289 355 8
441 133 8
736 802 8
609 691 8
680 22 8
790 595 8
242 952 8
403 444 8
396 548 8
833 459 8
815 628 8
776 392 8
803 17 8
772 194 8
945 670 8
142 362 8
870 528 8
217 772 8
581 628 8
887 986 8
408 95 8
873 862 8
576 586 8
955 612 8
878 933 8
518 449 8
504 451 8
266 347 8
933 480 8
568 164 8
73 385 8
13 535 8
393 967 8
504 598 8
341 730 8
118 247 8
795 104 8
235 796 8
629 108 8
313 865 8
374 299 8
850 799 8
154 600 8
820 602 8
146 310 8
91 512 8
633 344 8
288 698 8
15 525 8
449 595 8
634 619 8
910 570 8
885 318 8
851 225 8
479 336 8
217 616 8
277 596 8
916 97 8
210 196 8
373 329 8
598 24 8
614 394 8
32 375 8
178 57 8
80 520 8
925 721 8
318 877 8
705 849 8
6 666 8
207 996 8
742 468 8
894 669 8
38 285 8
382 159 8
641 470 8
857 170 8
600 800 8
207 446 8
832 978 8
80 299 8
942 801 8
116 51 8
475 829 8
373 816 8
983 531 8
861 421 8
583 897 8
488 456 8
474 310 8
372 533 8
696 454 8
573 542 8
475 563 8
604 453 8
191 754 8
474 558 8
733 583 8
163 396 8
431 5 8
36 41 8
234 549 8
31 576 8
68 432 8
449 224 8
445 706 8
67 904 8
20 414 8
553 555 8
400 269 8
154 616 8
381 859 8
848 386 8
151 133 8
298 969 8
792 722 8
667 767 8
295 510 8
789 626 8
977 12 8
171 573 8
140 722 8
208 445 8
537 953 8
447 306 8
254 9 8
860 808 8
456 647 8
567 761 8
741 936 8
779 339 8
618 491 8
334 746 8
71 217 8
57 292 8
641 330 8
268 903 8
604 716 8
762 625 8
765 457 8
28 584 8
225 150 8
969 368 8
503 631 8
1 456 8
902 956 8
364 524 8
632 192 8
276 449 8
851 912 8
562 810 8
366 506 8
378 435 8
339 123 8
613 761 8
940 839 8
469 998 8
893 317 8
191 813 8
598 983 8
13 478 8
884 428 8
288 107 8
8 306 8
579 494 8
688 369 8
439 977 8
820 361 8
132 567 8
31 552 8
717 549 8
885 81 8
292 983 8
367 260 8
22 408 8
772 112 8
65 367 8
389 647 8
65 980 8
823 406 8
848 138 8
63 650 8
37 278 8
297 661 8
13 456 8
45 449 8
545 439 8
96 927 8
237 324 8
687 372 8
4 147 8
679 490 8
349 761 8
23 752 8
531 175 8
712 202 8
682 105 8
610 917 8
423 451 8
641 682 8
469 913 8
649 160 8
966 892 8
424 153 8
747 674 8
838 742 8
957 50 8
854 418 8
726 381 8
331 190 8
659 300 8
698 140 8
790 530 8
52 70 8
77 178 8
490 139 8
107 884 8
660 499 8
473 549 8
630 575 8
781 723 8
386 964 8
313 588 8
604 316 8
537 782 8
100 225 8
338 270 8
322 485 8
644 399 8
611 518 8
853 683 8
573 457 8
240 757 8
630 525 8
647 706 8
304 845 8
314 494 8
200 986 8
220 756 8
541 864 8
656 674 8
68 299 8
199 429 8
539 308 8
512 189 8
942 194 8
711 765 8
234 688 8
116 420 8
369 822 8
240 306 8
736 710 8
683 998 8
409 47 8
610 784 8
895 349 8
934 581 8
348 363 8
79 27 8
76 778 8
69 54 8
234 20 8
783 759 8
126 173 8
142 821 8
880 135 8
802 394 8
185 161 8
180 834 8
115 50 8
228 69 8
580 958 8
448 84 8
114 490 8
490 387 8
64 712 8
67 66 8
139 52 8
815 917 8
626 156 8
452 464 8
9 866 8
332 127 8
17 728 8
11 700 8
350 352 8
647 375 8
42 476 8
415 142 8
546 910 8
63 58 8
450 371 8
961 885 8
905 948 8
733 316 8
122 141 8
247 971 8
428 13 8
803 581 8
413 763 8
360 670 8
366 632 8
932 451 8
559 643 8
50 858 8
389 326 8
409 926 8
485 532 8
337 89 8
578 682 8
84 87 8
569 399 8
392 188 8
195 832 8
589 285 8
670 374 8
181 517 8
249 654 8
910 642 8
745 746 8
481 473 8
936 879 8
74 723 8
301 98 8
423 455 8
658 884 8
35 525 8
431 625 8
117 868 8
722 729 8
648 905 8
755 329 8
761 495 8
45 484 8
193 492 8
954 209 8
88 273 8
449 571 8
190 585 8
11 479 8
76 405 8
24 850 8
792 816 8
535 80 8
398 156 8
65 149 8
445 57 8
403 151 8
870 897 8
928 166 8
390 547 8
426 145 8
55 333 8
19 129 8
49 888 8
173 23 8
886 968 8
264 702 8
509 243 8
661 945 8
427 350 8
72 69 8
199 13 8
905 525 8
528 894 8
612 271 8
339 162 8
401 560 8
488 374 8
11 15 8
359 201 8
347 697 8
461 838 8
288 475 8
181 76 8
239 235 8
991 819 8
564 996 8
433 470 8
530 707 8
722 620 8
48 544 8
515 542 8
899 185 8
212 35 8
853 644 8
957 332 8
880 806 8
644 377 8
531 103 8
952 93 8
555 759 8
527 581 8
190 240 8
300 377 8
935 908 8
368 584 8
419 995 8
682 379 8
449 114 8
856 840 8
367 274 8
290 774 8
660 811 8
766 236 8
752 890 8
187 598 8
940 325 8
444 287 8
324 405 8
502 261 8
439 758 8
1 351 8
692 195 8
71 287 8
150 761 8
835 859 8
391 689 8
796 629 8
41 927 8
269 995 8
896 372 8
235 709 8
121 476 8
568 901 8
1000 639 8
366 153 8
604 173 8
276 365 8
157 969 8
504 280 8
216 324 8
488 40 8
665 390 8
155 500 8
893 472 8
434 99 8
543 469 8
790 543 8
999 313 8
375 192 8
202 610 8
789 599 8
922 164 8
255 960 8
503 252 8
410 322 8
304 755 8
60 132 8
374 650 8
729 497 8
552 201 8
217 193 8
100 945 8
612 788 8
762 902 8
253 668 8
301 335 8
682 77 8
399 159 8
104 768 8
489 778 8
526 203 8
42 617 8
749 701 8
147 170 8
719 782 8
644 995 8
952 40 8
160 503 8
586 329 8
223 395 8
177 107 8
315 421 8
455 488 8
52 24 8
458 33 8
343 716 8
66 513 8
383 571 8
6 172 8
251 950 8
342 435 8
538 176 8
384 557 8
973 55 8
53 944 8
958 53 8
280 869 8
927 752 8
686 308 8
80 514 8
246 249 8
722 881 8
519 856 8
735 512 8
191 962 8
452 241 8
726 797 8
110 17 8
671 159 8
420 680 8
612 620 8
552 928 8
516 792 8
488 889 8
665 805 8
422 556 8
329 991 8
260 175 8
475 862 8
894 417 8
639 121 8
105 881 8
130 812 8
347 593 8
759 94 8
466 792 8
189 209 8
259 348 8
349 691 8
169 86 8
194 608 8
963 791 8
769 734 8
131 943 8
200 698 8
119 830 8
584 760 8
141 29 8
736 578 8
351 792 8
796 807 8
613 248 8
590 189 8
797 908 8
688 927 8
52 364 8
208 294 8
757 521 8
854 930 8
438 43 8
492 411 8
388 774 8
394 938 8
197 737 8
24 655 8
67 863 8
515 140 8
381 112 8
130 423 8
672 661 8
668 387 8
170 947 8
595 285 8
996 6 8
349 876 8
900 455 8
67 570 8
326 105 8
828 869 8
537 127 8
531 883 8
933 665 8
555 714 8
14 932 8
710 303 8
425 867 8
334 67 8
810 847 8
124 192 8
870 309 8
202 721 8
575 483 8
367 25 8
451 508 8
856 293 8
221 967 8
98 607 8
941 242 8
683 328 8
530 539 8
962 741 8
222 949 8
331 382 8
639 212 8
115 826 8
631 1000 8
585 638 8
5 90 8
94 857 8
75 727 8
306 79 8
137 367 8
448 321 8
516 858 8
887 552 8
530 946 8
543 745 8
548 121 8
293 215 8
984 762 8
215 529 8
25 709 8
859 766 8
733 153 8
610 514 8
606 956 8
898 415 8
642 209 8
801 445 8
757 378 8
212 806 8
861 20 8
592 413 8
23 932 8
622 501 8
162 258 8
753 865 8
475 659 8
389 838 8
189 846 8
589 507 8
1 718 8
415 279 8
179 562 8
35 710 8
643 44 8
588 246 8
654 852 8
420 35 8
798 278 8
589 270 8
305 778 8
777 571 8
604 630 8
854 843 8
814 39 8
945 726 8
629 222 8
989 188 8
140 997 8
269 907 8
600 349 8
627 393 8
31 704 8
546 168 8
714 242 8
832 801 8
261 666 8
378 992 8
693 816 8
133 327 8
931 283 8
678 898 8
110 295 8
957 271 8
626 457 8
219 652 8
126 826 8
987 337 8
897 853 8
913 55 8
165 537 8
834 982 8
442 360 8
880 345 8
171 307 8
637 596 8
814 321 8
237 892 8
918 697 8
885 196 8
727 704 8
327 52 8
159 6 8
692 726 8
447 637 8
248 684 8
548 960 8
66 596 8
727 930 8
540 465 8
376 167 8
830 355 8
506 41 8
69 27 8
645 38 8
923 926 8
595 510 8
517 893 8
511 413 8
888 452 8
579 688 8
816 133 8
542 141 8
872 213 8
598 528 8
491 516 8
925 165 8
331 249 8
773 16 8
762 730 8
278 34 8
777 810 8
34 984 8
553 847 8
118 260 8
716 604 8
522 168 8
33 747 8
748 23 8
282 730 8
277 48 8
680 967 8
159 818 8
674 210 8
565 453 8
438 28 8
892 9 8
308 217 8
775 836 8
733 16 8
91 810 8
390 916 8
107 369 8
876 154 8
631 276 8
30 716 8
857 287 8
794 850 8
769 865 8
422 910 8
619 110 8
489 258 8
227 926 8
784 466 8
77 288 8
397 912 8
954 663 8
948 616 8
388 455 8
1 295 8
642 441 8
776 108 8
441 914 8
596 287 8
897 571 8
447 230 8
346 123 8
249 351 8
195 64 8
736 318 8
399 487 8
126 404 8
961 921 8
696 350 8
643 420 8
121 923 8
159 121 8
389 389 8
630 242 8
796 758 8
193 595 8
206 847 8
646 722 8
463 387 8
426 285 8
674 263 8
723 896 8
114 123 8
608 917 8
613 361 8
66 137 8
295 411 8
488 526 8
823 620 8
811 225 8
861 89 8
691 664 8
842 858 8
417 920 8
129 765 8
111 77 8
771 197 8
61 68 8
792 748 8
311 795 8
43 848 8
506 66 8
159 312 8
103 631 8
315 239 8
475 744 8
40 308 8
736 140 8
708 291 8
166 736 8
560 253 8
499 51 8
197 175 8
729 486 8
530 412 8
501 794 8
612 427 8
515 159 8
263 451 8
824 978 8
309 471 8
53 503 8
372 543 8
786 41 8
116 574 8
56 407 8
762 222 8
818 717 8
725 496 8
59 225 8
634 618 8
525 191 8
524 90 8
768 442 8
329 513 8
929 312 8
917 157 8
518 863 8
179 648 8
48 310 8
301 345 8
260 695 8
554 982 8
456 569 8
380 425 8
972 501 8
784 540 8
175 935 8
575 139 8
316 146 8
760 120 8
987 55 8
717 516 8
182 143 8
970 678 8
964 196 8
525 140 8
442 198 8
158 369 8
833 515 8
877 813 8
449 109 8
687 57 8
376 603 8
208 511 8
846 575 8
154 138 8
50 730 8
191 861 8
677 339 8
495 849 8
977 514 8
455 397 8
119 725 8
739 46 8
86 957 8
683 839 8
453 124 8
774 215 8
250 806 8
781 604 8
872 421 8
285 512 8
206 9 8
506 329 8
606 594 8
179 123 8
222 199 8
185 305 8
99 429 8
400 886 8
504 47 8
647 593 8
916 239 8
246 626 8
723 649 8
840 556 8
704 497 8
990 800 8
548 442 8
675 54 8
957 252 8
831 702 8
667 985 8
394 3 8
165 751 8
98 552 8
924 366 8
998 1 8
618 242 8
168 541 8
821 833 8
851 487 8
66 183 8
474 666 8
551 700 8
339 933 8
350 809 8
915 215 8
970 287 8
486 266 8
949 456 8
714 779 8
47 740 8
44 494 8
343 903 8
196 325 8
730 463 8
284 738 8
279 120 8
528 121 8
544 129 8
947 194 8
900 87 8
303 214 8
362 304 8
318 549 8
989 580 8
837 764 8
574 196 8
662 446 8
70 770 8
40 347 8
259 159 8
79 611 8
456 794 8
704 296 8
442 332 8
109 371 8
133 845 8
986 720 8
383 327 8
168 998 8
771 319 8
885 344 8
10 766 8
317 517 8
757 659 8
25 210 8
580 701 8
363 645 8
799 464 8
922 27 8
986 605 8
669 964 8
418 628 8
462 535 8
167 17 8
389 922 8
635 995 8
821 569 8
867 390 8
453 988 8
82 936 8
164 720 8
63 274 8
74 507 8
733 965 8
629 757 8
424 564 8
783 992 8
561 481 8
230 933 8
40 739 8
584 484 8
41 875 8
174 152 8
862 567 8
520 528 8
305 64 8
946 519 8
562 382 8
667 185 8
904 883 8
36 565 8
564 621 8
590 680 8
140 1 8
58 170 8
893 919 8
88 381 8
65 227 8
911 322 8
629 939 8
640 116 8
824 111 8
981 372 8
227 827 8
424 909 8
397 687 8
187 689 8
318 386 8
76 860 8
266 95 8
328 472 8
289 554 8
18 503 8
674 438 8
714 813 8
699 954 8
277 603 8
466 41 8
371 155 8
509 397 8
316 329 8
37 469 8
573 23 8
84 744 8
911 913 8
873 983 8
336 101 8
124 302 8
668 960 8
780 108 8
904 181 8
434 171 8
217 515 8
872 392 8
445 601 8
537 465 8
978 225 8
221 740 8
459 871 8
567 233 8
426 455 8
395 665 8
415 225 8
414 811 8
147 804 8
82 45 8
214 689 8
954 10 8
506 394 8
497 922 8
317 829 8
970 380 8
750 698 8
707 208 8
375 315 8
87 106 8
78 305 8
949 858 8
641 602 8
852 894 8
452 645 8
343 820 8
679 996 8
138 494 8
271 603 8
379 739 8
522 219 8
581 734 8
934 284 8
898 204 8
159 794 8
997 509 8
69 762 8
30 251 8
952 959 8
387 336 8
545 247 8
500 87 8
432 710 8
27 822 8
622 269 8
357 567 8
551 833 8
591 72 8
715 576 8
778 819 8
130 589 8
702 790 8
888 790 8
248 784 8
863 339 8
641 950 8
261 979 8
657 488 8
151 917 8
972 127 8
158 418 8
506 855 8
102 550 8
475 317 8
602 589 8
711 404 8
557 717 8
894 486 8
630 646 8
633 240 8
929 732 8
123 723 8
899 640 8
721 583 8
328 443 8
314 911 8
347 813 8
942 176 8
719 682 8
396 171 8
18 709 8
414 122 8
889 89 8
779 947 8
132 720 8
923 356 8
372 857 8
28 400 8
667 420 8
336 350 8
455 636 8
624 873 8
957 802 8
29 239 8
267 756 8
88 374 8
305 633 8
508 924 8
415 374 8
398 72 8
444 742 8
829 480 8
826 192 8
187 31 8
11 712 8
742 905 8
646 845 8
783 788 8
110 845 8
607 955 8
553 153 8
102 758 8
848 328 8
470 280 8
667 368 8
61 901 8
973 344 8
474 809 8
550 790 8
56 73 8
970 289 8
683 504 8
45 971 8
15 264 8
912 465 8
843 23 8
575 1000 8
984 683 8
585 700 8
229 757 8
472 474 8
305 6 8
288 162 8
264 611 8
925 820 8
794 267 8
445 39 8
547 128 8
767 141 8
352 582 8
312 505 8
941 627 8
153 707 8
239 671 8
676 93 8
907 527 8
140 150 8
539 518 8
48 219 8
326 569 8
9 27 8
47 577 8
879 832 8
697 949 8
221 673 8
839 311 8
748 998 8
386 878 8
145 405 8
82 211 8
709 325 8
551 676 8
943 182 8
524 137 8
781 578 8
755 955 8
746 504 8
78 124 8
812 779 8
53 831 8
306 306 8
678 974 8
247 596 8
535 115 8
803 41 8
243 326 8
548 662 8
987 573 8
117 821 8
332 42 8
319 486 8
928 349 8
16 914 8
187 849 8
933 83 8
636 832 8
517 921 8
770 6 8
638 324 8
545 770 8
264 199 8
484 708 8
835 329 8
897 680 8
143 815 8
511 623 8
148 986 8
724 533 8
237 944 8
731 788 8
147 910 8
982 662 8
433 12 8
911 776 8
879 601 8
627 591 8
0 166 8
725 75 8
339 941 8
650 732 8
519 487 8
775 413 8
123 476 8
441 619 8
74 656 8
467 590 8
538 521 8
277 87 8
451 193 8
102 336 8
155 334 8
578 706 8
387 269 8
292 393 8
95 79 8
264 729 8
493 312 8
857 245 8
406 921 8
548 94 8
779 398 8
913 662 8
449 954 8
975 567 8
502 178 8
784 434 8
433 655 8
566 834 8
67 698 8
814 40 8
502 720 8
763 271 8
946 471 8
179 805 8
302 137 8
143 931 8
96 451 8
899 600 8
818 184 8
34 569 8
515 251 8
507 403 8
458 106 8
281 254 8
189 576 8
498 521 8
537 620 8
152 946 8
501 119 8
256 464 8
746 997 8
744 690 8
503 423 8
723 448 8
394 888 8
963 19 8
823 903 8
773 926 8
254 615 8
441 368 8
438 161 8
446 370 8
177 648 8
68 748 8
671 670 8
95 811 8
732 205 8
733 993 8
178 907 8
477 694 8
90 817 8
105 339 8
150 603 8
510 745 8
346 901 8
254 528 8
198 181 8
689 778 8
251 185 8
402 84 8
288 564 8
185 390 8
916 177 8
457 331 8
126 233 8
818 268 8
500 418 8
899 642 8
179 489 8
951 358 8
196 796 8
451 602 8
698 907 8
897 954 8
248 948 8
347 214 8
147 62 8
764 271 8
978 549 8
82 199 8
114 17 8
727 239 8
88 293 8
127 336 8
242 68 8
986 365 8
140 445 8
970 587 8
70 608 8
732 989 8
64 33 8
831 715 8
289 957 8
724 919 8
958 151 8
726 767 8
839 66 8
443 165 8
594 888 8
471 616 8
740 756 8
169 905 8
213 685 8
167 30 8
354 20 8
144 97 8
657 568 8
452 772 8
168 697 8
414 393 8
938 364 8
680 350 8
831 262 8
725 288 8
339 501 8
184 788 8
580 838 8
288 392 8
499 958 8
936 998 8
186 974 8
159 794 8
426 999 8
869 56 8
800 692 8
764 613 8
370 971 8
34 622 8
900 465 8
582 718 8
760 677 8
606 342 8
560 804 8
363 41 8
273 512 8
924 661 8
926 968 8
517 891 8
296 222 8
795 386 8
597 807 8
633 260 8
47 660 8
510 614 8
611 956 8
383 430 8
724 848 8
609 121 8
403 138 8
818 200 8
968 255 8
257 656 8
477 467 8
223 357 8
479 221 8
461 961 8
676 272 8
110 104 8
438 300 8
413 122 8
840 722 8
690 385 8
223 159 8
137 928 8
924 808 8
592 755 8
356 822 8
594 503 8
76 933 8
434 743 8
63 484 8
69 699 8
912 780 8
852 721 8
508 619 8
721 71 8
736 700 8
373 64 8
156 130 8
408 664 8
744 322 8
290 812 8
886 887 8
903 72 8
37 334 8
849 732 8
986 348 8
445 649 8
159 418 8
989 866 8
784 616 8
403 422 8
648 310 8
817 796 8
443 254 8
28 554 8
257 682 8
594 192 8
995 773 8
985 284 8
355 61 8
962 663 8
168 398 8
43 619 8
83 576 8
911 139 8
719 807 8
294 510 8
148 966 8
606 312 8
116 199 8
491 773 8
684 798 8
908 835 8
462 245 8
700 602 8
180 396 8
404 852 8
138 73 8
410 65 8
409 859 8
578 673 8
332 960 8
435 23 8
229 172 8
427 440 8
949 329 8
938 368 8
785 651 8
865 901 8
781 920 8
657 716 8
218 19 8
127 451 8
543 350 8
869 22 8
903 8 8
643 76 8
365 701 8
891 345 8
184 314 8
467 552 8
742 993 8
446 439 8
664 196 8
996 323 8
995 670 8
852 562 8
331 525 8
602 904 8
764 17 8
205 496 8
373 257 8
960 480 8
368 558 8
765 227 8
497 860 8
131 632 8
802 133 8
695 241 8
942 775 8
951 736 8
1000 128 8
36 879 8
89 50 8
820 982 8
435 553 8
935 883 8
831 270 8
122 832 8
474 948 8
281 628 8
803 5 8
263 659 8
553 56 8
362 28 8
40 34 8
715 738 8
894 936 8
540 6 8
609 476 8
414 532 8
604 31 8
689 220 8
70 293 8
414 294 8
973 25 8
6 766 8
814 670 8
105 802 8
173 176 8
970 980 8
798 226 8
939 474 8
663 221 8
105 49 8
680 675 8
289 740 8
105 382 8
359 314 8
245 94 8
390 658 8
194 44 8
18 849 8
897 988 8
957 549 8
92 149 8
215 142 8
418 938 8
576 646 8
782 187 8
695 557 8
134 146 8
599 471 8
235 9 8
65 920 8
23 510 8
231 175 8
511 157 8
465 219 8
479 424 8
987 703 8
25 320 8
926 147 8
378 159 8
559 281 8
405 277 8
375 837 8
245 82 8
956 853 8
98 911 8
129 833 8
397 591 8
64 839 8
333 216 8
466 754 8
601 357 8
217 234 8
131 760 8
417 753 8
378 243 8
617 721 8
850 503 8
255 217 8
929 277 8
176 8 8
675 829 8
572 772 8
525 325 8
36 184 8
763 734 8
358 288 8
926 516 8
556 542 8
142 403 8
583 11 8
926 971 8
974 137 8
277 932 8
124 521 8
171 88 8
767 591 8
354 649 8
22 13 8
530 306 8
437 314 8
228 575 8
986 938 8
793 353 8
244 966 8
206 59 8
767 7 8
276 324 8
288 163 8
363 567 8
683 42 8
49 197 8
733 594 8
929 898 8
123 828 8
718 230 8
750 967 8
383 702 8
241 810 8
462 168 8
745 647 8
1 161 8
428 61 8
922 962 8
565 787 8
438 827 8
260 779 8
44 250 8
815 453 8
408 610 8
914 550 8
772 747 8
290 861 8
897 775 8
606 169 8
824 747 8
449 371 8
709 288 8
126 611 8
396 956 8
787 219 8
592 574 8
20 304 8
851 784 8
196 849 8
451 22 8
154 40 8
846 292 8
384 327 8
484 30 8
884 454 8
942 637 8
898 42 8
645 432 8
251 128 8
624 450 8
485 101 8
15 24 8
593 265 8
515 185 8
62 146 8
578 372 8
384 546 8
301 29 8
645 994 8
503 961 8
974 86 8
419 615 8
113 478 8
751 104 8
311 111 8
48 993 8
91 576 8
224 220 8
940 49 8
597 920 8
935 247 8
891 314 8
535 511 8
90 99 8
42 423 8
681 664 8
662 771 8
844 356 8
176 142 8
517 435 8
446 381 8
329 560 8
969 364 8
608 648 8
945 33 8
583 599 8
317 82 8
281 609 8
489 238 8
841 734 8
104 150 8
464 659 8
195 41 8
57 880 8
716 803 8
822 392 8
850 360 8
743 652 8
907 605 8
755 90 8
956 927 8
838 719 8
605 102 8
563 250 8
264 31 8
266 320 8
99 230 8
955 609 8
443 529 8
40 338 8
781 280 8
945 588 8
482 475 8
50 32 8
336 32 8
899 962 8
127 690 8
712 744 8
167 446 8
924 53 8
182 40 8
271 591 8
654 218 8
740 794 8
93 454 8
910 658 8
254 427 8
735 483 8
581 237 8
568 289 8
523 867 8
983 419 8
561 130 8
216 723 8
612 325 8
414 379 8
971 158 8
445 620 8
82 312 8
488 394 8
828 428 8
106 417 8
743 370 8
538 124 8
443 900 8
315 565 8
410 56 8
283 61 8
575 970 8
622 761 8
746 343 8
690 642 8
191 868 8
432 290 8
902 110 8
381 903 8
326 214 8
865 256 8
594 626 8
477 583 8
322 389 8
567 603 8
899 579 8
117 93 8
159 353 8
952 598 8
391 679 8
302 21 8
922 354 8
200 236 8
707 673 8
381 872 8
697 908 8
492 665 8
929 489 8
77 780 8
368 909 8
534 394 8
111 118 8
679 113 8
323 50 8
728 371 8
21 853 8
696 670 8
575 255 8
872 98 8
554 474 8
158 83 8
424 405 8
464 546 8
984 649 8
564 350 8
266 155 8
712 289 8
587 643 8
470 470 8
108 886 8
366 991 8
406 672 8
481 780 8
755 360 8
566 75 8
970 94 8
145 102 8
249 682 8
713 178 8
941 470 8
824 167 8
999 190 8
311 272 8
332 64 8
594 400 8
297 841 8
24 628 8
938 89 8
835 382 8
632 995 8
30 603 8
97 50 8
82 33 8
312 266 8
398 97 8
738 33 8
733 89 8
520 331 8
249 383 8
526 128 8
581 123 8
200 401 8
192 749 8
712 133 8
641 125 8
269 253 8
119 386 8
186 657 8
699 771 8
775 581 8
296 276 8
856 757 8
942 621 8
400 493 8
788 841 8
983 745 8
597 960 8
368 114 8
883 237 8
449 22 8
493 961 8
386 835 8
322 680 8
121 191 8
215 385 8
974 675 8
203 267 8
811 28 8
998 398 8
81 727 8
144 184 8
864 902 8
257 375 8
970 316 8
786 453 8
292 630 8
318 903 8
146 722 8
250 398 8
606 935 8
586 282 8
929 755 8
643 627 8
763 338 8
907 607 8
982 353 8
700 386 8
181 989 8
838 750 8
859 975 8
92 114 8
271 971 8
483 356 8
773 788 8
528 35 8
299 858 8
103 720 8
47 314 8
995 204 8
654 241 8
790 494 8
212 772 8
122 783 8
508 83 8
709 219 8
917 62 8
997 552 8
279 880 8
646 430 8
754 101 8
953 504 8
19 270 8
323 904 8
120 268 8
694 65 8
458 605 8
284 105 8
265 456 8
323 133 8
799 198 8
159 805 8
247 327 8
473 967 8
595 854 8
722 500 8
228 75 8
805 468 8
645 947 8
624 739 8
733 312 8
508 40 8
352 474 8
50 393 8
167 120 8
790 912 8
920 116 8
52 715 8
68 340 8
580 815 8
33 896 8
488 876 8
595 983 8
859 805 8
230 124 8
788 53 8
248 706 8
199 431 8
783 148 8
151 229 8
540 171 8
832 438 8
396 843 8
488 256 8
581 5 8
418 353 8
399 729 8
20 975 8
600 345 8
327 774 8
53 698 8
819 631 8
34 499 8
951 275 8
400 324 8
346 371 8
638 733 8
534 609 8
221 538 8
996 887 8
155 298 8
214 932 8
938 149 8
563 201 8
190 883 8
233 912 8
252 269 8
833 103 8
849 127 8
70 734 8
639 883 8
952 120 8
269 785 8
760 451 8
331 359 8
514 698 8
112 304 8
97 227 8
394 460 8
477 160 8
795 931 8
957 55 8
306 466 8
686 201 8
207 773 8
154 25 8
318 149 8
622 374 8
392 664 8
371 943 8
831 512 8
554 61 8
533 779 8
182 664 8
150 100 8
762 570 8
685 392 8
347 983 8
928 880 8
892 721 8
187 136 8
714 944 8
711 887 8
825 485 8
298 252 8
713 351 8
19 726 8
863 407 8
319 118 8
157 787 8
408 23 8
265 753 8
2 942 8
82 101 8
551 538 8
105 222 8
862 532 8
308 557 8
738 129 8
318 485 8
703 851 8
478 132 8
536 225 8
150 276 8
473 787 8
786 536 8
808 281 8
537 110 8
112 443 8
55 375 8
893 467 8
367 843 8
373 29 8
510 573 8
156 84 8
307 561 8
43 27 8
965 847 8
815 131 8
218 58 8
293 287 8
641 79 8
296 135 8
17 134 8
490 49 8
721 898 8
769 889 8
526 151 8
256 83 8
647 122 8
800 334 8
197 704 8
732 803 8
997 727 8
888 373 8
116 561 8
369 146 8
946 473 8
152 576 8
548 323 8
862 49 8
975 55 8
271 836 8
904 120 8
24 388 8
494 639 8
469 701 8
245 565 8
513 70 8
89 595 8
262 472 8
78 924 8
721 727 8
524 981 8
661 308 8
141 719 8
583 479 8
614 164 8
52 476 8
761 221 8
261 666 8
883 965 8
771 213 8
638 550 8
289 924 8
886 309 8
132 869 8
19 420 8
843 349 8
523 435 8
863 568 8
943 804 8
242 650 8
968 444 8
476 578 8
377 175 8
262 1 8
268 779 8
57 892 8
847 947 8
27 325 8
668 582 8
123 704 8
63 269 8
391 267 8
30 583 8
528 170 8
79 463 8
468 661 8
598 237 8
305 765 8
765 624 8
205 378 8
831 88 8
513 489 8
232 761 8
857 386 8
560 282 8
738 643 8
653 622 8
989 552 8
133 444 8
906 516 8
529 750 8
777 330 8
538 362 8
303 31 8
570 338 8
954 371 8
750 209 8
197 12 8
550 254 8
265 609 8
381 878 8
487 35 8
722 549 8
475 721 8
831 849 8
873 118 8
612 148 8
398 25 8
982 226 8
632 671 8
922 211 8
582 976 8
705 237 8
438 243 8
286 724 8
807 541 8
483 997 8
689 909 8
880 368 8
652 456 8
761 688 8
40 452 8
509 122 8
472 235 8
166 936 8
748 321 8
551 528 8
771 846 8
453 120 8
909 968 8
707 313 8
794 886 8
376 201 8
205 30 8
528 983 8
516 868 8
345 252 8
131 142 8
790 415 8
612 625 8
33 35 8
83 804 8
38 719 8
105 232 8
604 2 8
337 775 8
108 784 8
795 230 8
808 162 8
8 759 8
418 434 8
606 878 8
884 61 8
285 647 8
627 755 8
33 349 8
274 673 8
13 214 8
825 200 8
153 882 8
288 404 8
101 9 8
991 661 8
955 176 8
495 192 8
177 312 8
41 687 8
774 598 8
415 854 8
440 282 8
516 394 8
405 841 8
787 646 8
482 859 8
174 296 8
828 346 8
163 672 8
752 901 8
964 801 8
67 90 8
100 562 8
633 728 8
672 871 8
967 281 8
635 487 8
950 106 8
252 700 8
503 992 8
152 484 8
464 231 8
426 295 8
7 920 8
247 257 8
433 34 8
327 620 8
152 699 8
442 578 8
867 184 8
587 619 8
26 60 8
747 252 8
158 227 8
610 992 8
683 885 8
269 23 8
103 506 8
583 732 8
141 262 8
408 441 8
360 719 8
725 808 8
131 38 8
835 154 8
842 761 8
479 646 8
105 644 8
753 692 8
169 688 8
612 542 8
670 912 8
553 107 8
641 197 8
279 158 8
561 830 8
478 295 8
927 159 8
509 18 8
417 668 8
411 49 8
30 299 8
414 489 8
769 900 8
469 862 8
58 10 8
928 161 8
689 352 8
620 502 8
153 758 8
481 395 8
552 426 8
798 579 8
322 870 8
980 671 8
1000 616 8
420 705 8
749 14 8
247 635 8
180 179 8
831 228 8
636 222 8
467 792 8
377 747 8
308 211 8
191 968 8
513 658 8
153 396 8
558 30 8
258 735 8
244 865 8
394 444 8
165 913 8
770 615 8
939 823 8
998 910 8
934 345 8
412 193 8
662 905 8
92 758 8
974 404 8
10 701 8
212 864 8
959 436 8
421 603 8
473 12 8
791 542 8
68 135 8
627 878 8
412 144 8
167 89 8
438 394 8
839 313 8
883 48 8
485 278 8
574 986 8
34 893 8
249 561 8
947 391 8
650 260 8
136 550 8
721 919 8
44 12 8
89 970 8
265 835 8
69 117 8
740 212 8
91 650 8
395 798 8
597 73 8
200 979 8
747 480 8
931 334 8
231 543 8
345 916 8
378 178 8
232 874 8
281 277 8
817 843 8
788 542 8
727 39 8
579 58 8
16 1000 8
50 459 8
875 294 8
700 375 8
496 130 8
111 4 8
237 947 8
108 236 8
205 87 8
268 480 8
624 69 8
832 883 8
501 726 8
25 365 8
467 211 8
729 376 8
83 188 8
370 9 8
493 37 8
982 504 8
404 717 8
427 872 8
174 96 8
649 667 8
991 175 8
804 226 8
287 830 8
610 463 8
140 166 8
523 213 8
509 436 8
107 205 8
212 50 8
3 761 8
286 115 8
451 450 8
17 705 8
760 968 8
813 757 8
610 373 8
606 363 8
927 191 8
546 70 8
432 927 8
72 246 8
233 348 8
666 372 8
288 167 8
952 24 8
461 21 8
801 526 8
469 433 8
176 507 8
321 311 8
818 238 8
325 854 8
226 344 8
909 469 8
367 843 8
146 282 8
284 924 8
363 548 8
431 337 8
643 488 8
831 465 8
958 138 8
99 119 8
285 116 8
742 801 8
476 271 8
871 60 8
656 630 8
494 941 8
479 667 8
36 814 8
190 148 8
356 857 8
576 914 8
645 423 8
80 359 8
68 980 8
784 442 8
868 227 8
307 715 8
443 559 8
346 530 8
588 70 8
616 763 8
720 315 8
113 939 8
571 38 8
661 405 8
323 951 8
230 209 8
591 949 8
47 381 8
546 637 8
773 563 8
68 934 8
260 553 8
818 989 8
602 980 8
619 284 8
445 827 8
909 90 8
359 937 8
733 112 8
821 141 8
324 582 8
160 6 8
450 839 8
43 360 8
180 428 8
886 421 8
484 181 8
44 198 8
696 669 8
249 770 8
843 58 8
910 511 8
219 683 8
0 441 8
255 725 8
62 719 8
102 160 8
322 280 8
482 91 8
546 84 8
703 278 8
463 906 8
161 988 8
937 42 8
845 861 8
885 537 8
961 885 8
184 818 8
310 523 8
448 503 8
734 343 8
547 547 8
969 826 8
697 462 8
470 249 8
622 652 8
739 6 8
511 945 8
933 670 8
748 0 8
919 455 8
920 521 8
814 368 8
680 833 8
473 92 8
331 744 8
729 751 8
528 654 8
0 275 8
805 374 8
374 502 8
131 773 8
979 969 8
846 69 8
699 779 8
413 359 8
613 958 8
594 264 8
748 706 8
931 609 8
616 842 8
276 888 8
112 183 8
511 297 8
415 78 8
312 255 8
971 772 8
486 96 8
278 211 8
618 705 8
194 281 8
478 463 8
108 514 8
1000 921 8
435 505 8
977 704 8
503 396 8
208 398 8
853 57 8
208 92 8
978 766 8
481 460 8
289 193 8
996 584 8
639 960 8
815 811 8
164 213 8
699 784 8
82 648 8
47 870 8
562 155 8
787 469 8
837 308 8
257 966 8
174 85 8
799 567 8
544 626 8
618 253 8
805 616 8
924 926 8
646 911 8
670 915 8
311 816 8
496 236 8
286 456 8
486 916 8
880 228 8
533 59 8
472 169 8
538 141 8
904 898 8
825 904 8
441 241 8
964 587 8
490 845 8
396 56 8
894 317 8
185 386 8
870 784 8
693 23 8
892 464 8
703 205 8
355 772 8
678 25 8
859 627 8
95 254 8
592 828 8
954 845 8
149 82 8
72 518 8
842 705 8
275 369 8
255 312 8
891 485 8
456 838 8
364 351 8
367 394 8
473 940 8
446 519 8
497 877 8
649 580 8
280 436 8
645 386 8
929 274 8
127 726 8
890 971 8
215 284 8
243 775 8
979 562 8
67 567 8
10 792 8
258 109 8
845 916 8
986 551 8
450 427 8
591 538 8
55 359 8
690 262 8
740 697 8
97 113 8
730 960 8
101 672 8
347 90 8
228 107 8
291 340 8
544 105 8
749 221 8
132 226 8
229 783 8
182 736 8
26 693 8
511 244 8
757 344 8
656 593 8
513 296 8
526 766 8
838 831 8
857 464 8
528 478 8
811 548 8
406 511 8
241 74 8
240 602 8
853 884 8
459 356 8
148 531 8
562 628 8
139 59 8
490 74 8
310 795 8
283 239 8
438 880 8
8 668 8
147 869 8
282 556 8
948 823 8
124 387 8
289 238 8
320 415 8
85 29 8
98 748 8
245 876 8
157 91 8
938 602 8
885 283 8
66 169 8
211 106 8
825 589 8
248 60 8
435 683 8
209 515 8
55 152 8
508 28 8
171 502 8
511 955 8
216 106 8
637 50 8
582 529 8
105 486 8
96 412 8
851 924 8
454 668 8
560 85 8
292 603 8
685 0 8
760 629 8
433 128 8
960 995 8
930 550 8
389 621 8
495 730 8
114 160 8
918 20 8
837 770 8
892 875 8
735 423 8
336 746 8
520 155 8
477 63 8
403 126 8
893 521 8
698 444 8
611 828 8
158 324 8
308 725 8
108 626 8
910 159 8
516 290 8
895 764 8
47 482 8
795 633 8
501 850 8
150 158 8
732 20 8
144 981 8
184 506 8
777 12 8
399 904 8
684 236 8
198 364 8
250 45 8
105 999 8
963 799 8
875 820 8
287 47 8
776 534 8
532 93 8
791 785 8
480 494 8
725 36 8
990 607 8
56 36 8
578 589 8
620 959 8
412 689 8
446 506 8
431 487 8
797 709 8
545 871 8
964 523 8
959 795 8
100 879 8
838 987 8
634 917 8
923 922 8
181 455 8
874 309 8
655 741 8
757 269 8
831 652 8
76 219 8
817 572 8
849 562 8
900 117 8
848 11 8
159 897 8
654 156 8
791 355 8
117 477 8
18 277 8
409 21 8
380 762 8
531 820 8
522 401 8
180 591 8
385 136 8
359 156 8
714 591 8
166 60 8
471 102 8
154 46 8
823 970 8
990 470 8
793 971 8
989 83 8
436 624 8
929 367 8
978 667 8
862 609 8
557 769 8
801 433 8
898 544 8
713 245 8
951 358 8
89 725 8
646 647 8
468 772 8
459 380 8
78 199 8
133 818 8
665 274 8
200 459 8
155 610 8
489 585 8
391 666 8
248 848 8
131 199 8
719 662 8
11 831 8
503 642 8
441 326 8
198 882 8
200 891 8
41 355 8
143 26 8
494 241 8
543 80 8
265 129 8
900 660 8
488 462 8
224 873 8
484 500 8
968 592 8
678 738 8
858 298 8
676 815 8
601 981 8
733 928 8
815 171 8
913 293 8
861 511 8
652 875 8
842 525 8
714 268 8
808 698 8
364 797 8
765 443 8
867 398 8
245 268 8
113 591 8
842 811 8
760 704 8
451 256 8
276 896 8
839 294 8
298 903 8
210 394 8
308 213 8
891 40 8
390 966 8
709 683 8
554 306 8
303 196 8
751 600 8
928 210 8
182 408 8
982 599 8
54 443 8
262 981 8
80 930 8
342 980 8
529 227 8
168 847 8
536 751 8
165 558 8
391 696 8
562 254 8
817 650 8
938 334 8
356 98 8
231 873 8
412 393 8
264 202 8
69 374 8
918 342 8
337 602 8
482 486 8
769 958 8
89 662 8
500 44 8
28 320 8
285 160 8
537 53 8
881 945 8
318 671 8
400 981 8
801 848 8
473 662 8
816 370 8
938 753 8
474 665 8
494 772 8
643 445 8
632 359 8
697 293 8
845 120 8
351 840 8
483 821 8
583 137 8
468 89 8
62 341 8
666 98 8
812 165 8
424 9 8
187 108 8
938 285 8
212 88 8
681 672 8
404 915 8
342 563 8
189 150 8
995 387 8
817 117 8
277 758 8
565 46 8
502 53 8
383 493 8
629 691 8
58 978 8
508 715 8
823 547 8
290 948 8
262 91 8
653 946 8
534 64 8
623 907 8
980 266 8
290 821 8
675 381 8
351 970 8
83 623 8
558 366 8
833 644 8
766 274 8
709 911 8
593 984 8
131 425 8
126 31 8
904 407 8
40 476 8
675 926 8
234 868 8
158 273 8
37 275 8
43 562 8
781 526 8
706 424 8
747 16 8
366 493 8
562 498 8
174 475 8
928 891 8
425 74 8
958 155 8
356 404 8
536 240 8
556 738 8
814 811 8
103 531 8
991 538 8
873 602 8
940 498 8
6 653 8
391 997 8
0 590 8
791 973 8
298 434 8
388 843 8
92 723 8
890 762 8
608 590 8
313 390 8
757 560 8
860 64 8
537 806 8
315 744 8
434 909 8
121 982 8
965 688 8
938 442 8
749 578 8
163 238 8
238 634 8
611 424 8
14 379 8
169 63 8
536 18 8
875 637 8
258 298 8
434 227 8
459 22 8
359 656 8
135 937 8
799 65 8
234 290 8
91 281 8
117 0 8
959 969 8
429 752 8
788 302 8
952 249 8
267 231 8
121 313 8
541 517 8
465 924 8
667 177 8
655 169 8
36 683 8
84 134 8
385 417 8
945 540 8
188 871 8
511 747 8
473 150 8
534 335 8
647 779 8
726 509 8
595 321 8
136 48 8
964 5 8
910 156 8
484 204 8
23 893 8
770 622 8
38 163 8
591 563 8
447 766 8
154 980 8
452 767 8
454 833 8
174 487 8
941 715 8
610 26 8
46 829 8
762 136 8
520 43 8
253 142 8
744 678 8
612 307 8
705 692 8
161 856 8
642 52 8
152 573 8
140 901 8
209 702 8
631 989 8
15 571 8
595 631 8
780 646 8
514 27 8
720 705 8
195 42 8
813 933 8
687 456 8
29 579 8
538 365 8
439 513 8
89 936 8
720 840 8
412 986 8
150 788 8
381 678 8
838 961 8
472 942 8
115 121 8
698 792 8
603 280 8
780 938 8
37 316 8
680 534 8
494 828 8
323 177 8
669 155 8
909 624 8
428 589 8
584 403 8
144 484 8
15 187 8
241 690 8
359 650 8
597 255 8
115 889 8
0 991 8
656 660 8
782 664 8
361 404 8
239 243 8
279 563 8
249 881 8
881 903 8
442 860 8
241 687 8
454 256 8
150 52 8
541 355 8
370 310 8
570 655 8
590 262 8
759 472 8
155 844 8
613 776 8
644 478 8
481 931 8
12 708 8
748 415 8
443 781 8
480 560 8
669 852 8
812 78 8
585 664 8
585 972 8
824 824 8
57 519 8
842 51 8
989 22 8
266 187 8
851 849 8
558 690 8
302 638 8
564 952 8
787 618 8
126 970 8
985 701 8
889 776 8
354 313 8
941 217 8
315 220 8
346 94 8
87 121 8
302 760 8
94 919 8
393 110 8
184 130 8
506 265 8
968 607 8
798 588 8
367 687 8
204 269 8
175 259 8
633 684 8
769 385 8
224 785 8
568 615 8
10 529 8
643 176 8
325 344 8
166 768 8
512 165 8
935 55 8
305 205 8
130 886 8
174 605 8
762 595 8
196 682 8
216 670 8
179 131 8
802 814 8
314 46 8
518 890 8
3 497 8
68 755 8
723 748 8
424 262 8
248 990 8
558 313 8
57 176 8
812 568 8
515 79 8
436 209 8
881 340 8
735 70 8
104 353 8
365 670 8
318 250 8
121 267 8
902 505 8
484 845 8
882 578 8
654 117 8
841 529 8
684 417 8
563 761 8
442 279 8
864 71 8
586 737 8
622 170 8
638 124 8
359 487 8
171 893 8
255 330 8
311 651 8
672 752 8
241 174 8
813 238 8
520 381 8
609 790 8
957 819 8
320 563 8
544 823 8
130 937 8
898 37 8
650 536 8
423 666 8
240 517 8
561 900 8
722 529 8
613 74 8
781 816 8
419 781 8
192 435 8
302 91 8
500 831 8
98 764 8
574 279 8
10 362 8
74 842 8
323 97 8
227 250 8
347 567 8
909 458 8
729 35 8
323 65 8
434 273 8
160 954 8
407 156 8
902 89 8
628 425 8
177 293 8
57 894 8
290 205 8
595 603 8
442 85 8
744 658 8
318 798 8
238 756 8
161 411 8
582 534 8
52 744 8
309 637 8
812 732 8
594 948 8
429 960 8
715 238 8
988 280 8
428 515 8
957 100 8
175 913 8
477 470 8
457 427 8
867 34 8
713 900 8
768 903 8
964 422 8
192 92 8
482 365 8
980 539 8
344 294 8
106 210 8
859 620 8
565 470 8
600 665 8
105 77 8
851 899 8
537 716 8
582 299 8
786 64 8
49 583 8
789 570 8
312 525 8
913 989 8
893 887 8
102 887 8
43 155 8
593 328 8
772 33 8
223 217 8
344 323 8
144 537 8
18 211 8
45 854 8
782 752 8
624 1000 8
991 297 8
303 442 8
634 73 8
600 595 8
489 198 8
771 693 8
570 888 8
934 205 8
658 460 8
768 415 8
516 335 8
542 710 8
126 952 8
366 250 8
923 702 8
485 29 8
721 732 8
702 385 8
610 535 8
428 164 8
560 25 8
940 9 8
818 533 8
654 123 8
994 983 8
147 233 8
368 644 8
229 864 8
245 547 8
409 476 8
125 951 8
187 624 8
499 884 8
619 627 8
797 147 8
47 26 8
776 736 8
840 209 8
245 575 8
761 796 8
79 844 8
151 811 8
611 883 8
806 51 8
307 272 8
83 185 8
737 138 8
855 466 8
559 387 8
386 101 8
816 718 8
848 523 8
198 97 8
330 758 8
161 43 8
227 385 8
299 406 8
786 556 8
740 619 8
915 513 8
599 581 8
720 269 8
853 28 8
830 983 8
866 558 8
510 69 8
391 283 8
148 365 8
309 147 8
621 783 8
464 506 8
411 624 8
402 208 8
491 456 8
666 638 8
284 954 8
919 263 8
127 667 8
315 649 8
642 373 8
794 834 8
721 932 8
352 231 8
877 91 8
502 784 8
444 503 8
334 371 8
806 484 8
768 21 8
536 28 8
284 869 8
107 544 8
308 900 8
55 188 8
707 385 8
107 450 8
590 448 8
207 666 8
977 963 8
292 318 8
400 850 8
542 185 8
375 879 8
856 553 8
108 802 8
148 385 8
580 728 8
345 512 8
331 532 8
623 629 8
747 837 8
527 336 8
356 198 8
847 126 8
657 54 8
565 150 8
184 779 8
41 360 8
754 171 8
413 8 8
265 427 8
162 665 8
506 802 8
41 475 8
45 181 8
884 533 8
105 29 8
747 78 8
625 89 8
606 576 8
670 178 8
25 235 8
57 254 8
825 168 8
270 56 8
58 870 8
61 260 8
100 407 8
266 691 8
750 904 8
267 194 8
801 831 8
205 362 8
886 179 8
718 404 8
558 160 8
283 515 8
243 157 8
415 132 8
605 631 8
823 361 8
327 487 8
116 69 8
814 634 8
854 371 8
399 237 8
857 507 8
70 876 8
180 57 8
685 471 8
957 610 8
933 631 8
319 383 8
78 240 8
162 704 8
497 720 8
892 193 8
256 780 8
454 581 8
377 376 8
824 1 8
105 46 8
288 768 8
12 571 8
467 696 8
819 900 8
452 576 8
312 566 8
732 479 8
894 752 8
65 975 8
869 825 8
236 389 8
624 726 8
202 10 8
664 271 8
698 624 8
472 857 8
744 608 8
425 277 8
802 327 8
133 375 8
209 877 8
980 454 8
880 937 8
904 333 8
846 706 8
120 840 8
587 817 8
839 956 8
507 659 8
268 781 8
114 984 8
356 318 8
111 340 8
662 405 8
694 150 8
681 431 8
771 273 8
740 837 8
438 965 8
689 675 8
401 13 8
55 459 8
261 776 8
683 978 8
54 197 8
412 285 8
524 520 8
296 641 8
902 221 8
285 359 8
173 822 8
524 610 8
296 901 8
331 485 8
274 121 8
59 534 8
900 897 8
17 987 8
474 807 8
882 491 8
656 587 8
377 617 8
213 745 8
583 987 8
926 8 8
871 442 8
884 687 8
209 822 8
196 65 8
703 566 8
681 763 8
923 895 8
1000 728 8
779 333 8
102 245 8
928 6 8
262 544 8
415 618 8
77 188 8
409 762 8
795 281 8
139 986 8
595 279 8
44 702 8
464 44 8
884 251 8
936 444 8
959 349 8
30 463 8
543 954 8
775 683 8
756 69 8
948 237 8
241 226 8
654 383 8
933 511 8
204 263 8
234 798 8
786 608 8
779 90 8
345 948 8
196 16 8
960 415 8
124 678 8
217 974 8
734 956 8
601 837 8
412 638 8
272 148 8
375 501 8
642 591 8
509 559 8
584 334 8
559 544 8
34 804 8
363 903 8
349 733 8
819 501 8
186 627 8
236 35 8
121 301 8
906 137 8
788 356 8
570 533 8
208 305 8
749 962 8
766 552 8
326 437 8
536 370 8
50 113 8
30 16 8
617 860 8
408 62 8
940 343 8
157 536 8
220 165 8
322 67 8
446 512 8
301 488 8
577 55 8
0 96 8
236 653 8
601 937 8
399 867 8
741 129 8
860 535 8
788 419 8
985 880 8
633 783 8
287 704 8
658 274 8
430 921 8
373 951 8
251 478 8
314 226 8
438 884 8
444 138 8
203 336 8
64 196 8
1 367 8
249 94 8
210 149 8
722 338 8
192 34 8
79 977 8
267 702 8
764 484 8
411 782 8
85 178 8
438 880 8
612 901 8
75 311 8
990 742 8
832 222 8
661 317 8
920 654 8
398 902 8
48 171 8
126 705 8
213 933 8
798 732 8
889 912 8
396 429 8
526 505 8
25 956 8
979 203 8
406 4 8
731 453 8
824 906 8
303 660 8
674 874 8
878 994 8
520 54 8
870 821 8
252 765 8
270 890 8
893 917 8
883 325 8
179 606 8
204 148 8
706 262 8
761 814 8
589 940 8
847 433 8
84 731 8
828 63 8
68 31 8
24 899 8
86 504 8
287 725 8
893 792 8
835 236 8
478 572 8
698 803 8
860 692 8
765 563 8
702 470 8
591 953 8
382 696 8
656 947 8
958 335 8
776 637 8
882 289 8
454 906 8
337 6 8
563 398 8
714 552 8
743 131 8
667 391 8
470 63 8
193 870 8
716 520 8
877 295 8
754 890 8
522 512 8
809 518 8
538 120 8
147 26 8
37 581 8
431 651 8
808 222 8
366 429 8
662 815 8
673 877 8
556 609 8
966 460 8
606 214 8
886 901 8
167 532 8
708 789 8
270 411 8
871 285 8
397 285 8
8 293 8
231 586 8
214 774 8
504 751 8
769 109 8
586 470 8
740 826 8
560 967 8
941 233 8
156 505 8
48 433 8
435 276 8
774 758 8
200 151 8
259 38 8
596 848 8
31 891 8
832 774 8
507 491 8
715 480 8
24 692 8
464 728 8
612 958 8
839 852 8
79 96 8
300 620 8
221 967 8
973 118 8
41 248 8
450 705 8
2 443 8
618 204 8
58 283 8
233 358 8
902 979 8
945 210 8
581 355 8
574 290 8
700 320 8
492 899 8
815 732 8
72 755 8
422 50 8
362 279 8
650 121 8
478 85 8
981 970 8
144 190 8
6 675 8
295 899 8
627 64 8
738 696 8
668 716 8
473 330 8
984 129 8
674 778 8
745 16 8
870 316 8
377 915 8
739 928 8
94 72 8
401 554 8
181 973 8
416 255 8
312 428 8
980 83 8
456 68 8
486 831 8
718 207 8
783 982 8
470 33 8
630 739 8
419 306 8
458 317 8
804 593 8
851 378 8
264 422 8
779 33 8
33 832 8
205 626 8
756 670 8
822 829 8
647 244 8
442 291 8
241 246 8
522 230 8
91 372 8
125 569 8
933 444 8
408 793 8
331 158 8
758 617 8
285 929 8
761 219 8
351 571 8
605 780 8
327 456 8
917 476 8
241 442 8
91 698 8
923 79 8
621 436 8
777 664 8
463 170 8
77 121 8
729 506 8
970 910 8
411 568 8
713 411 8
591 560 8
795 255 8
546 514 8
556 552 8
77 505 8
738 459 8
850 815 8
767 396 8
297 847 8
935 15 8
36 234 8
87 131 8
541 850 8
179 42 8
908 390 8
362 680 8
527 836 8
303 685 8
711 232 8
343 694 8
157 84 8
631 749 8
64 299 8
122 211 8
210 597 8
441 872 8
32 193 8
538 518 8
383 964 8
385 234 8
642 839 8
501 643 8
527 910 8
634 497 8
400 410 8
410 529 8
81 282 8
479 925 8
207 477 8
767 331 8
922 215 8
301 20 8
285 396 8
27 162 8
346 437 8
252 247 8
34 355 8
884 826 8
979 84 8
319 26 8
632 3 8
184 906 8
780 9 8
162 522 8
590 179 8
816 116 8
391 694 8
591 196 8
452 171 8
520 103 8
373 830 8
114 662 8
319 160 8
572 354 8
509 896 8
309 821 8
383 441 8
961 21 8
363 726 8
477 218 8
137 803 8
363 825 8
885 656 8
216 517 8
545 859 8
664 81 8
383 362 8
390 849 8
42 658 8
116 342 8
762 398 8
387 873 8
242 656 8
491 640 8
93 767 8
699 647 8
261 6 8
718 539 8
684 160 8
134 354 8
286 601 8
725 242 8
400 590 8
753 467 8
526 23 8
422 445 8
65 50 8
906 712 8
199 656 8
236 572 8
510 354 8
700 719 8
457 36 8
423 108 8
210 580 8
327 91 8
909 109 8
690 61 8
902 425 8
713 609 8
541 304 8
644 641 8
506 673 8
962 42 8
220 531 8
596 404 8
635 306 8
183 283 8
146 987 8
693 501 8
313 508 8
309 413 8
399 654 8
403 195 8
184 844 8
308 208 8
119 820 8
144 18 8
558 249 8
161 617 8
328 292 8
614 565 8
926 384 8
179 906 8
965 17 8
953 607 8
63 823 8
719 259 8
589 661 8
781 510 8
486 745 8
470 240 8
508 932 8
309 19 8
769 340 8
385 441 8
347 165 8
957 565 8
633 252 8
308 470 8
193 583 8
952 322 8
348 310 8
828 484 8
959 302 8
348 916 8
405 141 8
93 122 8
236 300 8
17 388 8
21 81 8
553 689 8
938 247 8
776 856 8
501 158 8
471 605 8
258 184 8
792 910 8
326 587 8
176 104 8
409 523 8
924 589 8
652 838 8
541 731 8
258 778 8
761 995 8
953 113 8
940 319 8
815 712 8
257 483 8
635 519 8
737 873 8
300 489 8
582 335 8
918 243 8
936 26 8
598 703 8
344 66 8
25 258 8
686 927 8
75 659 8
439 474 8
309 916 8
136 831 8
508 308 8
384 626 8
790 102 8
964 473 8
636 173 8
889 309 8
446 389 8
851 605 8
270 730 8
898 332 8
720 217 8
293 314 8
434 226 8
829 427 8
885 80 8
142 386 8
821 203 8
328 470 8
482 558 8
855 199 8
237 544 8
481 805 8
186 33 8
268 153 8
633 727 8
545 221 8
718 763 8
17 93 8
938 958 8
778 241 8
329 172 8
229 160 8
875 480 8
222 859 8
161 348 8
385 872 8
367 693 8
996 874 8
586 308 8
629 182 8
51 558 8
824 423 8
444 281 8
634 370 8
427 856 8
480 531 8
783 379 8
470 584 8
798 881 8
807 387 8
396 972 8
145 868 8
90 512 8
926 358 8
519 81 8
620 505 8
332 597 8
596 476 8
312 280 8
202 347 8
370 265 8
785 353 8
323 251 8
390 155 8
760 427 8
40 947 8
699 357 8
951 560 8
360 585 8
421 721 8
112 183 8
121 532 8
275 998 8
641 20 8
136 219 8
182 98 8
237 991 8
510 803 8
281 621 8
657 810 8
930 11 8
285 528 8
871 671 8
424 130 8
291 577 8
173 616 8
441 996 8
379 761 8
638 160 8
831 869 8
813 205 8
231 100 8
662 375 8
147 920 8
293 603 8
439 883 8
978 352 8
666 907 8
929 895 8
371 371 8
302 689 8
337 581 8
664 821 8
444 341 8
576 280 8
620 385 8
342 971 8
349 433 8
999 723 8
752 682 8
378 800 8
746 328 8
18 848 8
716 311 8
109 125 8
101 196 8
861 198 8
155 773 8
671 507 8
402 194 8
71 300 8
6 703 8
528 645 8
902 562 8
488 621 8
405 903 8
455 289 8
552 990 8
56 264 8
14 203 8
627 758 8
271 276 8
867 898 8
490 34 8
821 877 8
633 840 8
415 632 8
942 430 8
959 222 8
650 228 8
483 242 8
183 178 8
209 172 8
899 258 8
232 455 8
59 803 8
356 658 8
683 967 8
859 4 8
598 571 8
260 1 8
670 285 8
377 236 8
538 74 8
343 945 8
353 87 8
495 643 8
971 507 8
304 455 8
843 130 8
921 858 8
917 583 8
489 240 8
998 275 8
372 526 8
85 792 8
18 769 8
562 334 8
605 397 8
430 368 8
753 656 8
344 723 8
152 804 8
119 305 8
750 572 8
703 991 8
118 719 8
671 848 8
47 479 8
209 355 8
302 915 8
146 26 8
156 25 8
928 970 8
408 524 8
860 568 8
229 562 8
708 613 8
835 977 8
575 349 8
5 727 8
463 45 8
824 898 8
119 850 8
367 150 8
404 907 8
788 407 8
720 610 8
957 767 8
46 144 8
782 154 8
511 536 8
973 379 8
482 522 8
931 478 8
838 84 8
934 265 8
635 909 8
944 892 8
777 429 8
1 434 8
347 227 8
37 997 8
622 182 8
567 307 8
301 23 8
414 709 8
910 935 8
880 244 8
776 179 8
114 347 8
273 116 8
631 285 8
721 676 8
625 415 8
175 367 8
510 219 8
533 674 8
925 633 8
576 322 8
189 294 8
571 418 8
532 540 8
367 353 8
353 164 8
450 80 8
796 23 8
369 428 8
630 157 8
339 842 8
533 590 8
551 338 8
754 395 8
148 612 8
163 307 8
734 942 8
540 488 8
234 754 8
123 925 8
906 437 8
769 480 8
499 187 8
778 536 8
991 609 8
923 492 8
520 671 8
591 719 8
447 495 8
676 818 8
36 802 8
612 474 8
354 844 8
947 76 8
694 678 8
928 608 8
325 658 8
303 380 8
202 561 8
924 855 8
598 216 8
135 191 8
655 384 8
170 503 8
779 886 8
612 52 8
28 92 8
651 729 8
603 703 8
562 485 8
635 528 8
524 152 8
613 64 8
138 144 8
953 228 8
2 331 8
901 545 8
707 652 8
997 332 8
567 63 8
539 559 8
490 503 8
866 927 8
868 969 8
37 954 8
580 696 8
216 508 8
240 602 8
848 296 8
249 872 8
27 498 8
181 356 8
552 269 8
471 436 8
960 735 8
644 255 8
554 4 8
237 770 8
827 61 8
593 892 8
572 645 8
10 59 8
263 95 8
263 139 8
22 363 8
934 66 8
778 504 8
546 818 8
326 877 8
361 662 8
845 345 8
852 405 8
99 414 8
709 809 8
426 349 8
494 231 8
799 762 8
345 252 8
612 546 8
635 314 8
706 262 8
591 205 8
684 755 8
809 586 8
498 725 8
462 708 8
406 794 8
575 946 8
578 458 8
951 321 8
564 68 8
347 164 8
958 951 8
810 541 8
992 112 8
703 678 8
33 31 8
670 474 8
710 613 8
770 542 8
399 658 8
444 666 8
674 319 8
454 27 8
51 901 8
344 3 8
575 485 8
554 175 8
167 381 8
524 493 8
829 608 8
205 800 8
15 159 8
926 127 8
315 555 8
280 688 8
329 949 8
198 606 8
859 529 8
599 539 8
164 84 8
172 70 8
49 600 8
822 911 8
918 750 8
32 713 8
783 497 8
103 171 8
969 595 8
969 423 8
143 470 8
430 278 8
42 43 8
256 879 8
143 175 8
591 901 8
640 474 8
833 405 8
651 50 8
929 489 8
82 732 8
628 389 8
905 982 8
653 28 8
77 377 8
365 248 8
910 843 8
973 716 8
208 112 8
459 661 8
806 438 8
772 637 8
663 756 8
191 358 8
937 764 8
707 710 8
372 151 8
458 132 8
667 830 8
217 319 8
585 129 8
385 135 8
537 179 8
233 488 8
142 278 8
511 939 8
724 638 8
719 382 8
467 780 8
233 369 8
859 812 8
913 557 8
67 942 8
601 341 8
937 183 8
858 794 8
962 120 8
260 12 8
720 816 8
455 252 8
643 121 8
851 428 8
691 178 8
168 311 8
785 836 8
37 330 8
961 591 8
945 114 8
193 799 8
276 204 8
248 615 8
190 411 8
386 905 8
533 685 8
17 282 8
267 577 8
52 112 8
392 172 8
660 320 8
857 767 8
239 809 8
237 835 8
127 64 8
932 82 8
971 167 8
199 357 8
212 786 8
827 28 8
568 776 8
57 771 8
29 469 8
887 43 8
876 730 8
278 360 8
569 705 8
831 240 8
458 67 8
675 786 8
55 178 8
335 429 8
565 146 8
586 928 8
881 839 8
471 164 8
795 920 8
543 744 8
576 39 8
709 195 8
31 61 8
377 619 8
713 910 8
288 928 8
35 724 8
62 142 8
989 926 8
977 163 8
347 626 8
85 7 8
606 791 8
594 306 8
755 984 8
473 171 8
579 359 8
888 273 8
121 103 8
532 768 8
678 19 8
965 799 8
154 987 8
360 710 8
423 991 8
426 31 8
220 877 8
690 8 8
521 24 8
454 939 8
550 42 8
649 834 8
610 137 8
103 718 8
216 716 8
874 530 8
479 492 8
2 558 8
985 475 8
570 383 8
303 894 8
811 837 8
295 480 8
907 404 8
532 361 8
400 951 8
801 685 8
422 12 8
46 363 8
74 894 8
279 484 8
149 369 8
710 825 8
960 73 8
273 706 8
471 550 8
110 247 8
604 849 8
287 513 8
523 610 8
4 444 8
397 586 8
288 109 8
513 535 8
228 730 8
438 683 8
781 979 8
131 118 8
325 563 8
728 920 8
287 734 8
655 510 8
760 237 8
957 973 8
821 272 8
781 879 8
266 145 8
452 888 8
396 188 8
958 348 8
935 600 8
601 170 8
813 833 8
429 182 8
660 383 8
578 197 8
89 959 8
153 684 8
466 427 8
134 678 8
738 256 8
168 442 8
79 667 8
496 886 8
45 689 8
90 579 8
112 149 8
47 578 8
489 589 8
820 507 8
293 531 8
254 213 8
308 99 8
402 113 8
619 763 8
880 124 8
708 404 8
484 287 8
347 316 8
495 594 8
58 620 8
9 61 8
18 837 8
738 616 8
432 499 8
697 663 8
3 990 8
667 97 8
732 362 8
398 2 8
753 9 8
997 795 8
241 96 8
723 615 8
579 854 8
419 926 8
474 445 8
801 166 8
266 53 8
49 364 8
390 568 8
134 244 8
891 541 8
373 403 8
853 65 8
406 557 8
107 972 8
694 669 8
903 508 8
394 594 8
562 135 8
294 484 8
204 16 8
251 825 8
811 576 8
108 734 8
67 933 8
759 189 8
239 516 8
302 911 8
15 668 8
299 862 8
424 853 8
864 561 8
515 17 8
655 620 8
759 93 8
367 767 8
566 242 8
764 523 8
823 470 8
317 157 8
859 902 8
757 486 8
610 110 8
433 130 8
734 197 8
121 549 8
766 326 8
59 410 8
864 304 8
921 334 8
760 993 8
839 52 8
837 868 8
942 347 8
527 860 8
573 569 8
822 489 8
465 296 8
660 504 8
199 576 8
906 244 8
812 88 8
118 573 8
623 836 8
325 497 8
7 530 8
519 41 8
357 862 8
243 681 8
910 172 8
809 578 8
432 184 8
787 559 8
630 285 8
4 52 8
171 183 8
571 716 8
257 189 8
659 267 8
124 401 8
359 437 8
443 529 8
666 187 8
638 24 8
642 335 8
508 11 8
199 444 8
584 300 8
558 515 8
54 940 8
516 966 8
875 772 8
499 139 8
635 806 8
898 139 8
473 2 8
360 688 8
542 702 8
246 172 8
841 174 8
372 16 8
881 926 8
996 528 8
871 353 8
170 55 8
834 796 8
237 839 8
244 311 8
964 9 8
807 727 8
650 24 8
238 913 8
592 708 8
256 238 8
701 18 8
508 958 8
289 50 8
120 890 8
893 785 8
183 591 8
497 852 8
138 281 8
491 200 8
686 853 8
295 829 8
640 242 8
443 2 8
994 540 8
621 629 8
838 324 8
816 846 8
673 6 8
201 659 8
318 584 8
36 248 8
506 200 8
71 785 8
981 750 8
935 848 8
729 598 8
423 594 8
964 924 8
868 960 8
85 357 8
86 969 8
426 680 8
364 244 8
595 31 8
161 279 8
572 540 8
827 728 8
614 120 8
50 446 8
531 88 8
740 354 8
278 608 8
445 199 8
991 498 8
703 222 8
757 934 8
396 807 8
163 708 8
511 379 8
238 659 8
500 250 8
973 31 8
614 178 8
38 16 8
999 482 8
57 562 8
423 98 8
296 801 8
844 850 8
129 113 8
685 301 8
825 890 8
906 509 8
618 793 8
500 461 8
215 489 8
577 301 8
727 977 8
566 203 8
823 387 8
103 397 8
510 20 8
33 556 8
639 584 8
911 423 8
838 340 8
865 145 8
181 874 8
454 6 8
715 900 8
458 68 8
398 19 8
7 747 8
233 95 8
412 462 8
987 94 8
698 840 8
447 752 8
9 202 8
354 242 8
838 586 8
259 746 8
864 491 8
627 408 8
372 479 8
108 38 8
349 727 8
840 329 8
603 280 8
0 23 8
58 99 8
408 481 8
667 981 8
812 802 8
133 500 8
970 448 8
187 458 8
279 153 8
173 703 8
657 399 8
494 866 8
949 76 8
606 903 8
717 958 8
350 51 8
632 490 8
869 282 8
283 785 8
154 144 8
203 346 8
945 660 8
482 527 8
238 896 8
394 732 8
921 148 8
710 342 8
5 894 8
841 305 8
564 432 8
690 148 8
804 808 8
555 738 8
831 642 8
347 590 8
430 476 8
825 528 8
561 464 8
587 549 8
527 513 8
222 260 8
574 571 8
28 146 8
675 472 8
299 391 8
790 988 8
54 232 8
933 945 8
540 835 8
608 959 8
268 373 8
698 851 8
455 321 8
557 115 8
136 802 8
986 289 8
116 99 8
597 993 8
398 883 8
903 779 8
22 782 8
975 465 8
36 641 8
923 835 8
618 479 8
457 798 8
504 53 8
319 741 8
767 292 8
108 238 8
312 151 8
642 399 8
241 778 8
36 218 8
357 293 8
230 871 8
106 942 8
157 877 8
818 563 8
785 254 8
95 109 8
680 728 8
790 271 8
360 830 8
820 771 8
786 704 8
439 661 8
247 929 8
971 879 8
680 814 8
66 949 8
915 821 8
634 499 8
997 75 8
712 627 8
553 176 8
530 186 8
843 694 8
482 268 8
536 874 8
445 514 8
927 164 8
503 953 8
404 456 8
920 531 8
563 886 8
212 587 8
843 239 8
30 705 8
312 773 8
971 449 8
439 632 8
654 961 8
987 977 8
80 569 8
992 661 8
271 331 8
103 559 8
705 853 8
772 835 8
719 488 8
108 211 8
792 604 8
737 866 8
619 445 8
633 959 8
861 274 8
224 889 8
219 136 8
564 930 8
147 702 8
913 906 8
429 245 8
681 573 8
887 793 8
852 361 8
177 96 8
824 652 8
488 491 8
23 831 8
827 128 8
396 272 8
208 718 8
181 697 8
876 311 8
946 770 8
407 85 8
656 441 8
883 519 8
998 953 8
458 345 8
463 412 8
281 212 8
935 1000 8
810 594 8
642 568 8
382 454 8
101 408 8
559 539 8
96 34 8
639 272 8
681 870 8
540 36 8
58 711 8
604 301 8
567 155 8
621 382 8
508 396 8
608 508 8
536 698 8
710 905 8
129 894 8
599 203 8
422 19 8
431 917 8
532 407 8
939 492 8
267 12 8
754 398 8
94 182 8
186 248 8
387 213 8
852 270 8
17 135 8
718 184 8
80 837 8
702 233 8
810 177 8
877 714 8
732 969 8
658 307 8
911 536 8
563 92 8
536 970 8
452 163 8
814 207 8
640 918 8
997 612 8
284 885 8
294 661 8
308 203 8
155 493 8
239 615 8
138 67 8
405 18 8
68 905 8
924 82 8
338 226 8
880 821 8
323 504 8
224 255 8
748 927 8
704 966 8
935 894 8
649 377 8
143 641 8
690 349 8
122 908 8
180 283 8
698 325 8
306 910 8
446 861 8
190 932 8
801 99 8
788 236 8
240 681 8
892 671 8
735 245 8
15 9 8
867 293 8
150 31 8
923 484 8
154 168 8
966 70 8
448 670 8
879 877 8
586 624 8
202 629 8
553 194 8
449 671 8
592 295 8
955 939 8
895 123 8
445 480 8
585 161 8
621 995 8
381 23 8
504 298 8
319 123 8
836 308 8
947 508 8
885 535 8
623 557 8
994 553 8
544 968 8
373 207 8
473 224 8
549 164 8
551 798 8
223 989 8
891 20 8
867 199 8
653 18 8
226 980 8
791 780 8
346 341 8
357 636 8
593 884 8
555 933 8
994 659 8
871 266 8
221 3 8
215 979 8
474 659 8
956 738 8
78 960 8
386 914 8
106 705 8
159 831 8
293 391 8
790 593 8
871 218 8
342 783 8
96 635 8
60 750 8
623 535 8
856 426 8
921 612 8
826 597 8
780 658 8
755 585 8
789 568 8
731 309 8
269 212 8
307 654 8
496 948 8
401 126 8
679 654 8
621 314 8
594 213 8
958 979 8
975 72 8
196 132 8
372 742 8
739 751 8
296 339 8
216 893 8
246 7 8
865 828 8
862 949 8
321 605 8
618 267 8
408 641 8
363 552 8
602 628 8
790 284 8
735 192 8
859 581 8
194 714 8
665 127 8
904 979 8
939 368 8
343 261 8
313 117 8
295 993 8
29 235 8
981 862 8
577 987 8
387 971 8
374 754 8
357 300 8
851 283 8
221 985 8
248 779 8
267 575 8
499 580 8
362 702 8
693 32 8
414 310 8
477 565 8
67 655 8
841 130 8
258 609 8
430 983 8
637 351 8
672 519 8
710 37 8
385 299 8
794 992 8
351 416 8
760 111 8
527 475 8
261 382 8
342 883 8
620 550 8
929 296 8
96 89 8
861 381 8
8 694 8
90 189 8
284 681 8
157 244 8
891 142 8
167 895 8
778 642 8
299 391 8
709 540 8
920 58 8
755 358 8
370 599 8
255 452 8
870 434 8
880 727 8
382 83 8
693 891 8
712 252 8
694 583 8
125 438 8
214 966 8
63 198 8
550 61 8
418 182 8
301 165 8
182 245 8
511 92 8
96 378 8
253 240 8
408 782 8
26 919 8
220 584 8
76 621 8
843 958 8
895 115 8
159 916 8
984 33 8
492 30 8
72 751 8
654 541 8
544 657 8
895 148 8
195 815 8
9 109 8
900 471 8
497 383 8
122 653 8
888 973 8
647 712 8
327 875 8
473 187 8
521 345 8
780 150 8
76 212 8
89 565 8
103 517 8
409 725 8
224 938 8
163 140 8
339 618 8
854 379 8
892 384 8
256 306 8
919 980 8
101 353 8
6 428 8
14 269 8
350 758 8
262 231 8
806 405 8
147 592 8
0 869 8
667 553 8
471 343 8
752 855 8
470 417 8
43 483 8
32 134 8
751 839 8
758 56 8
450 145 8
826 124 8
479 456 8
398 454 8
500 746 8
141 251 8
98 4 8
989 652 8
250 686 8
545 435 8
129 298 8
382 670 8
351 952 8
16 785 8
528 912 8
275 931 8
162 186 8
912 356 8
810 322 8
539 374 8
959 272 8
224 717 8
212 266 8
77 491 8
370 797 8
783 238 8
828 754 8
528 221 8
236 458 8
949 512 8
311 56 8
247 555 8
912 683 8
378 185 8
646 644 8
120 396 8
714 227 8
888 950 8
260 622 8
781 99 8
24 502 8
29 754 8
118 113 8
283 819 8
469 231 8
509 902 8
952 974 8
480 506 8
269 689 8
704 165 8
303 186 8
457 945 8
492 213 8
210 195 8
798 487 8
932 326 8
60 995 8
532 134 8
506 109 8
132 57 8
435 73 8
92 345 8
29 423 8
301 563 8
371 808 8
757 50 8
564 684 8
555 243 8
360 571 8
259 933 8
124 540 8
126 687 8
808 282 8
227 914 8
444 509 8
743 654 8
62 740 8
32 13 8
636 653 8
630 514 8
949 60 8
97 992 8
957 318 8
625 940 8
811 237 8
405 829 8
373 488 8
117 142 8
838 932 8
176 461 8
286 764 8
431 645 8
479 538 8
856 970 8
70 379 8
857 958 8
486 846 8
154 839 8
681 931 8
490 46 8
516 752 8
70 727 8
989 105 8
812 943 8
969 990 8
918 49 8
393 40 8
317 883 8
419 529 8
154 499 8
887 988 8
403 914 8
775 732 8
989 877 8
536 272 8
448 881 8
107 857 8
266 197 8
30 165 8
584 492 8
201 118 8
173 200 8
53 350 8
778 887 8
742 85 8
140 463 8
552 356 8
384 389 8
300 580 8
944 741 8
97 562 8
887 665 8
336 125 8
287 451 8
957 472 8
825 104 8
406 448 8
350 966 8
846 932 8
282 126 8
640 505 8
172 109 8
24 168 8
827 840 8
620 360 8
869 826 8
153 840 8
47 74 8
485 776 8
813 343 8
540 683 8
363 507 8
99 362 8
914 733 8
695 591 8
660 603 8
366 458 8
972 330 8
34 126 8
474 46 8
504 635 8
459 193 8
100 668 8
416 816 8
24 697 8
132 222 8
693 716 8
386 116 8
240 167 8
585 647 8
10 479 8
584 922 8
466 554 8
873 990 8
620 723 8
761 72 8
152 251 8
729 242 8
369 295 8
912 616 8
896 638 8
761 752 8
712 271 8
117 843 8
185 783 8
547 849 8
226 929 8
960 189 8
93 610 8
10 711 8
890 146 8
275 670 8
845 606 8
408 763 8
288 337 8
781 257 8
556 244 8
619 172 8
247 21 8
303 145 8
804 600 8
331 248 8
838 98 8
736 860 8
630 314 8
211 857 8
986 812 8
609 381 8
142 297 8
587 972 8
786 43 8
875 649 8
202 109 8
256 824 8
885 771 8
680 882 8
998 714 8
128 603 8
883 341 8
929 776 8
491 580 8
485 611 8
589 139 8
384 377 8
326 526 8
798 280 8
288 494 8
312 793 8
435 771 8
228 635 8
925 234 8
7 276 8
727 708 8
751 136 8
225 872 8
803 529 8
553 317 8
431 185 8
689 288 8
860 589 8
725 467 8
848 495 8
163 781 8
790 82 8
226 844 8
576 686 8
179 355 8
514 345 8
322 95 8
494 532 8
552 185 8
305 952 8
522 508 8
469 203 8
345 494 8
590 619 8
918 184 8
152 342 8
667 671 8
524 4 8
493 956 8
195 572 8
628 685 8
139 585 8
207 21 8
992 118 8
919 471 8
468 906 8
640 479 8
346 823 8
525 323 8
789 742 8
591 982 8
348 431 8
36 568 8
914 177 8
294 574 8
165 918 8
654 536 8
858 231 8
695 627 8
214 689 8
438 152 8
98 768 8
177 568 8
496 401 8
116 132 8
183 319 8
363 196 8
297 823 8
858 618 8
623 854 8
131 868 8
428 511 8
311 752 8
892 809 8
791 941 8
143 253 8
910 277 8
43 541 8
397 408 8
884 595 8
847 975 8
263 324 8
46 698 8
221 808 8
301 570 8
842 271 8
632 626 8
133 538 8
54 8 8
791 627 8
507 722 8
686 70 8
479 353 8
665 733 8
315 821 8
623 311 8
993 619 8
490 542 8
786 284 8
111 847 8
13 893 8
649 907 8
667 269 8
414 193 8
443 381 8
904 439 8
656 3 8
359 195 8
877 961 8
707 536 8
281 622 8
285 170 8
480 370 8
352 774 8
987 299 8
715 221 8
200 84 8
837 888 8
707 267 8
415 976 8
831 714 8
688 225 8
867 520 8
520 26 8
315 309 8
593 184 8
588 498 8
995 197 8
431 298 8
560 329 8
73 954 8
283 503 8
979 1 8
541 395 8
960 469 8
773 869 8
748 303 8
437 575 8
555 833 8
337 258 8
20 682 8
726 333 8
985 979 8
434 206 8
279 932 8
531 909 8
107 363 8
332 658 8
238 649 8
242 90 8
253 424 8
949 542 8
24 882 8
196 787 8
128 988 8
63 937 8
930 381 8
154 257 8
823 681 8
104 451 8
313 634 8
453 265 8
789 346 8
309 962 8
965 674 8
840 769 8
598 830 8
662 871 8
840 254 8
423 972 8
151 184 8
345 211 8
954 575 8
380 705 8
430 282 8
888 985 8
981 866 8
450 871 8
392 98 8
675 777 8
36 775 8
407 50 8
343 607 8
195 184 8
971 2 8
24 423 8
475 401 8
23 526 8
274 985 8
887 447 8
822 484 8
253 454 8
6 535 8
161 613 8
756 236 8
257 21 8
97 261 8
552 20 8
418 730 8
201 377 8
36 280 8
64 4 8
285 735 8
683 525 8
950 93 8
961 447 8
746 9 8
635 915 8
885 126 8
78 902 8
977 458 8
653 787 8
450 365 8
763 33 8
265 40 8
403 45 8
100 339 8
969 397 8
217 452 8
724 139 8
888 699 8
618 254 8
328 178 8
454 934 8
960 244 8
314 881 8
960 285 8
649 11 8
543 605 8
228 126 8
86 556 8
293 601 8
212 774 8
158 305 8
296 782 8
3 547 8
272 44 8
362 837 8
141 890 8
45 149 8
476 208 8
808 898 8
46 129 8
852 685 8
16 341 8
466 984 8
301 305 8
221 744 8
205 455 8
685 3 8
903 824 8
58 219 8
743 492 8
125 602 8
826 751 8
613 565 8
679 842 8
104 523 8
463 585 8
780 885 8
793 403 8
865 382 8
43 585 8
898 556 8
535 654 8
264 325 8
830 112 8
516 246 8
370 338 8
127 551 8
923 515 8
249 401 8
376 922 8
34 678 8
729 709 8
65 350 8
302 936 8
240 683 8
273 705 8
942 496 8
586 617 8
698 383 8
590 656 8
570 126 8
628 90 8
191 823 8
690 408 8
455 474 8
803 977 8
62 291 8
539 585 8
581 430 8
146 358 8
568 386 8
391 975 8
965 147 8
35 923 8
480 558 8
371 354 8
41 879 8
389 999 8
94 792 8
323 759 8
616 724 8
471 752 8
527 371 8
123 97 8
345 529 8
815 246 8
545 419 8
449 966 8
321 798 8
176 840 8
959 299 8
885 399 8
884 756 8
581 69 8
803 848 8
520 653 8
948 279 8
5 588 8
141 26 8
359 300 8
892 879 8
528 349 8
505 361 8
146 312 8
388 35 8
697 459 8
797 643 8
739 100 8
330 447 8
284 780 8
68 776 8
447 42 8
401 399 8
182 836 8
484 898 8
383 66 8
713 491 8
193 808 8
979 477 8
388 169 8
674 467 8
952 950 8
951 354 8
333 842 8
986 434 8
499 750 8
75 343 8
710 815 8
409 247 8
794 25 8
821 90 8
527 156 8
279 684 8
513 776 8
775 936 8
287 864 8
64 602 8
152 64 8
826 893 8
946 82 8
701 511 8
870 719 8
231 645 8
231 301 8
532 530 8
357 979 8
694 199 8
994 294 8
33 762 8
727 292 8
738 84 8
836 420 8
257 9 8
934 359 8
109 885 8
170 181 8
480 147 8
11 275 8
310 868 8
20 391 8
115 749 8
100 223 8
653 181 8
594 412 8
992 547 8
512 461 8
323 608 8
41 242 8
643 495 8
295 618 8
478 563 8
50 850 8
595 576 8
126 657 8
167 579 8
568 927 8
302 681 8
651 918 8
25 405 8
147 579 8
340 536 8
616 795 8
854 955 8
863 37 8
219 710 8
111 939 8
268 232 8
952 901 8
29 828 8
30 725 8
62 258 8
258 647 8
857 245 8
119 316 8
86 970 8
701 829 8
332 224 8
679 180 8
638 531 8
159 773 8
545 746 8
702 635 8
406 619 8
20 174 8
154 262 8
996 705 8
918 766 8
315 665 8
236 275 8
135 202 8
641 663 8
515 609 8
172 486 8
773 447 8
966 950 8
107 193 8
730 99 8
388 303 8
363 593 8
424 541 8
997 206 8
538 484 8
186 236 8
392 746 8
697 444 8
563 671 8
676 36 8
574 865 8
903 89 8
162 397 8
655 532 8
77 654 8
148 416 8
172 496 8
779 55 8
276 823 8
466 403 8
224 864 8
917 651 8
137 241 8
126 649 8
909 77 8
392 635 8
878 564 8
393 247 8
455 19 8
637 881 8
348 933 8
464 607 8
746 524 8
695 217 8
835 256 8
462 928 8
50 834 8
634 961 8
23 595 8
853 356 8
561 693 8
362 893 8
405 750 8
885 220 8
537 348 8
526 949 8
884 862 8
251 828 8
400 709 8
273 299 8
932 737 8
840 592 8
562 322 8
56 23 8
600 863 8
317 885 8
967 812 8
887 509 8
189 122 8
231 986 8
741 732 8
813 472 8
270 500 8
589 980 8
819 567 8
9 458 8
9 784 8
340 514 8
741 688 8
877 479 8
226 649 8
522 542 8
770 901 8
177 797 8
597 660 8
250 288 8
192 656 8
335 323 8
52 382 8
856 411 8
293 833 8
601 405 8
86 401 8
453 219 8
136 470 8
748 318 8
410 713 8
914 142 8
137 62 8
770 655 8
512 557 8
287 672 8
445 724 8
843 550 8
954 886 8
665 939 8
508 632 8
619 257 8
971 149 8
602 725 8
176 602 8
724 414 8
861 846 8
919 660 8
194 697 8
915 470 8
497 606 8
760 191 8
967 224 8
45 830 8
877 133 8
650 67 8
923 788 8
360 418 8
983 247 8
14 797 8
632 364 8
337 807 8
879 470 8
169 982 8
311 977 8
786 922 8
2 948 8
450 263 8
412 521 8
390 262 8
970 839 8
648 646 8
244 619 8
80 97 8
636 670 8
998 608 8
304 584 8
148 48 8
269 680 8
814 204 8
425 21 8
176 684 8
454 144 8
167 144 8
830 444 8
844 207 8
213 128 8
629 616 8
599 57 8
752 765 8
207 398 8
5 596 8
340 941 8
401 889 8
163 143 8
876 887 8
530 574 8
91 842 8
69 142 8
694 658 8
709 355 8
418 959 8
388 669 8
63 517 8
3 542 8
38 130 8
238 638 8
393 311 8
347 758 8
143 43 8
616 784 8
623 978 8
166 404 8
206 551 8
585 697 8
673 148 8
941 985 8
285 853 8
865 238 8
875 557 8
816 610 8
576 260 8
761 921 8
250 404 8
69 877 8
550 634 8
430 802 8
529 905 8
877 136 8
854 446 8
330 755 8
887 579 8
886 622 8
453 570 8
703 779 8
689 600 8
123 761 8
263 466 8
315 370 8
373 716 8
298 624 8
848 707 8
442 493 8
862 807 8
12 351 8
269 627 8
80 129 8
359 559 8
972 553 8
32 227 8
685 322 8
901 1 8
787 626 8
701 546 8
902 869 8
596 529 8
862 725 8
48 395 8
615 173 8
445 908 8
545 149 8
958 610 8
650 62 8
413 430 8
643 212 8
636 941 8
223 611 8
659 225 8
630 143 8
734 807 8
819 946 8
331 791 8
482 899 8
973 421 8
430 363 8
349 965 8
288 951 8
28 58 8
605 74 8
526 803 8
38 529 8
998 843 8
349 341 8
932 715 8
289 492 8
864 126 8
223 264 8
569 980 8
580 928 8
263 807 8
153 334 8
123 198 8
727 142 8
503 770 8
94 982 8
788 234 8
509 881 8
490 413 8
339 102 8
198 763 8
351 550 8
7 362 8
651 913 8
380 284 8
812 487 8
843 624 8
187 447 8
725 731 8
98 767 8
873 584 8
338 813 8
659 866 8
312 685 8
621 547 8
831 719 8
898 741 8
352 705 8
747 753 8
886 743 8
895 226 8
684 474 8
928 968 8
8 610 8
740 740 8
779 117 8
430 976 8
248 903 8
271 498 8
961 55 8
847 859 8
992 266 8
236 82 8
599 491 8
624 116 8
305 399 8
900 707 8
140 724 8
24 362 8
810 909 8
839 560 8
185 679 8
904 244 8
572 638 8
593 702 8
153 43 8
221 468 8
577 40 8
502 540 8
726 920 8
497 199 8
508 640 8
432 533 8
331 842 8
700 710 8
830 840 8
53 247 8
613 12 8
452 495 8
266 756 8
547 389 8
501 997 8
87 500 8
208 664 8
578 522 8
139 85 8
435 400 8
115 814 8
715 381 8
739 248 8
438 897 8
869 820 8
253 895 8
307 187 8
550 194 8
486 226 8
329 299 8
304 278 8
520 316 8
210 48 8
370 59 8
12 630 8
42 875 8
377 895 8
415 719 8
231 646 8
489 113 8
785 472 8
80 627 8
472 909 8
50 556 8
545 844 8
475 898 8
839 687 8
428 804 8
716 640 8
876 514 8
762 940 8
197 603 8
361 16 8
945 827 8
457 367 8
811 82 8
320 969 8
759 400 8
842 774 8
237 918 8
238 329 8
425 971 8
669 429 8
395 124 8
797 944 8
710 160 8
585 774 8
728 600 8
185 792 8
86 59 8
877 332 8
682 168 8
716 975 8
284 112 8
767 835 8
780 859 8
761 787 8
595 171 8
712 155 8
947 684 8
923 791 8
908 50 8
966 700 8
488 225 8
0 989 8
365 280 8
569 689 8
488 805 8
600 65 8
193 555 8
989 845 8
660 79 8
699 810 8
747 801 8
426 46 8
509 797 8
605 784 8
528 502 8
231 286 8
207 753 8
154 740 8
850 667 8
808 9 8
787 910 8
911 997 8
321 143 8
321 786 8
715 771 8
187 248 8
654 865 8
848 774 8
521 516 8
372 986 8
855 248 8
319 784 8
447 812 8
181 846 8
17 130 8
939 612 8
414 684 8
786 280 8
472 657 8
785 755 8
142 570 8
947 979 8
857 767 8
522 219 8
190 673 8
921 109 8
483 21 8
332 953 8
564 780 8
637 343 8
553 723 8
537 579 8
37 735 8
689 859 8
371 868 8
392 947 8
751 644 8
540 818 8
452 488 8
316 72 8
381 266 8
511 962 8
616 60 8
420 852 8
639 669 8
814 629 8
276 558 8
542 501 8
180 271 8
2 290 8
553 758 8
419 924 8
481 334 8
725 576 8
553 383 8
360 348 8
975 24 8
958 990 8
733 883 8
367 250 8
625 414 8
708 262 8
924 956 8
821 541 8
593 315 8
506 160 8
881 112 8
150 747 8
752 224 8
676 615 8
575 696 8
297 543 8
707 469 8
813 656 8
929 99 8
560 75 8
555 435 8
913 723 8
539 132 8
740 982 8
158 700 8
966 610 8
703 930 8
928 320 8
798 767 8
379 256 8
83 930 8
829 133 8
842 106 8
304 406 8
650 27 8
387 385 8
8 313 8
966 173 8
259 827 8
356 535 8
514 430 8
808 772 8
111 380 8
624 981 8
489 374 8
318 342 8
429 664 8
670 843 8
934 428 8
782 744 8
544 208 8
122 201 8
774 725 8
325 298 8
278 474 8
912 51 8
759 407 8
516 73 8
752 911 8
794 937 8
764 239 8
598 140 8
296 742 8
496 826 8
639 679 8
209 413 8
416 733 8
564 437 8
327 934 8
733 319 8
773 179 8
861 106 8
671 677 8
173 620 8
572 408 8
769 923 8
289 484 8
262 997 8
200 766 8
214 808 8
471 920 8
392 897 8
246 728 8
137 661 8
4 246 8
973 480 8
46 459 8
350 688 8
945 459 8
167 446 8
267 580 8
949 526 8
30 506 8
140 304 8
962 25 8
432 345 8
252 529 8
790 158 8
504 653 8
828 479 8
208 515 8
799 683 8
829 377 8
107 873 8
588 530 8
21 362 8
616 358 8
133 595 8
701 461 8
563 987 8
423 484 8
634 438 8
641 374 8
495 62 8
311 178 8
410 756 8
878 871 8
382 366 8
106 645 8
388 551 8
819 226 8
690 269 8
748 239 8
185 855 8
230 778 8
215 210 8
914 420 8
587 879 8
445 678 8
834 243 8
299 327 8
130 323 8
49 693 8
648 947 8
931 691 8
345 270 8
258 392 8
2 48 8
853 1 8
523 453 8
827 466 8
858 752 8
733 811 8
841 105 8
234 600 8
574 185 8
962 261 8
727 169 8
142 1 8
184 745 8
13 984 8
976 160 8
497 2 8
186 188 8
892 4 8
964 649 8
578 746 8
159 553 8
948 827 8
909 624 8
751 67 8
222 710 8
990 180 8
348 692 8
274 875 8
834 82 8
110 56 8
274 771 8
618 401 8
561 241 8
639 174 8
758 151 8
906 616 8
742 17 8
189 285 8
474 546 8
557 250 8
36 207 8
284 687 8
359 556 8
659 58 8
608 361 8
331 568 8
773 885 8
291 314 8
229 682 8
879 263 8
911 985 8
422 277 8
806 377 8
439 620 8
76 835 8
939 761 8
336 33 8
865 825 8
630 249 8
184 84 8
13 618 8
485 465 8
532 690 8
3 306 8
311 75 8
378 12 8
659 636 8
940 607 8
499 139 8
171 34 8
507 726 8
637 624 8
58 257 8
945 864 8
432 112 8
559 481 8
462 265 8
327 329 8
708 680 8
574 824 8
489 65 8
130 393 8
31 709 8
963 751 8
656 307 8
951 733 8
299 489 8
169 862 8
89 413 8
32 685 8
808 746 8
6 277 8
449 54 8
105 573 8
307 891 8
957 630 8
713 59 8
603 218 8
260 364 8
19 98 8
636 146 8
311 249 8
56 938 8
491 72 8
392 748 8
192 681 8
899 676 8
301 889 8
837 977 8
580 980 8
856 243 8
297 189 8
465 44 8
575 558 8
204 137 8
410 891 8
549 908 8
488 848 8
692 449 8
362 207 8
955 94 8
655 792 8
109 911 8
911 837 8
471 366 8
693 906 8
585 354 8
441 403 8
215 900 8
978 246 8
613 38 8
322 883 8
334 542 8
534 697 8
875 607 8
173 204 8
945 140 8
67 990 8
907 673 8
416 429 8
178 105 8
390 710 8
392 110 8
908 834 8
105 878 8
640 534 8
926 78 8
513 541 8
108 296 8
624 602 8
6 723 8
841 969 8
689 233 8
783 789 8
309 389 8
112 411 8
2 186 8
597 434 8
456 371 8
191 856 8
197 455 8
580 359 8
784 899 8
92 632 8
468 45 8
928 740 8
962 858 8
855 829 8
763 153 8
599 403 8
42 503 8
102 713 8
244 269 8
61 101 8
746 411 8
997 592 8
582 785 8
308 417 8
772 393 8
74 752 8
617 188 8
960 982 8
355 576 8
380 767 8
561 749 8
815 203 8
399 753 8
635 472 8
396 883 8
25 879 8
624 536 8
873 572 8
526 490 8
909 533 8
82 853 8
42 918 8
755 291 8
589 779 8
616 533 8
350 932 8
175 562 8
854 193 8
597 818 8
171 252 8
348 772 8
825 299 8
633 51 8
43 917 8
524 193 8
831 228 8
517 172 8
81 523 8
924 382 8
76 894 8
902 447 8
465 957 8
287 370 8
84 956 8
979 962 8
807 335 8
80 536 8
339 803 8
134 86 8
720 909 8
666 522 8
421 384 8
944 191 8
70 898 8
66 940 8
786 934 8
416 241 8
208 374 8
189 574 8
340 764 8
285 252 8
883 969 8
178 138 8
744 40 8
716 689 8
818 65 8
895 456 8
608 891 8
996 362 8
885 420 8
557 29 8
44 597 8
613 909 8
423 225 8
522 301 8
738 371 8
10 486 8
14 25 8
906 68 8
136 292 8
433 325 8
124 712 8
88 343 8
669 995 8
425 896 8
404 604 8
955 221 8
670 214 8
278 921 8
250 298 8
640 154 8
920 412 8
640 193 8
95 3 8
911 868 8
448 594 8
577 976 8
156 143 8
444 542 8
661 515 8
319 915 8
312 155 8
237 277 8
825 902 8
256 190 8
742 787 8
186 44 8
972 116 8
275 324 8
447 54 8
283 593 8
907 138 8
841 87 8
990 793 8
254 124 8
28 124 8
51 625 8
517 582 8
186 890 8
545 757 8
464 141 8
30 209 8
632 453 8
36 995 8
413 231 8
601 933 8
440 183 8
433 983 8
184 342 8
568 280 8
726 838 8
346 330 8
89 668 8
275 316 8
644 959 8
953 528 8
634 523 8
229 126 8
302 411 8
654 326 8
86 875 8
612 360 8
195 261 8
699 864 8
684 635 8
