1000
88 694
840 864
81 620
510 694
645 760
77 4
991 558
800 952
345 86
296 139
381 366
55 553
119 705
467 399
442 943
689 654
871 257
566 933
721 932
687 213
134 113
598 680
111 160
343 663
674 486
984 834
627 538
117 325
543 728
668 417
224 460
421 143
8 505
118 357
137 935
171 337
268 151
951 298
94 268
487 8
961 213
508 333
661 72
913 740
511 934
563 38
274 754
241 361
550 474
832 749
785 318
374 677
412 926
825 163
417 377
299 252
810 779
720 918
147 792
615 179
811 400
903 111
776 285
254 858
327 531
676 900
545 874
283 866
430 732
831 536
163 563
522 68
219 976
553 777
686 748
656 333
996 924
119 291
497 497
857 903
9 869
26 900
998 538
994 942
506 158
374 111
111 393
775 523
42 836
290 287
542 204
244 110
268 41
805 33
596 466
351 171
738 768
153 749
122 460
854 325
949 560
405 144
377 878
97 426
193 458
864 361
131 736
68 404
619 229
395 646
279 407
120 590
319 22
472 396
290 594
7 470
830 859
611 444
663 230
579 949
789 153
562 40
114 847
861 529
533 41
864 330
366 738
594 938
240 193
148 402
354 379
301 312
106 257
620 322
197 172
888 54
306 689
446 417
598 74
486 366
491 713
341 517
249 553
992 712
589 459
466 751
429 146
557 189
578 240
939 174
213 795
603 397
973 811
486 115
337 692
272 122
253 564
199 887
696 47
370 794
992 530
402 462
839 994
648 90
476 257
27 348
616 879
377 587
591 257
534 103
611 831
302 514
602 191
317 145
931 714
448 564
439 558
25 237
163 319
555 554
24 420
475 405
276 409
519 438
190 514
365 653
486 973
499 904
645 361
505 632
959 561
117 643
382 554
136 667
350 590
423 925
422 404
886 450
152 191
797 340
575 736
455 881
665 407
488 965
445 924
988 945
708 265
778 882
166 297
619 295
927 446
607 900
636 753
473 557
429 393
705 672
979 970
814 499
259 847
611 937
87 397
546 660
145 972
266 586
873 79
559 93
506 197
49 206
728 77
969 763
792 601
529 37
349 946
713 91
106 44
195 315
200 985
451 704
945 148
114 53
843 406
16 746
589 598
760 268
40 704
630 898
664 10
690 204
483 490
104 325
793 972
452 900
128 399
129 785
73 7
109 649
409 476
831 249
948 69
920 253
145 691
458 25
667 597
787 719
997 367
472 782
721 951
493 232
106 266
360 614
379 765
917 137
59 527
227 515
142 903
991 892
533 72
427 623
869 275
963 162
916 936
476 297
873 619
607 844
143 100
147 720
314 908
98 889
491 957
384 18
669 693
458 737
461 805
564 472
185 196
930 374
769 357
806 918
54 248
441 999
253 916
24 472
633 35
848 789
715 129
910 976
60 340
225 504
352 891
684 994
879 331
716 945
245 203
26 169
935 537
9 469
348 290
393 131
812 956
821 297
81 276
930 539
127 440
194 443
517 617
337 380
547 517
542 501
638 934
816 912
949 229
894 228
601 907
432 304
426 868
231 967
937 316
28 497
978 703
707 727
631 816
795 52
350 322
179 407
175 140
85 206
969 862
697 688
762 593
346 918
66 357
939 973
728 612
479 118
358 91
536 97
967 544
627 642
62 672
155 29
400 151
224 257
240 615
658 682
147 620
697 76
777 489
990 839
568 919
691 190
564 174
874 634
481 804
710 706
20 983
716 245
981 136
698 454
887 358
165 286
163 265
764 711
956 594
219 682
332 65
880 787
207 602
652 845
408 296
820 957
814 677
78 495
256 288
956 301
720 520
47 93
831 921
937 519
441 120
539 751
756 387
579 710
855 374
950 620
939 485
161 688
920 343
323 335
739 958
418 531
939 350
873 345
725 10
678 695
719 892
936 663
211 519
906 948
837 348
746 912
396 284
462 841
430 975
140 763
498 888
586 85
165 592
762 493
502 577
599 917
754 135
416 78
828 951
172 401
694 571
313 77
18 787
565 774
758 616
782 976
881 984
732 149
773 585
471 378
911 523
486 387
338 573
806 226
629 568
72 954
116 505
544 867
457 319
557 346
714 273
688 331
137 872
843 279
604 542
821 28
710 854
454 727
898 254
141 925
825 884
651 823
242 600
879 582
873 661
551 239
572 231
427 178
664 392
43 955
89 274
462 880
449 658
906 167
523 389
384 996
79 174
448 875
97 658
839 571
118 973
590 74
900 859
510 97
929 742
514 888
989 58
813 607
949 550
126 489
75 773
858 427
980 501
61 874
842 916
276 80
976 58
293 355
828 825
559 383
201 904
946 586
967 536
119 332
173 736
838 148
276 689
787 602
227 712
607 170
580 548
445 956
581 134
919 123
95 280
426 664
157 431
874 769
125 830
486 753
15 939
582 951
437 997
114 984
435 593
664 256
817 376
832 444
850 658
534 741
870 162
3 53
963 566
336 394
246 187
999 947
18 876
777 370
194 335
223 667
43 196
796 918
429 522
7 179
333 632
889 719
894 256
780 938
541 276
854 672
381 378
910 316
629 196
570 440
699 817
927 187
25 314
758 990
491 653
498 377
440 438
502 112
987 367
822 924
268 516
105 244
155 565
732 398
756 281
391 508
911 602
165 73
266 369
850 55
469 103
995 952
305 540
899 655
457 570
389 816
980 220
776 814
495 559
774 309
648 617
943 583
292 340
982 378
213 318
281 61
573 142
858 828
516 512
662 758
391 511
768 588
472 875
620 283
676 303
237 571
883 26
895 895
564 763
734 989
710 997
848 958
813 133
743 866
229 127
140 860
793 288
421 162
950 879
78 856
559 69
748 106
168 622
514 729
437 770
920 142
43 378
343 909
302 512
376 159
51 91
843 443
314 724
763 717
581 524
405 165
377 250
300 885
673 892
280 751
871 801
231 716
493 666
453 737
866 583
346 890
524 14
916 430
930 78
666 47
833 66
166 278
376 637
607 961
814 756
816 329
726 475
23 598
842 810
421 992
299 708
838 208
867 585
963 449
492 898
237 505
42 540
295 717
529 978
279 590
373 634
525 804
318 788
610 590
649 33
833 996
655 954
757 121
718 971
110 504
245 599
427 426
347 634
908 932
53 361
740 168
29 669
939 14
12 345
103 328
208 576
5 654
916 154
347 179
9 199
531 86
579 983
851 928
170 713
9 514
223 333
198 915
188 602
955 477
371 822
91 573
143 903
509 185
746 879
38 200
847 530
181 967
977 721
686 429
606 90
741 739
366 703
828 805
742 401
454 701
434 919
655 327
185 190
985 196
111 119
591 967
354 385
375 252
904 748
465 483
247 87
696 457
958 637
962 512
545 503
612 624
305 858
224 39
498 426
796 617
661 264
716 325
2 177
611 209
211 824
535 637
134 415
485 365
309 888
621 169
328 867
517 349
854 959
954 580
526 240
248 626
813 535
466 23
720 600
80 868
779 666
136 320
423 851
756 110
569 767
869 318
864 749
950 863
878 731
32 895
579 915
895 23
142 441
77 199
477 796
321 823
484 561
452 373
635 381
610 786
86 491
793 32
35 351
179 878
577 422
312 719
876 278
919 954
648 284
287 477
790 430
936 839
718 466
638 700
70 137
47 229
885 406
832 761
601 529
80 965
669 987
119 251
1 995
878 415
736 442
366 872
23 958
12 872
310 711
943 151
518 450
878 150
261 57
179 862
166 799
278 768
671 284
9 288
612 360
610 176
900 270
54 591
70 137
675 732
363 257
997 857
500 94
51 7
605 825
273 454
499 411
840 462
509 39
87 28
954 701
804 948
516 456
73 914
721 731
858 341
325 485
988 245
171 749
43 163
921 821
307 62
648 365
89 555
276 84
435 569
963 707
439 804
180 744
273 317
759 226
349 955
989 241
466 755
275 292
39 958
119 105
75 746
348 350
182 625
465 617
49 676
180 619
757 551
586 218
799 168
832 322
636 220
639 113
376 749
145 420
321 253
207 591
390 660
754 481
370 556
459 391
162 76
928 131
350 0
839 638
390 633
174 589
141 54
893 142
410 376
423 285
319 15
760 325
153 941
728 470
183 806
381 628
184 403
633 159
29 614
32 554
166 467
226 908
380 906
626 190
874 142
148 714
215 763
416 701
737 18
366 979
648 569
578 177
284 271
529 390
974 483
799 890
383 653
695 551
291 888
109 37
113 628
106 763
58 318
609 62
764 776
980 211
211 239
150 944
879 498
372 514
394 740
821 985
29 932
230 299
941 210
246 681
12 430
600 610
961 729
981 817
994 292
410 477
367 897
71 28
509 743
107 725
922 24
609 617
667 57
405 410
753 441
21 841
35 522
235 147
257 19
704 672
559 418
65 373
356 27
949 91
658 764
514 523
198 270
595 88
875 85
509 911
839 670
882 90
95 355
12 444
349 457
733 763
558 248
368 511
324 938
596 123
995 338
411 131
949 966
59 722
959 666
365 789
678 94
181 311
106 117
92 478
991 691
616 993
523 882
728 460
61 292
359 861
254 209
24 315
773 986
659 10
486 754
800 964
831 126
409 172
506 885
