1000
544 630
677 932
997 835
803 537
709 802
581 524
949 388
881 21
248 175
773 347
78 474
257 912
601 29
190 480
268 809
965 122
617 729
451 875
927 657
499 418
485 272
230 331
995 938
574 187
703 110
465 809
867 669
830 509
526 940
269 897
518 427
31 610
872 807
184 677
770 958
123 14
452 562
693 723
50 765
41 228
186 61
247 371
832 967
154 563
150 473
145 744
131 718
492 916
879 950
522 981
615 769
236 298
416 933
341 607
854 875
562 175
40 910
997 596
200 949
634 289
359 785
976 43
891 65
858 797
581 218
839 65
103 699
912 593
448 921
337 826
831 693
318 843
427 927
133 646
453 331
73 714
476 839
179 721
112 93
21 159
834 132
25 168
280 936
314 956
371 316
996 1
659 156
302 850
579 410
100 19
567 247
638 46
647 819
377 448
668 428
244 561
257 327
765 524
916 127
259 261
619 524
760 153
556 952
386 623
418 172
301 661
559 224
601 959
42 183
224 593
529 714
87 424
644 973
157 821
571 404
645 592
157 408
454 776
797 707
273 500
433 516
0 889
81 260
540 130
83 198
281 694
690 896
662 432
255 226
77 667
683 642
143 615
115 372
304 73
354 969
820 239
338 362
626 279
983 619
151 727
968 368
739 776
860 375
402 166
871 460
173 969
485 290
756 455
528 856
377 455
889 21
61 418
604 735
331 632
932 580
784 13
940 369
186 332
554 636
566 180
220 915
714 219
546 40
953 305
948 86
835 338
468 319
768 191
343 687
802 176
171 295
931 430
953 502
810 554
951 823
361 970
41 763
767 147
664 941
40 466
662 496
67 441
110 368
580 358
395 76
3 158
571 237
776 145
362 49
776 193
781 883
273 762
925 730
895 745
553 292
242 81
298 912
283 429
110 660
496 505
237 985
759 911
888 849
469 797
416 203
712 99
327 976
967 901
793 39
175 584
930 245
472 23
256 823
329 846
861 264
58 997
908 97
62 847
133 832
3 886
59 775
147 691
28 784
690 36
2 772
562 68
56 253
893 256
87 247
337 876
584 864
580 22
337 19
664 440
736 59
512 683
658 448
666 962
643 219
926 480
56 791
261 965
381 85
362 205
358 366
967 472
677 991
272 863
947 117
76 421
854 766
982 968
563 718
214 791
181 284
634 538
410 317
988 155
837 502
381 156
259 801
30 54
237 0
402 423
46 180
217 711
687 852
252 801
707 813
395 233
532 119
609 588
956 200
664 1000
737 688
775 217
837 827
102 895
527 75
724 658
576 228
113 819
541 251
733 461
185 461
881 376
423 277
188 428
138 4
336 729
243 425
232 84
100 708
561 697
524 659
606 409
470 867
975 631
437 653
656 467
78 638
703 944
79 956
483 337
640 545
129 262
721 488
6 890
909 403
600 654
493 660
468 808
415 778
271 418
476 179
482 315
836 13
436 897
571 515
538 424
721 769
409 214
50 970
47 811
859 573
650 670
713 753
880 902
435 961
122 469
188 596
734 379
197 16
917 785
408 313
338 61
398 346
123 647
585 237
713 606
498 55
698 179
404 78
802 940
620 939
781 376
746 167
884 302
898 123
12 571
757 551
170 956
84 345
891 186
251 512
586 81
577 666
279 399
119 32
110 162
439 131
15 593
845 257
855 256
738 461
844 482
685 149
304 900
564 161
141 882
524 419
925 951
422 727
300 430
272 613
623 50
359 792
684 740
90 255
311 269
90 138
420 657
42 962
477 782
572 657
859 415
417 704
31 198
136 435
194 288
522 961
792 700
471 921
74 982
560 312
912 371
610 414
674 771
738 584
991 862
858 618
377 975
408 117
804 40
747 56
134 490
430 788
791 806
794 199
902 377
181 887
263 685
28 903
15 116
657 721
993 547
232 291
144 808
614 735
84 263
815 164
691 612
791 898
784 851
526 25
510 515
236 850
128 759
682 850
585 753
793 559
125 932
470 796
937 16
139 637
544 598
783 982
902 843
404 377
627 940
32 884
501 875
723 347
398 246
612 190
458 893
474 555
104 935
340 834
415 231
805 729
715 544
466 613
777 250
567 591
39 842
520 466
338 430
342 145
389 716
141 989
259 588
665 946
417 576
524 89
874 808
718 897
433 782
633 494
1 359
821 667
448 90
308 801
511 967
522 637
475 402
865 765
93 33
858 560
797 847
921 413
15 754
290 606
394 333
310 890
854 221
618 788
583 857
405 430
972 95
43 645
609 311
284 626
436 575
864 149
722 910
746 180
147 902
687 204
895 506
809 783
873 442
808 193
112 719
25 270
245 735
892 276
337 749
163 442
679 909
57 886
705 763
373 606
913 596
318 108
652 448
943 486
569 681
427 668
148 872
889 425
584 356
443 847
547 899
287 957
692 447
100 251
189 268
454 98
596 988
300 174
909 767
571 88
874 372
833 679
659 932
514 720
86 522
449 46
32 949
807 554
146 605
247 692
610 426
388 302
317 565
881 941
344 834
17 54
716 724
609 525
408 284
18 198
247 768
83 470
74 887
926 15
290 243
913 974
265 141
773 569
530 921
589 578
320 867
975 860
727 203
976 288
198 383
980 626
633 266
605 771
731 173
939 189
572 340
655 503
618 207
591 17
631 30
828 534
253 889
897 885
883 999
842 540
874 993
495 33
926 98
413 347
808 739
962 445
81 820
826 311
584 80
923 103
347 912
825 285
217 279
430 931
277 954
900 792
654 474
571 687
860 839
247 357
925 720
150 435
297 524
640 519
826 619
67 776
215 302
325 501
492 437
749 832
505 501
293 307
201 957
734 704
445 238
436 777
282 916
716 510
805 870
468 314
402 597
490 214
371 742
880 396
636 628
189 505
773 694
673 766
567 238
370 393
920 488
735 183
221 991
91 649
588 925
485 754
185 363
634 833
58 771
56 16
210 949
244 392
823 586
682 386
851 527
573 780
1000 118
450 263
948 918
284 515
344 437
27 65
770 335
192 48
326 70
603 266
964 85
377 336
589 93
101 849
180 187
734 103
631 348
897 348
988 281
351 860
193 229
729 999
757 412
501 461
52 866
977 418
939 772
857 140
100 123
15 906
803 284
826 217
253 69
468 118
875 776
393 454
503 585
564 972
957 601
40 429
551 86
138 250
58 139
746 368
603 989
528 545
481 3
500 694
110 763
535 91
982 903
430 147
202 845
332 864
6 38
69 31
97 809
173 780
881 529
707 213
70 917
698 80
279 686
984 110
436 144
20 722
849 271
910 898
315 290
732 145
815 184
652 324
481 672
92 547
582 541
751 139
556 737
524 374
273 648
912 365
942 808
624 818
415 539
756 265
903 597
157 722
661 183
156 130
485 691
535 555
62 400
520 87
832 973
300 561
115 826
923 446
188 28
77 905
147 701
495 592
508 949
992 653
796 575
690 38
51 637
265 819
444 424
527 974
756 400
277 619
89 859
855 697
220 692
954 808
318 46
690 8
743 461
865 871
539 183
995 854
656 817
54 71
47 566
871 770
662 987
465 328
100 211
259 628
142 744
308 132
24 983
799 182
195 765
109 32
763 460
280 884
287 661
839 514
150 756
395 549
110 709
958 105
305 189
558 820
402 924
755 533
236 669
245 489
304 903
522 662
197 855
460 660
770 238
270 687
260 670
808 39
253 20
943 54
40 190
784 490
384 545
604 987
756 140
162 560
678 849
748 877
578 143
898 414
955 710
273 842
172 4
62 441
971 332
763 894
731 524
225 890
775 767
150 45
929 97
437 395
373 919
146 279
750 124
497 752
721 185
44 280
273 507
999 872
804 926
538 327
781 252
783 610
859 848
194 568
242 417
878 761
972 381
395 594
787 415
62 174
10 355
388 4
172 541
999 382
846 615
773 388
933 794
420 387
381 166
936 261
179 875
371 542
760 159
259 235
481 813
752 699
786 587
399 706
250 988
74 652
675 798
767 554
805 385
519 181
64 200
667 198
564 150
61 229
248 924
892 942
102 286
436 705
724 581
781 590
261 597
535 199
672 431
810 23
521 77
953 287
942 284
607 367
430 0
499 29
251 640
198 821
157 720
72 354
116 217
400 103
804 191
329 581
708 232
653 75
548 953
7 913
178 524
14 64
340 202
834 13
781 705
813 626
594 994
348 629
358 937
205 730
97 610
191 422
719 421
801 163
82 726
313 677
132 597
692 259
660 830
534 417
640 210
286 475
778 730
74 775
245 760
313 793
496 313
558 479
878 882
393 585
213 810
254 53
159 565
983 212
680 449
387 564
683 511
834 378
808 67
246 135
652 989
276 828
801 121
341 986
70 744
948 724
349 453
217 754
602 489
362 224
516 585
508 745
959 737
805 461
894 383
411 587
659 64
158 550
639 791
920 338
377 839
266 599
536 380
943 234
326 110
646 79
756 458
915 473
213 716
891 976
777 491
97 165
252 554
788 432
932 773
910 238
841 63
137 344
870 936
717 425
848 316
905 514
940 353
547 784
484 224
145 224
100 545
676 647
619 582
893 211
644 129
404 353
88 704
300 102
497 856
