1000
806 515
689 139
396 349
209 901
724 826
621 612
959 67
339 294
972 421
611 912
874 196
747 29
324 923
567 924
305 955
384 533
834 611
913 172
839 121
381 793
281 841
976 881
209 898
358 583
513 466
610 169
1 239
165 227
538 89
575 121
87 605
286 824
491 409
906 526
195 55
605 274
534 181
461 489
515 963
911 465
57 240
921 192
990 294
422 964
267 335
831 743
351 390
231 471
36 968
38 964
627 411
366 28
555 157
131 747
630 406
944 573
717 524
652 878
468 564
4 595
676 844
344 849
339 996
217 830
706 877
264 951
913 240
981 576
814 724
944 176
638 66
486 399
619 899
541 276
158 707
553 69
82 628
581 658
495 411
102 899
433 550
651 322
68 79
380 27
835 966
191 853
416 399
282 980
972 770
594 877
699 844
930 97
252 764
218 221
796 134
551 672
173 745
927 569
728 238
1 328
321 838
965 645
290 703
471 456
752 500
777 939
430 952
905 95
773 715
485 983
883 836
583 385
916 854
731 123
227 518
630 194
127 3
961 286
801 267
169 342
865 329
298 361
880 989
422 802
396 730
703 276
655 570
752 829
374 112
146 951
313 280
908 541
95 389
878 650
852 430
686 150
4 19
449 853
482 296
87 358
356 376
279 14
53 230
908 654
611 223
394 595
388 300
103 20
707 953
822 772
630 39
679 93
322 489
237 388
143 310
915 63
613 610
54 107
615 183
965 629
492 378
631 610
160 610
936 659
406 392
665 765
990 2
448 407
468 773
574 499
913 215
905 821
699 418
214 248
665 507
683 198
871 32
496 64
451 949
837 495
666 44
967 324
214 63
829 426
143 649
24 197
636 674
746 875
155 877
221 887
179 437
777 951
69 661
448 116
91 760
658 151
614 570
395 303
740 476
906 188
662 319
21 237
551 309
575 181
614 515
366 292
395 633
605 164
715 909
252 708
833 997
351 15
28 545
67 398
897 573
453 8
414 253
563 400
192 744
785 866
97 159
488 968
638 815
626 747
546 712
75 610
346 68
644 736
911 830
200 418
371 425
627 46
176 739
128 355
684 503
744 539
204 239
787 964
123 31
198 755
821 660
818 417
854 903
134 20
375 786
669 582
22 226
626 232
364 820
293 962
176 788
662 276
12 211
22 288
752 965
450 157
173 887
266 911
29 162
62 572
154 811
557 418
172 736
357 101
604 747
769 60
373 890
719 301
918 154
948 915
750 150
495 267
703 358
67 80
772 49
180 120
933 751
47 356
431 233
836 182
18 996
429 544
727 674
162 850
582 509
90 20
666 382
345 52
534 214
946 173
920 761
476 406
306 898
499 151
167 967
546 571
354 838
162 764
551 430
65 851
673 613
135 880
622 880
994 259
752 491
828 565
631 445
634 795
180 432
768 568
548 236
719 417
692 536
481 728
886 464
670 230
537 178
181 858
521 86
955 975
738 832
97 127
964 482
529 42
560 71
958 599
780 847
352 40
148 990
606 216
455 854
909 457
617 106
648 383
783 948
318 394
868 180
120 286
244 141
484 58
948 777
335 176
663 758
513 675
804 255
825 63
558 96
863 246
125 112
260 753
162 168
150 541
122 980
631 43
413 622
975 33
771 25
938 63
824 745
52 696
808 429
561 87
610 135
716 718
586 520
373 182
120 0
254 548
752 567
595 74
724 305
298 18
712 457
440 608
777 363
754 806
208 90
523 258
963 23
715 270
690 104
776 901
660 819
840 204
44 915
947 753
299 71
725 814
79 997
343 154
791 174
774 569
355 249
99 167
69 158
157 863
93 84
774 631
227 459
796 409
862 840
12 241
633 49
9 26
718 596
292 662
266 233
167 894
947 386
909 555
660 868
53 267
558 583
522 38
405 952
114 141
531 893
566 996
851 491
471 988
492 862
265 966
931 691
681 482
355 224
249 348
396 474
814 63
642 748
607 482
401 369
920 997
75 376
81 315
524 90
861 527
789 374
784 808
261 814
460 129
224 813
821 57
360 258
214 683
728 195
957 732
160 321
324 360
124 981
99 634
103 423
501 225
349 151
373 290
593 977
65 803
662 658
181 833
634 588
940 545
449 246
123 982
80 968
596 752
653 494
370 705
422 436
426 362
362 995
269 320
333 283
961 428
737 234
310 447
250 256
777 389
548 56
540 979
823 685
773 14
159 947
772 141
337 995
55 501
353 378
280 955
981 34
736 404
344 509
181 1
901 835
221 171
765 148
232 48
644 827
162 727
284 420
892 589
439 551
137 87
516 601
153 403
5 430
772 372
493 58
93 205
206 142
802 491
102 943
385 261
566 456
465 468
435 915
972 782
318 344
816 844
140 116
438 62
971 348
55 788
881 216
894 569
880 111
354 137
631 340
258 224
700 746
860 712
193 847
645 537
477 901
2 299
786 92
617 876
358 171
488 261
767 67
365 24
417 681
264 646
560 370
314 702
769 597
452 741
417 332
898 881
350 240
215 679
203 530
54 76
390 41
793 179
436 592
461 266
675 412
602 3
614 612
199 293
153 599
411 988
551 253
562 994
788 718
906 354
315 97
435 363
239 213
621 885
837 459
915 327
40 599
168 338
184 593
850 1000
488 349
767 516
99 238
42 614
457 578
917 161
50 750
944 70
723 412
901 821
156 436
594 754
291 887
787 639
391 26
496 124
28 666
498 200
629 935
289 512
259 864
691 585
348 974
195 635
745 196
914 177
15 263
156 392
337 749
902 402
850 84
630 662
796 151
265 548
399 761
223 795
253 844
479 44
707 132
798 335
649 699
513 684
669 229
6 605
147 13
371 108
982 793
225 623
307 877
670 670
756 272
892 360
68 746
856 551
114 18
487 476
415 863
909 934
341 738
909 557
208 503
466 39
143 679
309 774
609 539
561 578
171 929
571 891
89 639
680 870
522 541
109 721
314 516
883 220
477 114
996 780
331 195
467 250
910 948
20 723
330 458
661 982
490 394
452 578
581 615
808 193
712 648
617 937
669 392
581 508
485 270
473 896
111 480
975 287
705 500
302 236
6 146
174 534
163 354
101 639
32 468
931 551
502 376
778 672
219 239
914 723
947 823
122 317
906 956
381 322
266 831
888 238
256 93
307 60
156 529
525 712
955 820
533 206
632 704
721 123
578 404
584 357
771 228
888 156
767 748
972 85
711 542
720 386
523 101
35 241
755 59
549 77
432 347
707 434
914 645
330 982
101 243
987 732
741 92
529 969
135 315
386 91
192 573
167 258
783 848
254 491
230 516
740 973
79 598
266 378
513 283
847 270
135 833
673 511
671 715
806 178
631 774
779 59
35 5
486 938
236 118
0 617
76 374
143 264
25 511
763 754
210 314
506 391
891 94
88 292
485 566
545 874
464 245
436 111
519 709
683 34
887 796
219 923
508 752
37 783
655 272
806 127
940 343
476 348
568 322
344 347
216 625
343 124
250 337
683 942
994 446
324 352
683 985
179 614
176 856
981 935
209 395
316 596
547 417
684 711
859 864
342 514
530 417
179 869
499 944
396 804
691 329
719 151
702 311
711 583
280 504
957 595
452 947
156 363
56 915
602 341
545 686
437 188
781 821
414 564
793 357
956 676
362 127
514 528
705 347
783 825
908 715
206 511
96 981
983 983
624 489
773 746
325 95
742 447
244 966
940 955
623 102
585 511
780 9
623 536
680 764
87 933
331 357
927 213
778 563
154 574
352 683
748 92
458 269
794 31
412 134
260 91
247 518
563 304
707 302
934 56
990 167
666 93
514 1
719 874
831 193
212 230
734 90
36 351
661 53
373 217
8 623
669 863
327 301
345 885
545 733
576 13
95 382
74 643
331 965
478 785
453 487
178 716
508 629
188 192
921 977
798 359
792 716
881 657
184 621
738 591
539 375
744 315
317 44
384 710
25 359
645 644
428 865
553 377
948 401
263 909
885 388
155 691
443 51
641 251
835 732
913 730
666 518
964 852
187 386
979 393
649 134
484 122
505 64
763 976
576 620
661 158
274 273
82 237
474 720
220 685
602 725
504 375
759 193
587 61
303 161
186 424
673 337
420 841
365 596
874 159
75 2
242 826
926 927
185 338
599 273
385 796
372 911
788 856
618 770
101 193
494 612
30 484
293 248
435 821
716 399
993 32
19 659
95 239
160 414
302 413
553 371
459 246
212 463
145 122
795 521
681 808
370 395
365 802
721 61
363 534
954 402
999 121
386 195
460 669
386 687
570 47
256 507
130 626
378 447
158 457
806 203
969 37
377 23
154 312
797 418
127 554
792 124
700 76
816 843
696 100
538 123
116 581
588 602
774 717
650 500
279 332
720 55
980 694
899 222
392 563
468 789
598 865
476 977
748 766
486 970
617 961
754 749
110 791
854 50
625 521
329 213
349 419
797 148
364 898
888 602
191 114
799 140
201 205
968 98
482 251
712 118
935 530
64 637
868 40
340 85
467 803
548 432
911 548
464 990
574 110
115 188
382 996
943 31
2 696
821 494
650 757
97 187
672 594
383 103
669 800
