1000
29 593
633 913
415 532
397 616
994 945
84 257
877 810
56 147
689 218
668 918
16 522
266 385
747 211
873 24
188 908
948 328
1000 455
298 161
170 892
763 949
492 300
352 504
213 924
77 989
958 573
382 376
787 624
950 121
462 820
964 753
58 733
333 190
440 251
105 36
764 215
311 992
68 270
490 507
864 704
18 945
842 623
119 512
329 814
905 934
663 438
92 790
92 359
268 207
245 727
145 506
190 752
150 430
350 924
314 873
577 467
338 480
8 59
672 944
614 199
271 184
994 705
120 702
885 334
634 600
382 500
166 593
959 522
833 930
288 186
779 854
21 424
980 369
642 494
658 349
431 743
851 519
778 347
802 246
35 247
224 600
372 28
918 759
728 899
751 364
842 897
730 748
420 486
224 543
23 123
143 692
393 54
524 776
885 463
167 999
934 969
694 971
857 1000
709 528
426 436
318 662
511 301
20 222
159 18
436 909
531 78
3 882
107 345
339 3
551 662
367 195
718 712
395 98
831 251
980 56
120 440
914 580
287 564
361 448
411 344
857 23
115 743
111 350
895 470
201 251
412 414
53 964
592 157
149 123
797 287
321 969
746 411
446 76
867 298
35 977
872 355
847 111
159 242
809 526
456 188
624 445
874 58
931 400
329 662
918 341
886 678
602 86
938 414
398 76
769 575
86 608
857 869
306 695
374 429
102 766
766 300
596 223
365 969
661 425
644 163
865 197
564 802
79 193
755 535
400 511
853 620
436 104
164 848
343 898
84 449
950 848
551 630
440 702
938 131
400 427
721 250
417 862
834 579
872 310
65 103
759 987
350 224
664 932
572 941
275 595
997 463
955 720
370 418
617 62
370 335
883 384
264 493
806 151
878 382
619 463
309 655
721 320
115 93
525 86
170 537
267 322
277 352
41 509
850 931
792 796
153 330
641 87
66 274
997 537
282 2
540 773
362 694
426 937
173 426
836 922
441 516
258 661
216 797
636 520
466 191
838 980
236 203
851 801
861 464
549 757
730 105
595 18
655 20
869 379
440 292
909 231
163 727
102 8
921 750
903 463
959 664
485 739
527 129
34 81
143 772
256 627
232 156
646 742
549 743
37 253
304 13
80 202
447 433
412 84
910 349
292 872
98 19
444 900
120 985
355 10
284 118
528 624
533 722
19 932
408 429
226 978
703 805
74 392
722 271
747 804
265 289
66 14
126 769
876 102
653 661
281 899
512 900
37 251
109 319
579 714
954 938
346 778
503 771
971 786
122 341
689 449
342 664
30 576
44 884
30 829
899 707
351 849
292 312
111 300
975 706
195 126
235 372
459 320
1 59
837 408
939 507
871 637
716 390
530 75
187 706
21 817
817 433
928 624
817 499
882 909
95 398
112 471
327 396
68 403
383 635
31 124
253 290
6 239
891 239
532 250
200 278
818 912
1000 928
391 686
983 332
696 425
426 303
258 514
342 26
797 636
359 376
954 539
633 409
958 626
306 177
856 231
308 215
470 236
422 692
719 463
609 451
547 429
66 371
440 876
799 633
689 317
40 6
162 658
301 919
125 91
616 448
688 168
345 962
698 45
563 558
685 761
809 828
910 261
659 289
613 494
41 351
285 98
686 935
187 246
417 746
188 680
434 963
851 587
271 924
528 381
153 477
112 854
217 460
157 960
530 280
963 120
655 562
210 673
528 105
485 525
864 545
663 566
61 273
391 517
867 580
784 710
472 996
771 267
314 34
591 599
413 363
654 582
947 386
823 100
77 614
186 817
118 205
435 605
264 644
626 721
932 327
600 174
285 765
145 300
563 185
236 669
517 959
599 728
16 411
146 691
525 397
628 415
606 710
244 765
944 347
842 559
204 507
372 982
195 621
774 448
443 651
358 227
417 208
144 537
842 763
882 912
58 162
730 652
901 426
204 214
365 192
473 739
168 92
910 360
430 51
208 998
496 791
815 172
280 773
977 254
395 251
775 118
702 158
687 476
814 393
85 355
435 526
823 461
406 434
60 747
166 738
479 679
13 324
363 775
958 444
421 418
249 547
876 717
634 673
23 44
26 80
528 824
303 826
558 661
296 120
103 376
404 332
713 519
658 359
814 309
989 228
740 591
250 43
154 320
936 911
550 40
588 516
958 357
684 301
874 955
527 774
712 184
262 204
268 634
130 68
965 553
823 730
538 179
154 913
411 483
490 315
218 470
975 465
544 348
620 668
990 120
563 303
484 512
506 24
477 576
489 416
972 24
361 365
964 435
725 749
209 990
99 3
872 795
346 661
928 128
613 154
148 425
515 679
825 222
104 699
721 110
120 156
1000 581
397 575
472 89
87 910
963 924
381 733
299 806
244 363
675 454
395 941
664 212
447 370
222 650
633 737
543 897
942 40
229 159
588 103
4 374
794 925
312 26
75 337
382 418
1000 604
387 884
152 476
399 67
740 65
671 820
642 932
927 554
733 80
914 682
517 126
512 434
955 98
677 944
715 599
200 456
419 147
150 347
244 196
547 91
442 487
570 173
570 493
247 148
324 672
97 281
426 985
377 715
452 12
15 600
26 425
985 817
0 118
104 664
837 386
680 948
614 221
533 785
708 382
701 898
924 851
979 348
628 993
70 169
898 164
248 904
868 81
74 841
101 303
234 282
588 385
298 961
814 214
701 118
265 977
963 579
772 100
776 272
686 330
513 177
287 378
57 480
447 171
502 17
204 78
550 463
352 175
690 815
979 375
164 907
392 296
9 61
138 338
231 677
445 306
990 488
804 839
99 956
110 669
120 287
669 362
968 122
477 162
316 941
590 597
39 933
564 23
320 359
183 212
883 882
276 201
351 663
191 337
683 304
739 849
423 693
202 762
858 740
952 217
88 734
499 818
331 481
94 139
818 629
784 382
47 101
274 563
749 79
868 1
239 245
116 364
813 453
426 347
676 682
878 967
629 690
190 911
5 304
214 643
383 924
534 880
991 85
324 380
718 453
469 889
188 197
199 552
590 986
385 234
708 926
324 283
738 903
64 2
494 823
161 142
570 549
680 568
987 286
338 762
855 5
986 711
958 698
309 915
967 313
659 670
328 477
520 798
258 44
907 123
485 413
894 578
892 130
923 593
143 939
937 947
277 365
637 616
51 668
25 526
5 817
838 161
390 619
136 140
929 933
820 191
738 433
188 243
43 52
801 369
332 411
715 864
784 340
946 594
106 976
747 523
877 257
474 659
954 473
115 367
532 731
801 164
375 4
579 210
28 719
490 891
10 538
511 209
158 708
926 553
805 765
798 628
40 786
300 358
307 653
578 962
452 849
44 595
22 44
556 470
836 392
119 851
922 598
335 220
57 956
784 307
284 818
145 809
898 922
145 461
535 633
1000 546
497 307
745 551
819 467
231 0
257 532
518 750
252 430
595 769
892 731
303 548
824 363
517 864
956 38
897 71
828 383
644 318
657 862
454 28
327 52
583 810
651 957
640 185
810 50
411 602
969 4
97 983
159 860
585 11
146 617
420 9
971 867
41 814
63 598
436 128
552 166
706 102
703 498
646 128
536 988
573 40
780 60
550 331
322 339
720 482
267 320
609 686
968 781
602 957
45 383
114 514
167 170
24 7
627 20
429 298
973 972
117 306
853 536
623 260
969 702
817 424
953 879
486 501
719 216
802 536
193 489
321 694
449 857
259 477
50 978
546 856
451 283
207 858
38 407
517 556
71 589
499 453
491 178
246 701
763 514
308 410
466 933
369 675
454 663
63 112
27 661
80 256
555 584
772 749
667 304
972 906
783 611
887 23
468 523
351 632
136 42
320 500
420 153
183 795
559 52
734 395
747 509
865 864
415 325
242 526
75 437
534 984
976 469
640 150
926 804
507 28
332 332
820 395
162 509
995 772
798 104
73 397
576 712
603 756
592 366
736 858
930 863
302 227
336 357
205 769
728 33
413 980
603 501
872 496
880 50
159 381
482 794
812 362
251 56
609 105
312 413
459 208
972 540
896 737
744 222
816 137
258 565
163 995
334 729
250 668
876 356
344 398
604 88
447 832
269 917
123 654
728 391
374 874
130 499
606 119
777 357
896 61
874 250
7 699
623 315
691 307
606 293
829 818
47 733
264 933
945 463
16 121
523 98
871 96
610 277
141 67
975 293
545 187
122 389
72 571
56 753
751 758
51 397
320 601
69 609
660 67
908 125
285 240
716 4
84 801
712 96
164 974
944 283
516 521
124 43
699 290
877 216
24 69
715 25
940 376
934 723
297 164
661 80
88 459
878 732
141 134
545 634
648 291
970 609
589 462
23 408
62 925
548 720
315 186
424 100
917 78
915 421
45 320
29 26
288 105
499 871
57 541
907 970
89 949
255 136
245 775
315 562
523 830
453 813
684 447
142 724
314 266
199 78
365 624
337 971
88 785
270 613
650 828
930 852
81 993
410 168
524 891
720 27
421 987
357 503
45 255
100 931
412 235
361 834
846 263
529 179
354 480
538 598
451 996
875 298
332 560
949 834
264 134
144 93
631 564
850 868
