1000
471 972
902 656
578 857
676 870
740 775
215 279
601 86
876 220
332 571
110 881
798 154
121 87
448 64
31 809
918 222
666 740
30 598
647 96
129 518
541 763
217 230
188 943
74 716
205 777
50 840
605 539
40 669
926 536
380 862
463 821
516 991
852 884
97 492
401 977
896 443
384 168
742 142
482 414
900 51
993 254
921 685
27 168
626 14
653 199
482 638
461 716
583 443
984 211
43 470
175 417
992 687
543 112
11 945
345 937
551 550
599 189
386 1
193 29
154 720
167 610
697 953
427 545
877 335
289 753
985 886
658 247
16 499
206 263
887 287
216 667
616 33
663 721
921 5
240 794
214 128
468 623
692 967
385 93
431 952
874 921
536 7
603 144
608 375
805 32
295 59
427 851
229 553
647 195
947 79
720 321
814 224
148 147
281 938
962 237
95 899
753 525
603 14
890 697
198 408
649 500
617 151
567 574
192 132
394 849
956 690
708 522
254 62
904 418
861 575
779 947
226 887
136 96
459 609
809 292
10 742
620 767
656 464
473 537
459 487
936 992
521 448
82 585
674 939
938 940
747 834
368 587
93 934
206 367
597 643
780 109
351 149
923 29
990 342
650 696
15 783
219 710
508 548
769 395
408 595
699 484
284 834
842 48
540 229
571 719
788 808
840 583
307 798
425 520
402 776
891 421
108 84
295 414
168 271
648 824
88 958
254 819
308 368
881 897
619 83
668 913
823 139
814 955
256 548
635 477
706 790
36 859
140 433
834 635
896 750
228 553
43 370
14 866
828 863
271 749
662 563
235 166
846 678
366 707
520 627
168 533
981 349
824 800
88 213
0 658
394 641
738 946
824 6
581 576
558 564
90 783
472 359
762 431
17 363
335 452
51 511
328 146
424 763
444 737
505 491
27 872
542 486
117 226
941 104
866 607
353 180
458 334
977 946
944 469
843 812
171 98
544 735
120 499
460 922
818 558
315 55
666 421
171 488
198 453
526 269
524 850
969 958
291 494
415 847
73 875
500 442
418 475
821 529
155 552
411 558
831 134
94 556
249 849
254 856
638 603
337 815
684 591
317 125
956 772
569 103
751 755
905 907
265 645
661 552
301 750
79 230
157 100
699 52
804 889
738 988
603 891
830 846
56 10
581 349
412 950
908 417
731 783
201 507
664 586
198 951
349 288
329 214
662 578
690 12
301 655
435 179
432 477
52 791
954 476
37 824
273 41
482 306
618 284
866 519
426 482
336 184
812 746
909 677
484 303
806 472
474 395
389 516
988 573
942 915
172 534
181 467
202 166
777 512
722 86
659 727
665 139
963 289
434 291
97 275
281 557
817 874
758 514
388 173
784 256
850 430
729 246
20 4
454 4
814 78
580 836
125 68
191 48
201 458
989 963
888 574
269 945
293 116
279 889
775 944
121 862
768 700
241 704
699 461
522 122
733 461
525 10
805 818
122 513
425 996
447 414
286 43
807 886
854 118
365 601
649 30
540 437
191 579
632 206
937 568
592 689
274 565
814 261
14 680
845 899
755 771
367 42
795 658
298 814
801 969
223 219
601 182
354 421
107 876
262 618
181 868
637 598
444 948
676 102
336 270
392 367
26 558
446 106
195 950
741 94
881 244
275 907
172 523
54 646
333 461
388 560
527 960
133 190
254 293
554 596
885 555
846 479
103 980
762 290
850 580
520 633
284 430
273 794
615 451
911 365
974 221
994 964
20 724
83 707
135 746
49 346
262 922
89 81
907 490
77 626
262 778
630 826
346 268
448 811
115 214
558 592
478 417
177 875
212 663
503 886
865 164
49 253
212 30
914 928
725 580
396 164
139 273
191 242
847 477
217 702
908 61
140 939
919 195
100 27
723 855
640 507
801 372
13 158
581 865
657 61
384 923
856 745
517 304
618 370
870 150
68 935
974 343
949 999
721 924
952 635
520 262
86 352
546 177
410 801
114 973
524 454
289 152
106 171
279 310
3 519
695 670
247 957
319 320
616 774
215 13
887 655
502 475
949 653
792 384
128 846
855 565
668 871
693 143
288 308
363 73
506 474
288 324
398 261
937 471
474 785
306 781
839 556
416 559
209 37
450 364
114 464
371 54
696 405
352 299
996 296
834 595
26 464
406 612
225 967
843 471
960 211
553 853
542 20
328 71
223 409
692 408
927 173
818 697
415 21
792 286
241 145
864 295
745 166
202 322
460 471
529 983
733 123
426 996
875 532
304 39
957 265
360 549
631 496
698 312
53 210
106 966
357 721
150 525
40 818
142 628
57 862
63 617
343 484
122 285
380 160
690 653
177 313
675 802
892 152
215 505
912 921
467 284
135 441
673 742
662 916
198 320
43 651
174 972
680 61
436 348
214 378
73 696
848 708
963 781
213 893
122 542
278 891
994 305
736 462
927 670
822 163
58 551
878 180
463 643
667 600
769 668
744 918
212 130
969 930
848 306
566 762
841 638
340 40
608 662
207 23
112 950
596 523
216 230
688 943
250 695
279 557
923 423
645 461
991 756
121 479
499 473
390 854
366 543
2 360
594 615
316 738
453 166
285 921
752 519
480 398
830 203
392 244
40 956
795 581
660 679
206 811
360 905
617 858
476 964
735 587
887 378
865 129
675 519
256 86
302 308
12 648
768 274
208 120
660 200
445 6
389 482
459 833
904 563
891 865
568 916
883 428
200 305
780 742
292 894
429 154
626 163
138 883
712 567
541 113
912 777
296 237
299 92
848 444
487 591
813 397
168 362
911 168
406 67
978 711
422 204
745 77
167 437
301 168
841 729
936 848
367 777
458 1000
62 152
704 725
446 330
332 426
263 759
866 187
58 723
381 533
714 783
223 766
728 505
359 815
868 626
364 779
113 222
510 873
146 633
747 325
203 931
607 86
845 439
135 557
648 381
217 650
29 692
824 389
103 356
826 328
229 281
642 298
644 390
710 202
251 12
214 277
358 441
855 38
744 251
59 726
140 556
550 493
615 104
737 338
691 215
825 320
94 332
4 57
883 344
525 253
593 450
719 371
891 176
574 756
531 187
841 216
63 912
937 972
151 413
156 680
911 417
578 620
37 103
777 349
368 784
864 911
520 485
499 6
608 89
378 331
571 857
595 705
91 217
147 16
31 755
747 480
586 278
48 35
925 600
939 554
55 36
570 646
939 336
260 478
387 497
702 321
423 608
806 918
229 580
330 913
428 932
364 986
603 63
968 203
865 41
311 734
34 874
12 780
446 318
907 27
324 220
49 426
305 187
162 721
663 187
38 838
465 240
523 202
273 441
340 508
45 607
458 757
4 300
680 723
372 494
965 598
260 359
728 935
668 859
140 174
94 636
494 206
40 30
137 229
137 842
165 694
610 476
751 385
738 884
784 450
568 901
868 505
66 692
788 442
538 651
202 435
431 790
766 793
492 293
985 53
440 254
675 175
733 822
45 798
610 923
681 889
138 653
22 351
929 484
529 582
331 488
157 656
303 601
186 23
420 411
14 938
750 227
982 504
617 172
38 794
490 65
553 229
673 133
379 908
329 895
948 758
917 729
309 919
265 819
685 857
502 817
490 899
555 254
506 142
147 273
83 364
157 830
408 635
660 539
462 207
394 242
324 526
198 764
205 674
867 165
36 206
128 967
559 74
705 865
775 52
416 836
952 850
530 875
103 59
692 832
143 617
330 834
363 267
782 899
146 104
989 709
463 523
199 963
997 643
607 322
212 671
790 652
206 909
761 665
422 365
302 103
277 893
821 410
663 331
283 714
576 624
94 260
286 535
503 524
32 5
901 235
692 587
313 935
328 21
963 89
229 842
708 993
541 268
923 665
398 428
554 639
510 731
978 776
73 405
819 14
277 137
244 224
372 343
955 706
286 183
864 978
693 364
941 879
966 186
677 712
928 726
382 958
400 936
169 349
73 718
724 739
178 91
709 556
953 897
722 808
131 691
972 820
482 730
921 988
583 821
887 441
161 388
506 64
69 569
865 392
660 601
900 89
474 899
447 908
668 174
506 382
814 608
914 605
545 777
38 712
110 243
529 7
24 910
479 226
978 431
693 852
253 36
688 280
838 519
551 493
981 771
331 875
871 830
390 615
943 298
689 258
624 280
480 343
434 964
474 792
794 511
182 583
339 34
484 160
62 732
160 904
527 325
404 39
184 729
423 24
807 715
332 144
229 477
547 147
445 143
990 666
923 960
506 700
702 391
110 648
927 937
499 636
203 878
992 770
711 37
635 375
19 952
47 77
613 615
56 407
710 168
968 705
763 942
380 288
240 110
99 319
827 474
650 441
969 568
130 361
392 456
710 88
294 90
40 962
868 306
817 647
93 559
466 88
204 350
657 691
938 185
379 421
89 429
75 695
107 940
484 288
15 625
428 487
858 995
178 152
355 881
719 121
499 176
662 348
910 582
270 439
510 795
877 771
466 927
927 169
623 491
776 6
709 976
555 652
548 935
967 812
967 182
514 21
985 562
9 47
469 416
197 540
306 338
441 597
562 225
741 363
512 283
