234
14
12
10
8
6
4
2
0
-2
-4
-6
-8
-10
-12
-14
-16
17
15
13
11
9
7
5
3
1
-1
-3
-5
-7
-9
-11
-13
-15
22
20
18
16
14
12
10
8
6
4
2
0
-2
-4
-6
-8
-10
-12
-14
27
25
23
21
19
17
15
13
11
9
7
5
3
1
-1
-3
-5
-7
-9
-11
-13
28
26
24
22
20
18
16
14
12
10
8
6
4
2
0
-2
-4
-6
-8
-10
-12
25
23
21
19
17
15
13
11
9
7
5
3
1
-1
-3
-5
-7
-9
-11
14
12
10
8
6
4
2
0
-2
-4
-6
-8
-10
21
19
17
15
13
11
9
7
5
3
1
-1
-3
-5
-7
-9
10
8
6
4
2
0
-2
-4
-6
-8
23
21
19
17
15
13
11
9
7
5
3
1
-1
-3
-5
-7
20
18
16
14
12
10
8
6
4
2
0
-2
-4
-6
21
19
17
15
13
11
9
7
5
3
1
-1
-3
-5
28
26
24
22
20
18
16
14
12
10
8
6
4
2
0
-2
-4
15
13
11
9
7
5
3
1
-1
-3
18
16
14
12
10
8
6
4
2
0
-2
