999 500000
573 392
392 947
947 564
564 849
849 964
964 704
704 774
774 116
116 872
872 341
341 597
597 845
845 321
321 215
215 197
197 948
948 354
354 452
452 26
26 386
386 1
1 478
478 403
403 834
834 62
62 391
391 736
736 412
412 311
311 839
839 300
300 143
143 165
165 662
662 695
695 807
807 481
481 908
908 75
75 316
316 917
917 109
109 262
262 108
108 532
532 726
726 53
53 827
827 707
707 202
202 745
745 780
780 567
567 461
461 153
153 808
808 568
568 285
285 962
962 800
800 347
347 569
569 789
789 701
701 618
618 87
87 238
238 508
508 554
554 111
111 336
336 306
306 333
333 902
902 794
794 149
149 389
389 551
551 172
172 416
416 795
795 602
602 718
718 444
444 471
471 634
634 853
853 512
512 266
266 426
426 998
998 2
2 100
100 526
526 496
496 373
373 206
206 505
505 276
276 757
757 132
132 848
848 237
237 11
11 362
362 140
140 944
944 345
345 635
635 19
19 678
678 209
209 629
629 192
192 816
816 89
89 180
180 570
570 942
942 98
98 760
760 985
985 786
786 991
991 79
79 152
152 369
369 273
273 229
229 503
503 624
624 454
454 658
658 746
746 72
72 893
893 319
319 199
199 855
855 198
198 433
433 425
425 772
772 883
883 146
146 913
913 574
574 617
617 431
431 518
518 990
990 178
178 218
218 702
702 787
787 256
256 210
210 813
813 710
710 443
443 411
411 6
6 164
164 876
876 235
235 610
610 677
677 264
264 809
809 142
142 375
375 267
267 470
470 769
769 768
768 466
466 212
212 211
211 613
613 763
763 475
475 631
631 770
770 791
791 633
633 628
628 504
504 717
717 463
463 483
483 3
3 66
66 866
866 927
927 729
729 396
396 555
555 958
958 16
16 346
346 84
84 693
693 606
606 820
820 491
491 931
931 524
524 57
57 802
802 186
186 255
255 781
781 171
171 160
160 201
201 20
20 355
355 36
36 408
408 560
560 981
981 240
240 189
189 216
216 195
195 537
537 112
112 874
874 208
208 871
871 196
196 361
361 441
441 148
148 804
804 480
480 502
502 842
842 974
974 594
594 674
674 371
371 905
905 907
907 168
168 761
761 388
388 721
721 940
940 737
737 91
91 315
315 191
191 711
711 377
377 323
323 891
891 497
497 605
605 290
290 204
204 397
397 173
173 615
615 58
58 488
488 56
56 939
939 790
790 492
492 445
445 747
747 414
414 29
29 43
43 923
923 987
987 105
105 82
82 118
118 269
269 959
959 120
120 647
647 64
64 548
548 862
862 44
44 468
468 657
657 898
898 895
895 287
287 430
430 348
348 973
973 78
78 846
846 825
825 756
756 954
954 986
986 672
672 822
822 938
938 653
653 924
924 553
553 519
519 630
630 743
743 450
450 676
676 432
432 589
589 233
233 380
380 129
129 748
748 896
896 698
698 31
31 253
253 85
85 860
860 590
590 174
174 94
94 821
821 261
261 580
580 246
246 801
801 727
727 703
703 539
539 419
419 965
965 571
571 207
207 851
851 897
897 700
700 941
941 708
708 331
331 350
350 858
858 667
667 117
117 318
318 730
730 357
357 127
127 413
413 284
284 251
251 607
607 681
681 598
598 510
510 329
329 660
660 775
775 30
30 330
330 368
368 338
338 418
418 393
393 398
398 875
875 302
302 340
340 401
401 60
60 169
169 928
928 785
785 495
495 436
436 77
77 18
18 971
971 705
705 669
669 732
732 918
918 885
885 404
404 286
286 7
7 911
911 156
156 640
640 547
547 378
378 735
735 533
533 719
719 852
852 23
23 364
364 131
131 144
144 437
437 922
922 250
250 868
868 76
76 80
80 659
659 473
473 751
751 663
663 236
236 738
738 305
305 134
134 859
859 70
70 734
734 531
531 499
499 185
185 59
59 856
856 46
46 434
434 200
200 400
400 448
448 823
823 136
136 992
992 48
48 600
600 805
805 314
314 977
977 699
699 535
535 716
716 500
500 880
880 260
260 900
900 833
833 645
645 521
521 107
107 819
819 516
516 421
421 960
960 137
137 9
9 829
829 106
106 104
104 339
339 52
52 956
956 239
239 980
980 696
696 272
272 538
538 934
934 21
21 282
282 243
243 946
946 943
943 409
409 627
627 442
442 561
561 692
692 465
465 886
886 63
63 838
838 327
327 230
230 601
601 926
926 632
632 523
523 686
686 228
228 556
556 673
673 456
456 395
395 435
435 446
446 975
975 187
187 611
611 277
277 722
722 665
665 509
509 440
440 952
952 15
15 650
650 901
901 447
447 138
138 128
128 310
310 668
668 254
254 438
438 469
469 242
242 308
308 351
351 464
464 840
840 485
485 595
595 517
517 579
579 972
972 536
536 381
381 367
367 725
725 402
402 937
937 507
507 32
32 166
166 575
575 453
453 249
249 297
297 376
376 86
86 42
42 712
712 642
642 817
817 997
997 13
13 583
583 181
181 559
559 831
831 35
35 694
694 384
384 970
970 176
176 558
558 529
529 903
903 10
10 749
749 671
671 177
177 683
683 892
892 194
194 803
803 37
37 124
124 467
467 914
914 648
648 252
252 857
857 301
301 562
562 661
661 459
459 359
359 49
49 334
334 741
741 557
557 472
472 869
869 474
474 71
71 298
298 961
961 641
641 270
270 27
27 620
620 783
783 226
226 619
619 39
39 33
33 245
245 294
294 828
828 889
889 586
586 957
957 190
190 292
292 581
581 616
616 773
773 406
406 649
649 577
577 188
188 61
61 344
344 608
608 370
370 935
935 850
850 530
530 356
356 864
864 99
99 867
867 38
38 979
979 476
476 427
427 542
542 422
422 759
759 762
762 637
637 873
873 68
68 379
379 45
45 836
836 984
984 349
349 723
723 225
225 494
494 154
154 162
162 969
969 486
486 884
884 682
682 525
525 451
451 812
812 894
894 814
814 122
122 126
126 604
604 714
714 394
394 688
688 906
906 41
41 936
936 596
596 147
147 428
428 385
385 244
244 88
88 399
399 636
636 5
5 993
993 424
424 288
288 291
291 655
655 125
125 753
753 976
976 232
232 234
234 949
949 578
578 457
457 799
799 158
158 167
167 766
766 335
335 625
625 754
754 65
65 796
796 522
522 731
731 963
963 296
296 83
83 121
121 690
690 566
566 96
96 565
565 818
818 224
224 439
439 904
904 55
55 706
706 684
684 777
777 219
219 24
24 513
513 95
95 322
322 925
925 114
114 14
14 150
150 750
750 983
983 358
358 50
50 854
854 824
824 274
274 929
929 623
623 810
810 758
758 479
479 572
572 90
90 739
739 744
744 259
259 17
17 293
293 715
715 587
587 945
945 978
978 612
612 520
520 950
950 170
170 798
798 97
97 582
582 776
776 423
423 420
420 841
841 221
221 910
910 241
241 528
528 12
12 621
621 614
614 320
320 74
74 651
651 34
34 28
28 585
585 788
788 51
51 953
953 689
689 899
899 534
534 366
366 390
390 664
664 544
544 179
179 374
374 591
591 912
912 54
54 275
275 797
797 543
543 324
324 157
157 843
843 353
353 161
161 713
713 541
541 103
103 487
487 182
182 101
101 279
279 996
996 514
514 835
835 193
193 139
139 932
932 309
309 844
844 890
890 540
540 967
967 733
733 515
515 549
549 163
163 784
784 135
135 343
343 410
410 40
40 417
417 609
609 271
271 622
622 93
93 458
458 552
552 811
811 484
484 652
652 792
792 113
113 151
151 865
865 231
231 449
449 493
493 278
278 73
73 382
382 247
247 383
383 626
626 778
778 415
415 740
740 752
752 407
407 764
764 837
837 25
25 878
878 930
930 490
490 145
145 337
337 779
779 966
966 968
968 921
921 159
159 365
365 666
666 826
826 123
123 654
654 955
955 312
312 81
81 771
771 263
263 870
870 372
372 742
742 755
755 303
303 220
220 184
184 877
877 644
644 205
205 550
550 599
599 919
919 951
951 675
675 115
115 806
806 882
882 313
313 887
887 265
265 916
916 563
563 933
933 183
183 603
603 656
656 8
8 584
584 670
670 724
724 861
861 280
280 920
920 214
214 248
248 498
498 405
405 223
223 317
317 133
133 102
102 460
460 709
709 130
130 501
501 462
462 69
69 639
639 67
67 352
352 994
994 92
92 325
325 527
527 227
227 429
429 281
281 909
909 546
546 213
213 593
593 646
646 110
110 363
363 588
588 299
299 360
360 815
815 482
482 832
832 728
728 119
119 847
847 765
765 203
203 328
328 545
545 222
222 793
793 295
295 879
879 685
685 332
332 217
217 141
141 680
680 258
258 289
289 175
175 697
697 999
999 679
679 767
767 915
915 268
268 989
989 477
477 830
830 995
995 863
863 511
511 257
257 22
22 691
691 888
888 455
455 638
638 782
782 881
881 506
506 988
988 687
687 342
342 982
982 387
387 643
643 326
326 304
304 155
155 283
283 576
576 489
489 307
307 4
4 47
47 720
720 592
