999 500000
999 1
1 998
998 2
2 997
997 3
3 996
996 4
4 995
995 5
5 994
994 6
6 993
993 7
7 992
992 8
8 991
991 9
9 990
990 10
10 989
989 11
11 988
988 12
12 987
987 13
13 986
986 14
14 985
985 15
15 984
984 16
16 983
983 17
17 982
982 18
18 981
981 19
19 980
980 20
20 979
979 21
21 978
978 22
22 977
977 23
23 976
976 24
24 975
975 25
25 974
974 26
26 973
973 27
27 972
972 28
28 971
971 29
29 970
970 30
30 969
969 31
31 968
968 32
32 967
967 33
33 966
966 34
34 965
965 35
35 964
964 36
36 963
963 37
37 962
962 38
38 961
961 39
39 960
960 40
40 959
959 41
41 958
958 42
42 957
957 43
43 956
956 44
44 955
955 45
45 954
954 46
46 953
953 47
47 952
952 48
48 951
951 49
49 950
950 50
50 949
949 51
51 948
948 52
52 947
947 53
53 946
946 54
54 945
945 55
55 944
944 56
56 943
943 57
57 942
942 58
58 941
941 59
59 940
940 60
60 939
939 61
61 938
938 62
62 937
937 63
63 936
936 64
64 935
935 65
65 934
934 66
66 933
933 67
67 932
932 68
68 931
931 69
69 930
930 70
70 929
929 71
71 928
928 72
72 927
927 73
73 926
926 74
74 925
925 75
75 924
924 76
76 923
923 77
77 922
922 78
78 921
921 79
79 920
920 80
80 919
919 81
81 918
918 82
82 917
917 83
83 916
916 84
84 915
915 85
85 914
914 86
86 913
913 87
87 912
912 88
88 911
911 89
89 910
910 90
90 909
909 91
91 908
908 92
92 907
907 93
93 906
906 94
94 905
905 95
95 904
904 96
96 903
903 97
97 902
902 98
98 901
901 99
99 900
900 100
100 899
899 101
101 898
898 102
102 897
897 103
103 896
896 104
104 895
895 105
105 894
894 106
106 893
893 107
107 892
892 108
108 891
891 109
109 890
890 110
110 889
889 111
111 888
888 112
112 887
887 113
113 886
886 114
114 885
885 115
115 884
884 116
116 883
883 117
117 882
882 118
118 881
881 119
119 880
880 120
120 879
879 121
121 878
878 122
122 877
877 123
123 876
876 124
124 875
875 125
125 874
874 126
126 873
873 127
127 872
872 128
128 871
871 129
129 870
870 130
130 869
869 131
131 868
868 132
132 867
867 133
133 866
866 134
134 865
865 135
135 864
864 136
136 863
863 137
137 862
862 138
138 861
861 139
139 860
860 140
140 859
859 141
141 858
858 142
142 857
857 143
143 856
856 144
144 855
855 145
145 854
854 146
146 853
853 147
147 852
852 148
148 851
851 149
149 850
850 150
150 849
849 151
151 848
848 152
152 847
847 153
153 846
846 154
154 845
845 155
155 844
844 156
156 843
843 157
157 842
842 158
158 841
841 159
159 840
840 160
160 839
839 161
161 838
838 162
162 837
837 163
163 836
836 164
164 835
835 165
165 834
834 166
166 833
833 167
167 832
832 168
168 831
831 169
169 830
830 170
170 829
829 171
171 828
828 172
172 827
827 173
173 826
826 174
174 825
825 175
175 824
824 176
176 823
823 177
177 822
822 178
178 821
821 179
179 820
820 180
180 819
819 181
181 818
818 182
182 817
817 183
183 816
816 184
184 815
815 185
185 814
814 186
186 813
813 187
187 812
812 188
188 811
811 189
189 810
810 190
190 809
809 191
191 808
808 192
192 807
807 193
193 806
806 194
194 805
805 195
195 804
804 196
196 803
803 197
197 802
802 198
198 801
801 199
199 800
800 200
200 799
799 201
201 798
798 202
202 797
797 203
203 796
796 204
204 795
795 205
205 794
794 206
206 793
793 207
207 792
792 208
208 791
791 209
209 790
790 210
210 789
789 211
211 788
788 212
212 787
787 213
213 786
786 214
214 785
785 215
215 784
784 216
216 783
783 217
217 782
782 218
218 781
781 219
219 780
780 220
220 779
779 221
221 778
778 222
222 777
777 223
223 776
776 224
224 775
775 225
225 774
774 226
226 773
773 227
227 772
772 228
228 771
771 229
229 770
770 230
230 769
769 231
231 768
768 232
232 767
767 233
233 766
766 234
234 765
765 235
235 764
764 236
236 763
763 237
237 762
762 238
238 761
761 239
239 760
760 240
240 759
759 241
241 758
758 242
242 757
757 243
243 756
756 244
244 755
755 245
245 754
754 246
246 753
753 247
247 752
752 248
248 751
751 249
249 750
750 250
250 749
749 251
251 748
748 252
252 747
747 253
253 746
746 254
254 745
745 255
255 744
744 256
256 743
743 257
257 742
742 258
258 741
741 259
259 740
740 260
260 739
739 261
261 738
738 262
262 737
737 263
263 736
736 264
264 735
735 265
265 734
734 266
266 733
733 267
267 732
732 268
268 731
731 269
269 730
730 270
270 729
729 271
271 728
728 272
272 727
727 273
273 726
726 274
274 725
725 275
275 724
724 276
276 723
723 277
277 722
722 278
278 721
721 279
279 720
720 280
280 719
719 281
281 718
718 282
282 717
717 283
283 716
716 284
284 715
715 285
285 714
714 286
286 713
713 287
287 712
712 288
288 711
711 289
289 710
710 290
290 709
709 291
291 708
708 292
292 707
707 293
293 706
706 294
294 705
705 295
295 704
704 296
296 703
703 297
297 702
702 298
298 701
701 299
299 700
700 300
300 699
699 301
301 698
698 302
302 697
697 303
303 696
696 304
304 695
695 305
305 694
694 306
306 693
693 307
307 692
692 308
308 691
691 309
309 690
690 310
310 689
689 311
311 688
688 312
312 687
687 313
313 686
686 314
314 685
685 315
315 684
684 316
316 683
683 317
317 682
682 318
318 681
681 319
319 680
680 320
320 679
679 321
321 678
678 322
322 677
677 323
323 676
676 324
324 675
675 325
325 674
674 326
326 673
673 327
327 672
672 328
328 671
671 329
329 670
670 330
330 669
669 331
331 668
668 332
332 667
667 333
333 666
666 334
334 665
665 335
335 664
664 336
336 663
663 337
337 662
662 338
338 661
661 339
339 660
660 340
340 659
659 341
341 658
658 342
342 657
657 343
343 656
656 344
344 655
655 345
345 654
654 346
346 653
653 347
347 652
652 348
348 651
651 349
349 650
650 350
350 649
649 351
351 648
648 352
352 647
647 353
353 646
646 354
354 645
645 355
355 644
644 356
356 643
643 357
357 642
642 358
358 641
641 359
359 640
640 360
360 639
639 361
361 638
638 362
362 637
637 363
363 636
636 364
364 635
635 365
365 634
634 366
366 633
633 367
367 632
632 368
368 631
631 369
369 630
630 370
370 629
629 371
371 628
628 372
372 627
627 373
373 626
626 374
374 625
625 375
375 624
624 376
376 623
623 377
377 622
622 378
378 621
621 379
379 620
620 380
380 619
619 381
381 618
618 382
382 617
617 383
383 616
616 384
384 615
615 385
385 614
614 386
386 613
613 387
387 612
612 388
388 611
611 389
389 610
610 390
390 609
609 391
391 608
608 392
392 607
607 393
393 606
606 394
394 605
605 395
395 604
604 396
396 603
603 397
397 602
602 398
398 601
601 399
399 600
600 400
400 599
599 401
401 598
598 402
402 597
597 403
403 596
596 404
404 595
595 405
405 594
594 406
406 593
593 407
407 592
592 408
408 591
591 409
409 590
590 410
410 589
589 411
411 588
588 412
412 587
587 413
413 586
586 414
414 585
585 415
415 584
584 416
416 583
583 417
417 582
582 418
418 581
581 419
419 580
580 420
420 579
579 421
421 578
578 422
422 577
577 423
423 576
576 424
424 575
575 425
425 574
574 426
426 573
573 427
427 572
572 428
428 571
571 429
429 570
570 430
430 569
569 431
431 568
568 432
432 567
567 433
433 566
566 434
434 565
565 435
435 564
564 436
436 563
563 437
437 562
562 438
438 561
561 439
439 560
560 440
440 559
559 441
441 558
558 442
442 557
557 443
443 556
556 444
444 555
555 445
445 554
554 446
446 553
553 447
447 552
552 448
448 551
551 449
449 550
550 450
450 549
549 451
451 548
548 452
452 547
547 453
453 546
546 454
454 545
545 455
455 544
544 456
456 543
543 457
457 542
542 458
458 541
541 459
459 540
540 460
460 539
539 461
461 538
538 462
462 537
537 463
463 536
536 464
464 535
535 465
465 534
534 466
466 533
533 467
467 532
532 468
468 531
531 469
469 530
530 470
470 529
529 471
471 528
528 472
472 527
527 473
473 526
526 474
474 525
525 475
475 524
524 476
476 523
523 477
477 522
522 478
478 521
521 479
479 520
520 480
480 519
519 481
481 518
518 482
482 517
517 483
483 516
516 484
484 515
515 485
485 514
514 486
486 513
513 487
487 512
512 488
488 511
511 489
489 510
510 490
490 509
509 491
491 508
508 492
492 507
507 493
493 506
506 494
494 505
505 495
495 504
504 496
496 503
503 497
497 502
502 498
498 501
501 499
499 500
