997 500000
183 171
171 357
357 244
244 808
808 685
685 460
460 709
709 133
133 315
315 258
258 928
928 995
995 541
541 992
992 442
442 309
309 455
455 48
48 833
833 545
545 70
70 463
463 472
472 924
924 200
200 775
775 589
589 360
360 878
878 284
284 757
757 532
532 820
820 110
110 593
593 487
487 194
194 89
89 316
316 880
880 766
766 855
855 697
697 618
618 134
134 375
375 794
794 483
483 128
128 561
561 332
332 114
114 61
61 228
228 519
519 87
87 292
292 789
789 4
4 249
249 603
603 320
320 750
750 828
828 779
779 719
719 413
413 910
910 620
620 813
813 86
86 520
520 212
212 837
837 512
512 576
576 554
554 575
575 729
729 783
783 824
824 265
265 638
638 274
274 207
207 996
996 217
217 886
886 991
991 488
488 125
125 547
547 860
860 897
897 187
187 916
916 350
350 247
247 758
758 157
157 26
26 734
734 137
137 948
948 496
496 241
241 839
839 459
459 591
591 865
865 565
565 831
831 74
74 950
950 327
327 765
765 611
611 208
208 269
269 398
398 47
47 210
210 100
100 387
387 25
25 73
73 326
326 484
484 629
629 146
146 657
657 473
473 637
637 3
3 485
485 305
305 278
278 708
708 495
495 892
892 970
970 770
770 178
178 5
5 136
136 730
730 307
307 36
36 8
8 434
434 317
317 607
607 549
549 663
663 624
624 920
920 640
640 222
222 748
748 902
902 289
289 817
817 614
614 602
602 572
572 235
235 31
31 324
324 804
804 282
282 168
168 625
625 785
785 604
604 986
986 154
154 567
567 867
867 636
636 596
596 656
656 814
814 1
1 712
712 173
173 546
546 994
994 721
721 155
155 156
156 815
815 578
578 727
727 448
448 854
854 501
501 968
968 379
379 345
345 399
399 843
843 467
467 786
786 932
932 780
780 500
500 731
731 606
606 622
622 761
761 311
311 457
457 391
391 662
662 347
347 296
296 35
35 82
82 498
498 868
868 623
623 690
690 791
791 961
961 318
318 974
974 949
949 285
285 46
46 529
529 233
233 702
702 717
717 237
237 913
913 650
650 461
461 943
943 504
504 528
528 749
749 277
277 140
140 778
778 490
490 416
416 417
417 846
846 476
476 745
745 754
754 169
169 499
499 798
798 890
890 937
937 474
474 617
617 661
661 462
462 394
394 323
323 446
446 227
227 683
683 649
649 23
23 372
372 344
344 585
585 374
374 812
812 80
80 428
428 522
522 378
378 888
888 514
514 927
927 722
722 267
267 255
255 894
894 7
7 534
534 482
482 435
435 978
978 885
885 836
836 939
939 539
539 175
175 922
922 365
365 185
185 740
740 406
406 405
405 72
72 225
225 518
518 328
328 853
853 695
695 56
56 204
204 891
891 451
451 870
870 223
223 104
104 355
355 905
905 983
983 795
795 762
762 69
69 42
42 850
850 319
319 718
718 480
480 566
566 352
352 440
440 242
242 772
772 95
95 516
516 806
806 494
494 270
270 658
658 167
167 409
409 827
827 475
475 492
492 14
14 177
177 107
107 263
263 660
660 676
676 91
91 764
764 847
847 915
915 129
129 645
645 361
361 753
753 679
679 198
198 105
105 530
530 918
918 148
148 268
268 63
63 162
162 621
621 471
471 126
126 40
40 147
147 189
189 746
746 131
131 671
671 687
687 60
60 186
186 821
821 109
109 747
747 577
577 605
605 647
647 29
29 338
338 436
436 229
229 497
497 723
723 407
407 57
57 465
465 823
823 963
963 181
181 234
234 116
116 832
832 243
243 633
633 322
322 368
368 439
439 769
769 98
98 582
582 362
362 651
651 940
940 293
293 261
261 834
834 887
887 422
422 509
509 377
377 335
335 346
346 54
54 997
997 760
760 724
724 239
239 470
470 579
579 984
984 982
982 251
251 537
537 947
947 551
551 96
96 849
849 784
784 550
550 30
30 188
188 97
97 77
77 291
291 76
76 253
253 919
919 419
419 294
294 101
101 714
714 314
314 952
952 15
15 117
117 306
306 160
160 799
799 165
165 366
366 415
415 889
889 555
555 635
635 980
980 102
102 562
562 433
433 151
151 777
777 930
930 150
150 424
424 639
639 893
893 962
962 955
955 358
358 196
196 112
112 716
716 53
53 193
193 909
909 744
744 260
260 845
845 144
144 111
111 700
700 896
896 979
979 152
152 556
556 552
552 707
707 67
67 787
787 373
373 692
692 666
666 969
969 238
238 447
447 287
287 443
443 348
348 411
411 793
793 858
858 248
248 966
966 231
231 612
612 340
340 881
881 911
911 298
298 626
626 936
936 756
756 135
135 643
643 704
704 17
17 159
159 912
912 864
864 166
166 959
959 601
601 667
667 975
975 295
295 634
634 774
774 71
71 445
445 977
977 393
393 503
503 339
339 883
883 418
418 55
55 627
627 331
331 951
951 594
594 583
583 771
771 13
13 68
68 689
689 149
149 216
216 665
665 805
805 733
733 673
673 672
672 884
884 543
543 938
938 898
898 945
945 367
367 195
195 321
321 542
542 857
857 781
781 218
218 279
279 792
792 425
425 964
964 877
877 830
830 608
608 401
401 412
412 143
143 313
313 359
359 829
829 118
118 926
926 677
677 381
381 44
44 788
788 600
600 396
396 408
408 592
592 122
122 10
10 564
564 527
527 958
958 851
851 584
584 871
871 681
681 93
93 842
842 380
380 286
286 370
370 705
705 431
431 668
668 682
682 738
738 801
801 458
458 934
934 742
742 43
43 818
818 720
720 430
430 364
364 199
199 432
432 619
619 290
290 115
115 132
132 103
103 184
184 597
597 414
414 732
732 686
686 648
648 568
568 90
90 776
776 215
215 838
838 182
182 179
179 402
402 739
739 741
741 12
12 79
79 310
310 903
903 180
180 203
203 139
139 728
728 698
698 848
848 835
835 879
879 477
477 973
973 929
929 502
502 664
664 935
935 972
972 353
353 917
917 569
569 743
743 211
211 164
164 454
454 946
946 684
684 715
715 312
312 511
511 250
250 610
610 696
696 544
544 508
508 790
790 670
670 400
400 505
505 83
83 224
224 65
65 11
11 266
266 343
343 840
840 441
441 807
807 280
280 232
232 469
469 308
308 351
351 895
895 259
259 942
942 752
752 797
797 526
526 153
153 18
18 694
694 213
213 389
389 337
337 64
64 19
19 517
517 767
767 141
141 16
16 688
688 524
524 356
356 613
613 170
170 609
609 990
990 341
341 49
49 240
240 33
33 38
38 899
899 354
354 653
653 631
631 586
586 861
861 976
976 674
674 420
420 121
121 20
20 803
803 383
383 78
78 736
736 563
563 510
510 88
88 45
45 302
302 388
388 644
644 538
538 283
283 206
206 574
574 382
382 856
856 486
486 691
691 989
989 273
273 859
859 52
52 711
711 630
630 94
94 675
675 557
557 944
944 751
751 113
113 907
907 386
386 257
257 641
641 822
822 392
392 655
655 701
701 226
226 51
51 876
876 533
533 737
737 158
158 66
66 363
363 735
735 303
303 642
642 993
993 914
914 869
869 275
275 254
254 796
796 219
219 646
646 161
161 299
299 397
397 535
535 333
333 773
773 214
214 759
759 464
464 423
423 342
342 127
127 336
336 513
513 481
481 825
825 202
202 693
693 560
560 659
659 573
573 768
768 108
108 99
99 507
507 59
59 925
925 119
119 981
981 875
875 220
220 256
256 404
404 904
904 489
489 908
908 599
599 281
281 28
28 410
410 478
478 81
81 85
85 632
632 466
466 403
403 58
58 570
570 953
953 866
866 782
782 264
264 491
491 810
810 438
438 468
468 531
531 288
288 800
800 923
923 654
654 376
376 590
590 62
62 330
330 245
245 598
598 615
615 92
92 297
297 252
252 863
863 960
960 548
548 933
933 580
580 2
2 678
678 506
506 174
174 571
571 956
956 32
32 39
39 971
971 595
595 209
209 809
809 852
852 558
558 523
523 385
385 587
587 27
27 699
699 236
236 755
755 816
816 616
616 325
325 191
191 493
493 384
384 873
873 221
221 987
987 84
84 725
725 515
515 34
34 941
941 429
429 841
841 176
176 124
124 536
536 395
395 304
304 329
329 844
844 588
588 230
230 826
826 421
421 9
9 371
371 75
75 453
453 145
145 957
957 763
763 882
882 437
437 6
6 652
652 931
931 713
713 811
811 390
390 300
300 965
965 163
163 106
106 872
872 706
706 967
967 123
123 906
906 138
138 142
142 444
444 272
272 37
37 456
456 450
450 669
669 21
21 197
197 553
553 525
525 680
680 41
41 190
190 172
172 874
874 901
901 862
862 276
276 24
24 301
301 540
540 246
246 985
985 201
201 521
521 271
271 802
802 369
369 22
22 192
192 710
710 628
628 427
427 921
921 819
819 581
581 349
349 559
559 479
479 703
703 50
50 452
452 988
988 426
426 130
130 449
449 954
954 334
334 900
900 726
726 120
120 262
262 205
