995 500000
309 463
463 540
540 645
645 113
113 149
149 200
200 886
886 690
690 828
828 371
371 80
80 173
173 453
453 316
316 305
305 18
18 932
932 638
638 631
631 195
195 871
871 642
642 567
567 163
163 788
788 77
77 848
848 874
874 789
789 92
92 399
399 632
632 257
257 977
977 285
285 662
662 831
831 457
457 530
530 603
603 330
330 43
43 189
189 515
515 224
224 11
11 581
581 992
992 67
67 320
320 697
697 659
659 573
573 915
915 310
310 347
347 70
70 803
803 613
613 910
910 661
661 784
784 737
737 552
552 229
229 959
959 32
32 368
368 63
63 355
355 283
283 351
351 307
307 49
49 33
33 165
165 832
832 806
806 332
332 715
715 976
976 350
350 621
621 594
594 695
695 83
83 608
608 236
236 193
193 948
948 175
175 459
459 809
809 174
174 359
359 346
346 599
599 708
708 62
62 119
119 222
222 489
489 97
97 826
826 299
299 472
472 926
926 889
889 546
546 949
949 962
962 866
866 557
557 565
565 890
890 178
178 60
60 185
185 449
449 863
863 943
943 477
477 72
72 276
276 24
24 303
303 90
90 918
918 22
22 612
612 578
578 396
396 429
429 902
902 536
536 761
761 764
764 779
779 531
531 680
680 853
853 469
469 137
137 325
325 383
383 558
558 277
277 152
152 483
483 952
952 254
254 664
664 478
478 23
23 670
670 914
914 356
356 27
27 358
358 929
929 907
907 126
126 507
507 377
377 494
494 911
911 145
145 394
394 416
416 794
794 436
436 598
598 800
800 633
633 604
604 247
247 869
869 26
26 296
296 674
674 858
858 643
643 588
588 691
691 666
666 117
117 785
785 827
827 920
920 14
14 217
217 422
422 692
692 533
533 168
168 373
373 747
747 20
20 198
198 86
86 981
981 249
249 759
759 746
746 139
139 144
144 279
279 255
255 656
656 807
807 50
50 787
787 860
860 194
194 821
821 839
839 865
865 819
819 523
523 345
345 541
541 111
111 810
810 208
208 987
987 329
329 597
597 777
777 840
840 122
122 432
432 994
994 547
547 17
17 790
790 38
38 268
268 71
71 569
569 228
228 849
849 384
384 118
118 792
792 721
721 870
870 738
738 512
512 8
8 289
289 658
658 48
48 842
842 125
125 672
672 240
240 102
102 966
966 446
446 433
433 628
628 718
718 577
577 258
258 811
811 315
315 58
58 363
363 59
59 917
917 408
408 712
712 442
442 273
273 955
955 375
375 10
10 418
418 595
595 167
167 148
148 711
711 306
306 130
130 93
93 1
1 549
549 892
892 556
556 816
816 673
673 334
334 237
237 30
30 607
607 109
109 340
340 980
980 868
868 348
348 989
989 462
462 739
739 931
931 424
424 364
364 957
957 687
687 743
743 880
880 843
843 925
925 28
28 592
592 606
606 700
700 498
498 211
211 323
323 514
514 522
522 671
671 681
681 698
698 464
464 679
679 521
521 123
123 519
519 209
209 872
872 820
820 205
205 35
35 233
233 899
899 238
238 901
901 4
4 647
647 953
953 278
278 905
905 171
171 766
766 660
660 526
526 768
768 975
975 352
352 710
710 729
729 177
177 589
589 668
668 460
460 406
406 328
328 99
99 207
207 669
669 300
300 66
66 693
693 132
132 401
401 227
227 518
518 96
96 380
380 302
302 421
421 683
683 140
140 904
904 74
74 129
129 245
245 950
950 246
246 825
825 266
266 882
882 287
287 321
321 386
386 510
510 191
191 876
876 781
781 783
783 936
936 590
590 791
791 833
833 502
502 186
186 575
575 644
644 586
586 179
179 88
88 854
854 201
201 812
812 965
965 616
616 160
160 986
986 864
864 824
824 450
450 294
294 365
365 430
430 941
941 906
906 808
808 488
488 451
451 447
447 686
686 734
734 259
259 694
694 579
579 798
798 225
225 699
699 187
187 677
677 988
988 516
516 183
183 282
282 709
709 754
754 593
593 548
548 657
657 744
744 242
242 538
538 769
769 641
641 176
176 903
903 553
553 367
367 884
884 216
216 652
652 138
138 431
431 162
162 908
908 288
288 780
780 331
331 398
398 844
844 862
862 370
370 57
57 52
52 414
414 441
441 585
585 297
297 730
730 623
623 991
991 758
758 945
945 467
467 65
65 154
154 391
391 655
655 37
37 961
961 480
480 151
151 500
500 916
916 327
327 438
438 954
954 75
75 45
45 837
837 133
133 235
235 635
635 354
354 215
215 204
204 2
2 799
799 543
543 239
239 263
263 492
492 509
509 529
529 829
829 452
452 767
767 61
61 505
505 265
265 267
267 134
134 813
813 776
776 601
601 411
411 682
682 344
344 497
497 714
714 537
537 786
786 95
95 726
726 42
42 104
104 260
260 475
475 938
938 435
435 280
280 646
646 78
78 562
562 40
40 587
587 353
353 79
79 486
486 15
15 181
181 470
470 560
560 974
974 84
84 535
535 823
823 960
960 856
856 836
836 967
967 717
717 838
838 437
437 142
142 221
221 855
855 705
705 404
404 574
574 407
407 883
883 203
203 409
409 940
940 180
180 284
284 923
923 930
930 264
264 605
605 281
281 89
89 252
252 485
485 87
87 376
376 676
676 214
214 625
625 696
696 532
532 481
481 199
199 688
688 54
54 947
947 369
369 713
713 667
667 164
164 128
128 314
314 749
749 274
274 804
804 261
261 244
244 760
760 963
963 944
944 234
234 972
972 504
504 385
385 720
720 937
937 528
528 39
39 131
131 867
867 639
639 248
248 602
602 750
750 448
448 706
706 157
157 397
397 192
192 922
922 665
665 94
94 654
654 112
112 596
596 702
702 372
372 9
9 545
545 619
619 933
933 559
559 490
490 379
379 120
120 878
878 493
493 845
845 439
439 6
6 82
82 301
301 159
159 210
210 968
968 343
343 135
135 814
814 155
155 341
341 580
580 685
685 402
402 170
170 269
269 634
634 412
412 202
202 461
461 555
555 956
956 413
413 727
727 476
476 253
253 182
182 640
640 624
624 973
973 338
338 114
114 733
733 275
275 184
184 861
861 357
357 582
582 508
508 939
939 251
251 250
250 636
636 622
622 342
342 951
951 241
241 802
802 539
539 53
53 724
724 25
25 725
725 650
650 153
153 496
496 885
885 68
68 190
190 617
617 382
382 919
919 98
98 742
742 415
415 978
978 571
571 924
924 381
381 891
891 417
417 772
772 474
474 778
778 473
473 723
723 875
875 444
444 19
19 312
312 223
223 797
797 731
731 765
765 551
551 317
317 561
561 782
782 487
487 626
626 291
291 387
387 689
689 554
554 895
895 970
970 440
440 313
313 76
76 771
771 443
443 29
29 958
958 520
520 106
106 295
295 169
169 524
524 403
403 774
774 51
51 678
678 815
815 614
614 361
361 308
308 544
544 675
675 722
722 47
47 21
21 166
166 736
736 445
445 141
141 984
984 796
796 44
44 857
857 107
107 566
566 753
753 231
231 121
121 630
630 124
124 292
292 366
366 465
465 942
942 912
912 897
897 360
360 511
511 751
751 318
318 629
629 64
64 336
336 841
841 100
100 419
419 850
850 835
835 101
101 993
993 108
108 304
304 81
81 36
36 707
707 156
156 852
852 653
653 770
770 990
990 745
745 946
946 212
212 230
230 55
55 995
995 888
888 921
921 740
740 349
349 425
425 5
5 206
206 513
513 506
506 188
188 913
913 637
637 900
900 374
374 979
979 388
388 466
466 834
834 898
898 262
262 610
610 226
226 243
243 896
896 583
583 16
16 893
893 542
542 609
609 732
732 468
468 763
763 393
393 31
31 525
525 775
775 971
971 455
455 983
983 426
426 271
271 105
105 218
218 934
934 762
762 454
454 649
649 752
752 793
793 879
879 427
427 822
822 773
773 756
756 136
136 110
110 801
801 116
116 534
534 272
272 456
456 428
428 648
648 293
293 491
491 735
735 684
684 728
728 741
741 846
846 410
410 985
985 143
143 591
591 213
213 46
46 335
335 484
484 719
719 576
576 339
339 615
615 324
324 817
817 85
85 322
322 830
830 161
161 499
499 256
256 501
501 298
298 41
41 434
434 146
146 755
755 423
423 7
7 618
618 550
550 232
232 703
703 3
3 286
286 877
877 887
887 572
572 568
568 158
158 964
964 564
564 471
471 479
479 400
400 969
969 818
818 620
620 570
570 197
197 69
69 319
319 392
392 196
196 847
847 651
651 805
805 503
503 928
928 127
127 378
378 458
458 881
881 150
150 34
34 600
600 103
103 220
220 290
290 311
311 716
716 584
584 527
527 405
405 611
611 495
495 563
563 482
482 13
13 704
704 873
873 115
115 517
517 172
172 56
56 757
757 795
795 147
147 337
337 395
395 851
851 73
73 389
389 420
420 390
390 859
859 91
91 748
748 935
935 333
333 627
627 927
927 362
362 701
701 982
982 219
219 270
270 326
326 663
663 894
894 909
909 12
