899 500000
212 142
142 186
186 498
498 396
396 87
87 72
72 338
338 331
331 583
583 853
853 627
627 769
769 187
187 255
255 232
232 411
411 759
759 184
184 486
486 695
695 616
616 262
262 227
227 360
360 224
224 130
130 79
79 35
35 78
78 344
344 64
64 736
736 556
556 715
715 206
206 100
100 467
467 696
696 726
726 61
61 379
379 789
789 287
287 62
62 463
463 750
750 165
165 137
137 443
443 618
618 169
169 728
728 125
125 662
662 23
23 464
464 394
394 13
13 390
390 235
235 514
514 414
414 606
606 44
44 158
158 451
451 814
814 839
839 885
885 765
765 611
611 700
700 312
312 536
536 406
406 649
649 547
547 629
629 388
388 774
774 343
343 575
575 468
468 356
356 6
6 110
110 325
325 579
579 763
763 474
474 185
185 872
872 128
128 828
828 573
573 796
796 321
321 225
225 14
14 628
628 816
816 803
803 722
722 598
598 172
172 481
481 69
69 254
254 150
150 435
435 469
469 849
849 153
153 740
740 42
42 270
270 761
761 838
838 593
593 39
39 88
88 267
267 400
400 108
108 682
682 405
405 5
5 840
840 783
783 341
341 2
2 55
55 205
205 436
436 786
786 201
201 351
351 772
772 355
355 261
261 702
702 123
123 867
867 216
216 19
19 134
134 655
655 659
659 81
81 508
508 861
861 689
689 115
115 427
427 535
535 790
790 278
278 387
387 546
546 807
807 215
215 738
738 680
680 471
471 77
77 661
661 221
221 889
889 678
678 592
592 566
566 864
864 758
758 878
878 409
409 632
632 612
612 277
277 685
685 675
675 693
693 300
300 192
192 421
421 120
120 307
307 402
402 826
826 133
133 229
229 720
720 324
324 724
724 16
16 663
663 236
236 151
151 314
314 380
380 17
17 852
852 854
854 865
865 404
404 214
214 894
894 301
301 635
635 367
367 439
439 795
795 509
509 412
412 33
33 63
63 65
65 347
347 809
809 386
386 174
174 259
259 487
487 198
198 420
420 841
841 502
502 652
652 228
228 792
792 281
281 181
181 781
781 113
113 163
163 194
194 868
868 501
501 742
742 874
874 734
734 741
741 752
752 200
200 383
383 640
640 306
306 755
755 479
479 220
220 732
732 189
189 27
27 658
658 160
160 253
253 743
743 354
354 418
418 801
801 637
637 408
408 525
525 274
274 617
617 482
482 66
66 690
690 458
458 103
103 694
694 54
54 687
687 582
582 131
131 470
470 821
821 18
18 899
899 580
580 819
819 375
375 847
847 528
528 363
363 565
565 626
626 641
641 283
283 322
322 779
779 584
584 317
317 370
370 472
472 871
871 148
148 24
24 691
691 760
760 334
334 829
829 392
392 494
494 609
609 650
650 48
48 358
358 603
603 624
624 99
99 3
3 114
114 545
545 858
858 374
374 276
276 268
268 493
493 273
273 199
199 625
625 263
263 75
75 164
164 353
353 605
605 549
549 686
686 827
827 258
258 74
74 531
531 188
188 559
559 604
604 842
842 285
285 191
191 310
310 175
175 622
622 873
873 506
506 644
644 553
553 757
757 688
688 339
339 835
835 86
86 190
190 459
459 171
171 90
90 432
432 25
25 692
692 47
47 751
751 823
823 34
34 778
778 832
832 202
202 173
173 83
83 241
241 860
860 511
511 590
590 780
780 223
223 101
101 279
279 808
808 836
836 82
82 316
316 292
292 182
182 524
524 892
892 222
222 799
799 665
665 76
76 521
521 882
882 431
431 831
831 144
144 71
71 280
280 329
329 284
284 118
118 806
806 576
576 586
586 602
602 601
601 291
291 58
58 359
359 578
578 422
422 303
303 217
217 245
245 8
8 488
488 633
633 157
157 209
209 26
26 485
485 296
296 20
20 104
104 856
856 257
257 129
129 744
744 289
289 91
91 754
754 550
550 313
313 417
417 496
496 886
886 219
219 762
762 668
668 716
716 68
68 539
539 377
377 445
445 37
37 497
497 242
242 176
176 677
677 554
554 537
537 12
12 833
833 162
162 1
1 7
7 167
167 820
820 621
621 709
709 180
180 870
870 638
638 449
449 168
168 490
490 730
730 145
145 767
767 391
391 850
850 812
812 226
226 880
880 615
615 561
561 775
775 888
888 170
170 664
664 530
530 407
407 73
73 336
336 787
787 460
460 32
32 161
161 863
863 891
891 457
457 527
527 446
446 708
708 43
43 208
208 240
240 15
15 845
845 59
59 883
883 210
210 879
879 112
112 705
705 413
413 269
269 656
656 595
595 265
265 247
247 499
499 766
766 29
29 11
11 119
119 805
805 875
875 154
154 771
771 645
645 785
785 544
544 895
895 335
335 500
500 121
121 717
717 768
768 218
218 518
518 843
843 532
532 433
433 297
297 735
735 729
729 442
442 747
747 4
4 323
323 403
403 896
896 381
381 233
233 352
352 890
890 46
46 718
718 749
749 178
178 149
149 572
572 320
320 136
136 851
851 38
38 596
596 721
721 713
713 770
770 22
22 147
147 745
745 452
452 869
869 857
857 302
302 348
348 304
304 251
251 782
782 239
239 111
111 328
328 739
739 822
822 395
395 591
591 555
555 41
41 533
533 788
788 811
811 266
266 666
666 127
127 138
138 562
562 881
881 703
703 548
548 132
132 639
639 52
52 10
10 855
855 368
368 597
597 848
848 683
683 648
648 523
523 197
197 385
385 681
681 398
398 719
719 671
671 250
250 378
378 453
453 371
371 753
753 476
476 426
426 492
492 319
319 646
646 401
401 430
430 177
177 817
817 146
146 444
444 272
272 373
373 21
21 543
543 461
461 634
634 89
89 49
49 141
141 116
116 503
503 884
884 571
571 672
672 567
567 159
159 564
564 330
330 122
122 526
526 712
712 484
484 196
196 309
309 252
252 698
698 340
340 366
366 294
294 684
684 84
84 183
183 249
249 614
614 326
326 450
450 9
9 96
96 764
764 623
623 299
299 327
327 282
282 204
204 364
364 230
230 376
376 731
731 512
512 139
139 109
109 515
515 676
676 410
410 746
746 491
491 679
679 286
286 711
711 651
651 345
345 538
538 238
238 30
30 98
98 714
714 346
346 438
438 126
126 31
31 897
897 448
448 80
80 825
825 797
797 670
670 57
57 94
94 798
798 107
107 674
674 631
631 70
70 92
92 483
483 248
248 155
155 478
478 876
876 791
791 824
824 195
195 36
36 776
776 305
305 784
784 357
357 455
455 804
804 560
560 810
810 465
465 53
53 588
588 568
568 563
563 260
260 246
246 93
93 541
541 425
425 428
428 608
608 237
237 830
830 350
350 504
504 156
156 399
399 697
697 231
231 288
288 534
534 105
105 707
707 56
56 95
95 372
372 893
893 866
866 152
152 710
710 898
898 67
67 361
361 477
477 424
424 587
587 647
647 642
642 234
234 97
97 773
773 589
589 636
636 673
673 416
416 85
85 594
594 557
557 599
599 40
40 653
653 166
166 522
522 777
777 643
643 630
630 45
45 706
706 818
818 513
513 516
516 243
243 135
135 429
429 179
179 859
859 60
60 613
613 725
725 701
701 447
447 102
102 193
193 211
211 333
333 117
117 440
440 441
441 581
581 462
462 793
793 50
50 271
271 393
393 140
140 574
574 542
542 315
315 585
585 837
837 519
519 495
495 834
834 293
293 434
434 423
423 699
699 415
415 733
733 551
551 610
610 349
349 384
384 667
667 365
365 480
480 887
887 275
275 475
475 727
727 704
704 510
510 517
517 489
489 298
298 660
660 505
505 124
124 207
207 369
369 723
723 558
558 800
800 308
308 794
794 529
529 466
466 802
802 844
844 419
419 295
295 669
669 540
540 577
577 437
437 862
862 256
256 756
756 311
311 389
389 28
28 657
657 737
737 607
607 815
815 106
106 332
332 318
318 264
264 213
213 290
290 473
473 456
456 748
748 244
244 507
507 813
813 552
552 569
569 619
619 362
362 397
397 600
600 143
143 382
382 654
654 342
342 570
570 51
51 620
620 454
454 337
337 846
846 203
203 877
877 520
