799 500000
108 722
722 481
481 370
370 526
526 313
313 107
107 308
308 7
7 134
134 332
332 709
709 357
357 307
307 10
10 386
386 760
760 522
522 538
538 678
678 340
340 784
784 160
160 244
244 235
235 389
389 636
636 692
692 720
720 168
168 465
465 176
176 758
758 221
221 524
524 385
385 740
740 649
649 198
198 640
640 786
786 27
27 642
642 738
738 467
467 162
162 778
778 267
267 196
196 17
17 629
629 228
228 254
254 788
788 152
152 303
303 112
112 448
448 33
33 770
770 746
746 631
631 549
549 58
58 530
530 712
712 533
533 776
776 704
704 74
74 735
735 657
657 119
119 226
226 85
85 728
728 337
337 705
705 551
551 502
502 412
412 494
494 410
410 222
222 274
274 424
424 42
42 634
634 793
793 106
106 768
768 246
246 95
95 149
149 427
427 469
469 309
309 297
297 482
482 48
48 553
553 266
266 475
475 283
283 92
92 420
420 568
568 555
555 6
6 497
497 445
445 320
320 595
595 707
707 215
215 330
330 509
509 609
609 612
612 207
207 101
101 432
432 193
193 621
621 380
380 454
454 435
435 321
321 457
457 276
276 675
675 225
225 364
364 659
659 234
234 409
409 126
126 547
547 601
601 182
182 785
785 349
349 18
18 745
745 625
625 156
156 486
486 749
749 94
94 180
180 278
278 183
183 485
485 492
492 37
37 306
306 117
117 541
541 312
312 358
358 782
782 169
169 441
441 573
573 473
473 361
361 281
281 588
588 780
780 25
25 710
710 155
155 232
232 170
170 114
114 550
550 487
487 31
31 382
382 757
757 763
763 450
450 369
369 277
277 211
211 131
131 751
751 490
490 513
513 733
733 210
210 504
504 464
464 651
651 470
470 26
26 336
336 1
1 791
791 16
16 747
747 508
508 523
523 737
737 422
422 400
400 516
516 64
64 348
348 213
213 84
84 633
633 67
67 257
257 290
290 423
423 558
558 45
45 391
391 191
191 128
128 71
71 518
518 787
787 647
647 505
505 748
748 241
241 60
60 608
608 584
584 88
88 286
286 483
483 294
294 250
250 462
462 639
639 341
341 577
577 49
49 711
711 698
698 713
713 645
645 428
428 190
190 80
80 438
438 44
44 220
220 408
408 463
463 5
5 19
19 98
98 693
693 539
539 82
82 561
561 146
146 122
122 767
767 723
723 688
688 61
61 637
637 351
351 689
689 109
109 525
525 765
765 797
797 326
326 233
233 201
201 43
43 113
113 130
130 544
544 574
574 459
459 734
734 342
342 429
429 77
77 418
418 256
256 206
206 567
567 65
65 766
766 648
648 478
478 562
562 729
729 293
293 329
329 166
166 739
739 20
20 687
687 611
611 202
202 102
102 285
285 681
681 189
189 167
167 764
764 118
118 398
398 756
756 566
566 591
591 230
230 479
479 682
682 582
582 163
163 214
214 517
517 615
615 676
676 315
315 194
194 151
151 664
664 395
395 347
347 699
699 372
372 381
381 24
24 414
414 401
401 691
691 132
132 694
694 415
415 528
528 426
426 185
185 271
271 224
224 264
264 269
269 655
655 404
404 63
63 137
137 140
140 546
546 158
158 187
187 614
614 624
624 105
105 90
90 406
406 762
762 34
34 318
318 376
376 635
635 360
360 30
30 790
790 714
714 557
557 12
12 598
598 53
53 147
147 405
405 379
379 662
662 73
73 754
754 243
243 537
537 696
696 742
742 772
772 9
9 127
127 607
607 50
50 75
75 81
81 204
204 402
402 798
798 129
129 433
433 627
627 534
534 253
253 419
419 333
333 56
56 371
371 794
794 172
172 443
443 83
83 777
777 476
476 367
367 703
703 138
138 97
97 252
252 47
47 510
510 139
139 352
352 52
52 104
104 76
76 644
644 295
295 229
229 394
394 237
237 587
587 70
70 238
238 353
353 164
164 545
545 421
421 116
116 570
570 236
236 161
161 730
730 407
407 542
542 328
328 339
339 148
148 217
217 314
314 192
192 499
499 685
685 178
178 343
343 316
316 165
165 656
656 491
491 249
249 632
632 736
736 581
581 188
188 300
300 554
554 335
335 124
124 248
248 617
617 783
783 623
623 69
69 199
199 471
471 425
425 345
345 327
327 673
673 150
150 572
572 186
186 153
153 384
384 652
652 208
208 718
718 536
536 604
604 610
610 503
503 715
715 270
270 179
179 449
449 650
650 203
203 578
578 569
569 397
397 78
78 247
247 717
717 686
686 585
585 304
304 769
769 200
200 35
35 507
507 123
123 653
653 702
702 359
359 488
488 596
596 630
630 344
344 288
288 79
79 439
439 559
559 721
721 565
565 331
331 706
706 789
789 383
383 796
796 279
279 684
684 571
571 334
334 141
141 727
727 600
600 466
466 646
646 62
62 506
506 175
175 552
552 616
616 392
392 477
477 592
592 453
453 68
68 89
89 121
121 13
13 292
292 484
484 323
323 142
142 29
29 725
725 311
311 120
120 46
46 91
91 325
325 514
514 529
529 521
521 669
669 350
350 219
219 40
40 255
255 302
302 719
719 535
535 388
388 597
597 390
390 446
446 354
354 282
282 416
416 586
586 66
66 519
519 741
741 564
564 212
212 665
665 700
700 679
679 239
239 41
41 799
799 680
680 496
496 628
628 3
3 531
531 781
781 444
444 575
575 23
23 299
299 8
8 638
638 14
14 93
93 51
51 125
125 145
145 368
368 205
205 136
136 773
773 563
563 296
296 262
262 594
594 227
227 96
96 216
216 431
431 663
663 602
602 197
197 666
666 511
511 430
430 403
403 579
579 543
543 495
495 436
436 143
143 135
135 512
512 753
753 28
28 683
683 4
4 440
440 373
373 245
245 273
273 258
258 417
417 670
670 355
355 580
580 365
365 346
346 287
287 110
110 671
671 779
779 755
755 2
2 280
280 468
468 154
154 668
668 99
99 87
87 272
272 701
701 144
144 661
661 461
461 301
301 460
460 363
363 759
759 540
540 57
57 515
515 240
240 265
265 209
209 322
322 654
654 643
643 399
399 171
171 619
619 792
792 447
447 744
744 284
284 605
605 338
338 520
520 289
289 472
472 305
305 452
452 695
695 324
324 72
72 263
263 291
291 317
317 752
752 115
115 133
133 181
181 527
527 775
775 590
590 54
54 231
231 103
103 593
593 261
261 626
626 268
268 750
750 672
672 437
437 556
556 455
455 375
375 660
660 583
583 11
11 195
195 378
378 618
618 374
374 613
613 55
55 501
501 795
795 396
396 622
622 362
362 599
599 111
111 724
724 658
658 620
620 677
677 697
697 251
251 732
732 489
489 493
493 223
223 442
442 275
275 674
674 157
157 100
100 641
641 743
743 36
36 532
532 771
771 15
15 38
38 716
716 774
774 177
177 39
39 589
589 474
474 356
356 458
458 387
387 86
86 22
22 259
259 32
32 174
174 480
480 606
606 667
667 59
59 184
184 298
298 377
377 21
21 690
690 731
731 413
413 456
456 548
548 319
319 451
451 242
242 411
411 173
173 218
218 498
498 603
603 500
500 393
393 761
761 708
708 726
726 310
310 560
560 576
576 159
159 434
434 260
260 366
