699 500000
98 424
424 410
410 298
298 464
464 191
191 39
39 205
205 234
234 212
212 553
553 601
601 639
639 524
524 640
640 25
25 158
158 12
12 41
41 491
491 99
99 133
133 684
684 581
581 675
675 282
282 506
506 199
199 96
96 393
393 373
373 394
394 544
544 60
60 164
164 651
651 604
604 312
312 687
687 286
286 245
245 347
347 366
366 518
518 126
126 75
75 11
11 177
177 432
432 101
101 214
214 326
326 636
636 349
349 596
596 613
613 556
556 547
547 264
264 322
322 465
465 40
40 420
420 673
673 486
486 278
278 210
210 356
356 330
330 569
569 159
159 668
668 426
426 206
206 303
303 586
586 249
249 442
442 470
470 216
216 485
485 34
34 440
440 352
352 560
560 521
521 392
392 43
43 696
696 577
577 670
670 536
536 10
10 578
578 388
388 398
398 378
378 196
196 59
59 561
561 294
294 123
123 255
255 483
483 584
584 511
511 646
646 150
150 93
93 31
31 567
567 660
660 280
280 51
51 517
517 545
545 539
539 340
340 346
346 91
91 168
168 343
343 248
248 387
387 416
416 151
151 534
534 691
691 155
155 308
308 162
162 202
202 226
226 329
329 53
53 404
404 374
374 146
146 548
548 641
641 300
300 564
564 452
452 463
463 515
515 583
583 591
591 3
3 425
425 291
291 325
325 637
637 192
192 259
259 209
209 305
305 24
24 119
119 173
173 211
211 428
428 665
665 448
448 489
489 315
315 445
445 468
468 314
314 183
183 614
614 585
585 621
621 676
676 243
243 481
481 106
106 570
570 559
559 2
2 169
169 250
250 218
218 236
236 683
683 113
113 542
542 198
198 533
533 492
492 252
252 678
678 30
30 589
589 382
382 137
137 386
386 653
653 371
371 576
576 566
566 166
166 384
384 307
307 203
203 336
336 643
643 296
296 351
351 23
23 276
276 433
433 104
104 239
239 112
112 453
453 657
657 359
359 154
154 522
522 363
363 265
265 449
449 695
695 635
635 70
70 318
318 293
293 272
272 447
447 629
629 525
525 319
319 439
439 270
270 244
244 532
532 68
68 332
332 543
543 224
224 45
45 84
84 186
186 499
499 180
180 71
71 503
503 134
134 644
644 317
317 612
612 144
144 190
190 685
685 283
283 138
138 335
335 507
507 232
232 139
139 50
50 698
698 262
262 46
46 215
215 692
692 475
475 201
201 341
341 18
18 407
407 251
251 413
413 143
143 107
107 571
571 423
423 360
360 273
273 94
94 247
247 116
116 688
688 405
405 1
1 406
406 194
194 323
323 674
674 6
6 327
327 13
13 185
185 494
494 268
268 258
258 662
662 638
638 666
666 434
434 609
609 647
647 266
266 671
671 74
74 237
237 658
658 263
263 677
677 645
645 222
222 47
47 451
451 487
487 669
669 535
535 338
338 156
156 328
328 167
167 376
376 648
648 197
197 195
195 238
238 541
541 659
659 171
171 408
408 73
73 114
114 306
306 362
362 90
90 383
383 217
217 429
429 599
599 33
33 516
516 500
500 228
228 230
230 667
667 473
473 477
477 365
365 28
28 523
523 125
125 504
504 417
417 681
681 77
77 42
42 257
257 455
455 233
233 54
54 102
102 281
281 309
309 421
421 575
575 527
527 444
444 267
267 37
37 128
128 443
443 563
563 161
161 302
302 467
467 170
170 175
175 321
321 381
381 290
290 594
594 642
642 348
348 606
606 160
160 623
623 610
610 385
385 310
310 117
117 86
86 526
526 87
87 200
200 358
358 697
697 269
269 472
472 36
36 157
157 510
510 57
57 419
419 100
100 344
344 552
552 19
19 337
337 389
389 147
147 187
187 182
182 38
38 97
97 353
353 380
380 368
368 207
207 64
64 682
682 121
121 277
277 531
531 79
79 549
549 14
14 654
654 618
618 76
76 457
457 163
163 78
78 174
174 256
256 375
375 275
275 460
460 427
427 399
399 208
208 129
129 595
595 446
446 580
580 148
148 313
313 179
179 274
274 528
528 558
558 582
582 513
513 229
229 342
342 514
514 339
339 369
369 572
572 260
260 32
32 412
412 355
355 579
579 512
512 628
628 519
519 505
505 633
633 21
21 271
271 61
61 600
600 686
686 469
469 450
450 241
241 540
540 597
597 311
311 103
103 225
225 622
622 220
220 372
372 462
462 396
396 437
437 333
333 619
619 461
461 142
142 509
509 145
145 493
493 562
562 48
48 193
193 331
331 484
484 655
655 478
478 80
80 354
354 279
279 288
288 181
181 219
219 409
409 22
22 324
324 4
4 530
530 35
35 699
699 124
124 316
316 565
565 630
630 593
593 44
44 497
497 297
297 289
289 301
301 66
66 482
482 88
88 551
551 320
320 178
178 27
27 235
235 69
69 132
132 501
501 474
474 498
498 105
105 431
431 189
189 136
136 109
109 254
254 631
631 555
555 557
557 400
400 496
496 693
693 135
135 95
95 240
240 458
458 694
694 350
350 130
130 454
454 9
9 650
650 188
188 63
63 141
141 165
165 617
617 246
246 227
227 58
58 120
120 466
466 223
223 495
495 83
83 285
285 221
221 438
438 7
7 620
620 550
550 118
118 608
608 108
108 29
29 456
456 689
689 656
656 153
153 508
508 401
401 607
607 626
626 679
679 592
592 471
471 441
441 65
65 390
390 611
611 16
16 370
370 520
520 111
111 85
85 624
624 357
357 397
397 605
605 176
176 415
415 379
379 672
672 422
422 127
127 292
292 122
122 480
480 476
476 573
573 62
62 364
364 49
49 5
5 204
204 361
361 110
110 403
403 459
459 435
435 17
17 131
131 15
15 56
56 625
625 287
287 652
652 20
20 598
598 391
391 55
55 574
574 82
82 253
253 615
615 67
67 284
284 149
149 152
152 634
634 242
242 680
680 395
395 89
89 488
488 664
664 377
377 72
72 616
616 587
587 81
81 632
632 411
411 590
590 184
184 26
26 627
627 140
140 690
690 502
502 602
602 546
546 345
345 529
529 295
295 92
92 172
172 334
334 414
414 418
418 231
231 402
402 568
568 213
213 603
603 304
304 490
490 649
649 554
554 261
261 367
367 538
538 299
299 588
588 661
661 537
537 663
663 115
115 479
479 430
430 52
52 436
436 8
