599 500000
122 32
32 341
341 205
205 5
5 361
361 308
308 506
506 432
432 165
165 412
412 340
340 74
74 504
504 304
304 26
26 358
358 579
579 253
253 115
115 195
195 105
105 245
245 38
38 284
284 229
229 292
292 116
116 396
396 565
565 129
129 187
187 208
208 86
86 273
273 442
442 575
575 302
302 568
568 563
563 147
147 371
371 179
179 24
24 574
574 145
145 580
580 261
261 8
8 278
278 587
587 53
53 525
525 350
350 406
406 322
322 598
598 134
134 9
9 500
500 349
349 549
549 368
368 521
521 380
380 301
301 475
475 185
185 203
203 249
249 66
66 583
583 469
469 490
490 357
357 515
515 492
492 388
388 446
446 394
394 588
588 343
343 96
96 95
95 114
114 384
384 240
240 50
50 216
216 483
483 238
238 227
227 251
251 235
235 536
536 99
99 101
101 347
347 84
84 346
346 230
230 132
132 7
7 529
529 576
576 592
592 460
460 338
338 190
190 54
54 27
27 482
482 367
367 264
264 276
276 319
319 202
202 424
424 544
544 170
170 221
221 294
294 107
107 82
82 372
372 258
258 272
272 363
363 286
286 271
271 551
551 360
360 478
478 407
407 93
93 594
594 43
43 51
51 214
214 386
386 307
307 316
316 281
281 419
419 223
223 30
30 532
532 345
345 36
36 542
542 548
548 10
10 498
498 269
269 222
222 56
56 64
64 364
364 19
19 156
156 262
262 224
224 260
260 449
449 353
353 167
167 545
545 577
577 232
232 344
344 299
299 465
465 14
14 472
472 225
225 106
106 290
290 496
496 280
280 497
497 518
518 526
526 417
417 451
451 150
150 71
71 2
2 365
365 443
443 217
217 558
558 327
327 447
447 125
125 291
291 63
63 556
556 310
310 21
21 23
23 288
288 426
426 559
559 233
233 325
325 455
455 77
77 140
140 351
351 61
61 309
309 393
393 435
435 385
385 68
68 557
557 366
366 522
522 550
550 34
34 164
164 45
45 242
242 152
152 434
434 231
231 112
112 218
218 507
507 458
458 136
136 493
493 477
477 256
256 266
266 348
348 516
516 211
211 554
554 467
467 403
403 255
255 571
571 331
331 468
468 391
391 296
296 13
13 48
48 517
517 28
28 206
206 513
513 1
1 530
530 400
400 159
159 85
85 142
142 439
439 586
586 389
389 334
334 87
87 520
520 135
135 499
499 92
92 369
369 94
94 220
220 595
595 408
408 429
429 151
151 127
127 133
133 352
352 441
441 313
313 456
456 31
31 102
102 100
100 567
567 390
390 519
519 462
462 113
113 241
241 326
326 62
62 200
200 354
354 427
427 128
128 197
197 454
454 484
484 157
157 508
508 268
268 537
537 143
143 470
470 555
555 17
17 192
192 375
375 481
481 596
596 573
573 379
379 198
198 78
78 123
123 287
287 383
383 416
416 560
560 333
333 171
171 303
303 176
176 111
111 445
445 254
254 153
153 324
324 330
330 189
189 59
59 428
428 103
103 374
374 144
144 162
162 139
139 599
599 69
69 178
178 289
289 297
297 70
70 279
279 480
480 582
582 265
265 328
328 318
318 52
52 72
72 378
378 41
41 97
97 395
395 124
124 60
60 12
12 411
411 539
539 248
248 35
35 487
487 182
182 183
183 359
359 392
392 285
285 204
204 22
22 277
277 464
464 356
356 494
494 430
430 436
436 120
120 42
42 177
177 466
466 423
423 523
523 323
323 452
452 295
295 155
155 275
275 252
252 118
118 213
213 541
541 250
250 180
180 207
207 355
355 415
415 413
413 404
404 239
239 505
505 138
138 418
418 46
46 329
329 65
65 377
377 282
282 193
193 76
76 503
503 148
148 117
117 226
226 495
495 540
540 194
194 437
437 104
104 15
15 188
188 561
561 212
212 317
317 274
274 501
501 173
173 243
243 175
175 591
591 75
75 47
47 149
149 535
535 533
533 476
476 431
431 91
91 398
398 311
311 25
25 174
174 527
527 163
163 58
58 33
33 448
448 257
257 457
457 236
236 40
40 4
4 382
382 524
524 81
81 376
376 44
44 67
67 267
267 321
321 39
39 489
489 362
362 29
29 305
305 18
18 336
336 562
562 246
246 538
538 259
259 509
509 339
339 83
83 312
312 186
186 109
109 79
79 57
57 581
581 488
488 219
219 234
234 410
410 510
510 590
590 237
237 593
593 453
453 119
119 401
401 166
166 502
502 463
463 332
332 306
306 589
589 110
110 569
569 196
196 438
438 98
98 3
3 172
172 131
131 425
425 461
461 399
399 49
49 315
315 440
440 126
126 531
531 320
320 566
566 199
199 485
485 552
552 146
146 181
181 584
584 585
585 421
421 16
16 244
244 11
11 88
88 474
474 130
130 209
209 215
215 553
553 73
73 20
20 528
528 37
37 370
370 543
543 55
55 564
564 90
90 158
158 387
387 210
210 270
270 479
479 578
578 337
337 459
459 572
572 422
422 450
450 169
169 335
335 247
247 486
486 141
141 160
160 154
154 263
263 512
512 414
414 546
546 298
298 108
108 471
471 121
121 491
491 511
511 514
514 168
168 314
314 191
191 293
293 6
6 283
283 597
597 397
397 405
405 89
89 228
228 373
373 433
433 201
201 534
534 473
473 402
402 80
80 184
184 161
161 420
420 300
300 137
137 381
381 570
570 444
444 547
547 342
342 409
