4
500 50000
757 0 0

29 9 0

14 9 0

444 120 3
1 0 2
1 0 4
1 2 3 0
0 1 2
4 1
116 1715 6
2 5 1 0 4 3
578 1 2
2 3
8191 0 4
5 0 7 2
639 247 2
3 4
106 984 9
3 8 0 9 7 2 1 6 5
4 2 11
10 5 1 9 7 2 6 4 0 3 8
2 182 1
0
24 26 5
3 8 6 9 4
187 126 2
13 4
5 3366 13
2 8 12 9 10 6 1 4 11 5 13 3 0
11 0 6
2 7 8 14 15 10
4882 2168 5
14 12 1 9 13
0 105 1
14
13 4 19
13 2 3 1 17 6 4 5 11 15 0 7 10 12 14 16 9 18 8
5105 2623 2
8 5
741 1 3
13 5 9
3936 6 15
16 0 9 17 14 3 6 7 13 2 1 4 20 11 10
1 29 0

16 0 19
17 6 11 15 9 23 21 14 8 3 22 1 7 12 2 4 20 19 5
722 0 0

2575 3498 1
13
1895 791 18
4 21 18 1 26 11 16 5 0 2 6 17 13 12 22 14 10 20
195 0 7
26 4 18 16 3 22 25
0 6408 2
12 19
58 6051 1
5
5856 285 21
6 29 5 17 18 0 3 2 30 20 9 14 13 15 1 8 22 27 19 26 24
528 0 0

61 7 1
2
118 597 5
7 17 15 30 13
9 1 22
23 12 22 26 34 24 11 17 28 4 2 19 30 6 31 10 15 1 0 14 29 33
1522 985 19
28 27 19 16 32 14 9 1 12 24 20 31 33 2 34 22 7 6 15
14 20 27
30 22 15 25 28 2 11 3 21 18 27 14 1 4 17 10 34 12 35 0 33 19 5 29 31 24 8
109 6512 10
19 27 6 33 31 11 25 14 7 23
470 3916 8
28 1 17 14 19 22 15 30
5 309 29
32 5 36 10 0 27 11 13 9 2 33 17 16 12 29 3 1 14 15 28 35 38 23 25 39 22 31 26 24
193 128 4
23 6 21 13
8761 8 14
37 36 25 2 38 8 27 41 11 32 16 12 30 17
24 5215 7
35 5 40 18 24 21 37
0 0 26
3 43 13 34 10 26 32 11 6 7 28 15 16 39 41 2 42 37 30 18 25 24 23 14 8 36
2 3 24
19 43 41 5 17 24 42 1 26 8 15 25 39 13 10 18 14 11 12 29 27 20 23 44
1880 4 17
9 31 37 13 25 11 1 45 5 20 29 34 22 30 42 4 14
5404 0 12
27 9 1 26 5 42 31 28 34 3 21 17
1 2 27
35 9 30 32 20 33 46 6 4 3 41 47 27 17 39 21 7 25 24 8 5 31 37 28 12 16 13
723 22 5
24 34 5 17 16
78 1 4
27 36 2 38
362 20 7
16 5 28 45 23 0 15
0 227 23
45 34 41 15 40 51 25 6 10 12 38 35 29 7 3 13 50 46 23 22 19 39 37
6 2 5
14 34 3 32 42
1 11 28
4 28 35 24 53 48 46 30 22 49 51 52 17 29 16 13 5 26 23 20 36 32 40 9 47 11 42 27
1 9995 11
38 53 26 12 2 31 16 47 9 39 32
0 4795 6
13 30 24 48 16 2
50 398 27
18 20 33 56 44 5 46 38 32 41 28 29 11 51 35 39 52 2 10 13 47 21 23 19 17 37 3
4672 402 14
55 48 30 3 20 52 32 34 49 38 22 42 26 51
2537 11 10
55 7 38 49 12 14 48 15 32 54
5941 1321 26
20 8 27 29 0 22 9 2 28 47 45 30 54 11 48 23 18 15 46 43 41 14 50 40 21 33
18 13 11
36 43 4 49 30 20 21 10 14 5 60
0 2539 5
42 39 28 11 10
0 2 10
10 32 9 50 20 45 43 39 23 30
2584 2463 17
49 61 59 1 35 33 27 44 14 41 20 2 16 15 17 47 8
462 4985 25
44 27 41 48 58 57 16 39 63 30 32 22 25 13 5 10 0 50 37 34 9 17 1 59 55
5717 3887 19
15 1 19 30 52 4 56 57 11 27 33 35 22 43 59 54 3 16 49
930 3945 27
1 30 65 56 31 50 4 0 63 20 39 19 21 61 42 49 2 8 24 52 51 54 5 45 9 47 38
211 4587 28
23 38 51 45 53 8 34 48 56 12 33 16 54 18 62 63 37 9 0 14 39 28 22 5 55 40 27 15
362 7 23
5 22 56 53 32 2 62 7 34 63 68 18 28 42 16 3 30 44 6 60 49 19 40
9 151 16
66 42 41 68 55 20 0 10 37 32 43 56 44 12 28 63
0 11 21
43 14 23 62 34 69 37 15 25 38 42 53 50 6 39 28 4 7 17 57 41
0 0 4
27 21 14 43
7396 3503 24
69 23 52 29 54 66 25 6 9 42 19 27 26 31 64 45 3 33 17 61 15 47 43 36
3774 0 24
17 42 2 4 16 63 7 0 37 64 46 55 62 31 8 65 50 11 73 69 30 13 44 29
0 11 17
47 48 56 67 10 73 13 39 26 66 59 72 21 68 60 63 32
6051 466 9
74 32 10 9 51 60 53 72 54
0 162 10
18 41 63 45 44 39 75 67 61 30
38 4125 15
28 34 40 60 8 46 50 12 75 53 49 42 58 9 7
142 5692 28
32 72 40 70 10 75 8 18 7 29 64 38 30 17 25 2 56 60 11 62 28 67 14 63 59 37 21 23
0 1 18
24 73 57 41 9 38 68 72 6 66 23 62 65 12 55 20 79 40
3663 278 28
11 6 71 42 48 61 55 14 10 4 52 37 18 13 56 28 21 40 19 24 38 17 64 15 72 46 57 70
1452 4835 5
4 41 77 62 66
91 17 15
49 72 3 52 22 58 28 51 34 39 50 62 1 68 82
5 259 20
35 64 75 82 34 15 57 6 70 62 56 10 11 72 69 52 63 28 73 5
2 17 18
15 12 55 56 2 8 21 76 63 52 49 62 82 78 71 33 11 28
52 1889 8
77 28 24 19 72 59 42 62
680 2 8
70 46 23 25 40 12 63 60
3772 1340 10
41 5 75 66 15 9 42 8 68 37
9110 626 1
42
816 1415 16
80 71 20 89 78 13 49 23 50 48 12 17 79 43 45 28
518 5 12
54 52 31 10 49 40 69 85 39 46 35 64
11 21 7
62 3 41 83 53 12 71
94 74 6
83 90 61 48 72 4
2 188 4
7 56 16 76
824 0 26
89 28 57 17 33 1 77 4 93 63 80 47 11 84 6 70 40 21 74 69 83 53 38 52 23 85
5031 1040 28
6 29 58 87 7 80 89 16 0 68 64 19 36 8 11 9 41 32 83 77 51 47 31 62 50 13 34 63
1146 0 30
90 44 81 39 10 49 20 65 28 43 53 3 89 52 73 95 23 67 72 78 51 68 88 77 82 12 37 16 83 55
11 1 2
42 1
10 4845 7
90 33 14 49 98 22 96
634 0 28
96 77 86 75 20 39 14 80 31 53 8 29 95 59 65 1 49 79 55 94 7 69 12 92 41 28 24 70
5 0 28
76 20 33 56 29 41 40 30 96 6 64 91 79 74 98 46 3 1 35 17 54 100 0 58 22 85 94 4
2605 11 22
52 33 83 1 45 10 87 77 95 58 29 37 54 93 88 20 98 76 44 55 67 32
587 905 27
92 8 12 102 4 24 67 72 10 98 45 26 3 81 65 89 84 51 49 9 96 79 35 43 88 20 16
194 814 17
85 36 44 75 47 57 41 72 56 20 22 32 15 1 51 24 93
7239 1 29
4 94 23 79 86 42 68 38 102 96 78 82 83 29 5 19 10 21 6 18 8 85 76 97 100 80 32 11 12
1214 0 12
56 78 8 7 23 88 31 18 66 68 96 30
1 8692 4
47 41 2 9
2197 28 3
12 3 37
19 5148 0

0 3503 7
11 51 67 23 76 45 62
31 5 23
82 34 31 56 52 95 12 97 1 29 5 47 36 99 64 24 65 4 77 11 17 6 76
2 1201 25
63 104 109 16 72 7 89 30 84 35 38 56 68 37 107 3 54 66 106 29 13 0 14 71 98
1448 168 2
4 88
0 102 27
2 92 45 42 86 90 80 10 22 26 38 57 76 51 12 113 15 43 83 79 110 4 97 54 27 95 94
7983 4753 23
6 69 70 15 62 1 8 58 53 75 89 19 74 49 63 79 18 26 81 16 30 17 104
148 33 19
82 96 105 114 28 49 103 74 53 1 60 59 5 88 26 7 17 0 102
0 158 7
1 115 2 82 58 6 113
3489 115 11
22 34 94 20 39 107 53 52 91 12 116
4656 464 21
66 12 52 44 38 87 56 74 117 0 19 76 8 91 115 59 113 29 90 30 107
31 24 10
28 97 5 30 18 118 110 77 42 72
880 3 4
55 58 94 53
19 2399 1
117
2591 257 30
120 31 35 25 112 48 90 61 15 88 20 101 26 5 33 53 68 56 103 8 16 79 55 85 97 23 104 111 50 1
2 19 14
14 105 107 13 120 49 94 97 4 0 119 47 34 108
618 959 2
119 64
359 250 20
108 43 29 107 60 53 89 82 123 78 103 109 62 74 34 79 121 67 38 32
4152 81 4
125 70 56 113
0 987 13
70 86 31 23 117 116 41 17 92 74 102 55 115
221 6646 25
2 128 124 16 84 67 42 57 14 46 85 12 21 106 60 15 113 74 20 71 98 26 101 30 75
10 88 9
16 94 26 101 88 35 1 107 78
278 30 3
5 121 111
481 1 7
88 129 81 36 86 72 37
273 5 30
81 12 29 19 117 46 114 52 27 84 103 7 34 99 96 40 15 60 90 5 11 63 97 77 10 126 86 116 93 101
994 115 1
59
6598 16 30
96 10 64 25 82 79 110 69 72 70 57 119 78 6 77 95 48 87 108 129 56 12 76 97 55 68 105 103 125 114
10 20 2
47 7
951 4677 27
28 53 134 110 44 19 94 69 45 54 37 49 117 52 57 5 48 100 20 109 107 64 119 79 127 22 34
96 4 13
8 18 43 39 33 9 51 135 28 80 44 24 85
766 835 14
80 98 64 75 104 91 55 137 25 100 68 7 39 36
2570 51 13
125 35 120 24 110 93 89 14 116 75 109 99 73
3 1515 19
34 65 31 108 14 48 17 135 72 121 93 99 23 30 52 133 104 76 66
7506 6926 15
16 74 124 9 42 64 101 19 59 73 80 120 117 104 41
0 236 12
126 25 69 43 40 64 29 72 33 20 85 71
2312 0 22
27 26 114 36 29 132 37 28 39 100 76 115 83 91 59 10 34 56 12 16 119 22
7 12 30
142 85 9 47 104 118 63 87 29 124 28 26 38 83 7 100 101 0 144 99 35 37 125 46 49 98 2 123 107 57
1 2074 23
145 101 88 84 96 138 19 115 113 133 131 49 127 144 75 100 94 112 140 139 40 125 85
222 68 5
129 75 133 137 7
483 9082 25
10 141 134 74 60 73 23 32 143 85 111 109 97 18 28 34 129 41 116 39 1 98 79 25 57
46 4 27
71 1 72 2 20 114 23 94 87 138 51 109 49 7 60 9 101 54 69 8 136 128 36 42 26 52 144
421 3144 28
71 75 54 138 55 111 133 136 100 65 120 122 132 36 82 49 103 42 51 33 20 124 77 17 11 56 88 19
3 384 15
84 136 122 45 19 88 7 5 23 4 105 53 114 31 126
2 1309 17
109 29 95 129 36 58 32 55 128 5 61 52 20 57 120 116 85
505 0 29
87 109 59 66 126 43 93 96 9 20 81 37 49 0 147 18 2 57 101 115 40 133 11 144 114 136 33 54 146
0 4187 2
106 43
0 1261 28
26 76 151 134 1 71 11 109 152 123 41 35 126 63 146 49 124 9 56 85 15 18 122 99 121 64 81 62
1728 3882 22
31 119 81 83 89 38 146 8 4 73 153 13 78 18 53 97 65 143 42 101 92 111
3202 5 4
7 63 126 135
8885 62 27
14 5 132 33 64 27 141 57 111 78 41 29 0 118 52 46 79 119 154 62 138 126 116 130 84 102 47
1367 12 2
122 117
1 149 22
109 142 11 30 37 76 123 74 63 70 146 59 43 64 46 26 77 125 21 18 143 23
254 30 0

94 13 16
68 105 129 135 4 1 153 10 82 67 25 15 101 19 149 70
865 0 2
71 116
18 1042 19
95 5 15 49 134 103 12 62 84 123 124 41 161 56 50 44 63 39 137
6494 264 23
142 57 45 92 1 21 115 33 138 52 63 54 7 139 74 18 22 60 34 73 39 143 109
6278 349 10
51 88 97 125 80 107 39 59 140 41
0 0 1
156
62 1416 11
93 128 7 30 35 107 13 127 31 1 97
1 3882 17
168 65 70 76 84 143 97 95 156 30 101 163 91 36 102 12 49
11 184 20
126 89 56 15 53 46 27 82 63 152 125 96 160 121 136 36 83 64 101 1
0 2 6
67 7 31 52 97 126
1441 4634 22
155 165 136 42 11 51 67 43 97 36 24 148 84 10 64 46 107 82 153 12 69 157
8 55 28
155 46 126 121 13 143 76 128 27 158 96 89 103 116 142 1 112 135 49 66 91 172 21 94 75 25 149 79
25 1785 25
34 116 16 126 36 76 120 125 19 27 22 55 65 9 172 29 31 5 56 164 0 58 32 88 20
147 40 2
152 4
1 27 23
82 45 123 92 95 67 17 84 97 110 163 83 69 55 56 115 116 39 73 50 76 0 49
6 0 13
176 130 51 173 23 4 156 70 91 77 90 12 119
36 8 21
2 55 148 34 118 54 123 105 113 78 94 142 128 165 68 76 84 53 79 120 162
7 1 18
4 89 102 90 167 163 34 108 104 81 101 119 23 28 117 110 91 105
0 960 25
35 81 42 136 177 67 6 137 66 110 91 97 154 176 1 121 3 22 178 9 96 153 148 172 64
899 2067 12
35 49 127 167 146 166 105 55 143 88 37 22
48 0 11
116 114 111 103 124 107 150 89 138 88 139
221 0 23
16 74 108 8 89 29 109 176 1 104 78 19 50 53 167 125 43 72 151 88 4 123 161
2 150 30
50 145 57 129 179 53 121 124 101 69 180 67 81 127 99 51 148 39 100 56 12 130 103 55 76 91 172 29 136 13
384 614 6
114 100 169 34 60 170
2327 28 1
24
59 1 1
145
6 82 26
25 132 139 38 72 150 154 10 162 112 9 165 3 32 160 95 69 54 182 114 53 187 113 169 167 47
4609 0 13
126 93 127 27 186 143 72 8 146 45 121 74 175
3167 3949 22
94 0 117 86 104 112 71 153 106 22 166 17 10 47 79 56 37 29 4 167 178 1
4844 1597 15
54 184 2 148 187 185 110 29 1 126 67 75 137 28 149
3 530 28
101 98 65 182 64 175 38 5 39 141 123 82 151 8 24 16 11 1 36 104 34 44 127 52 118 71 47 79
3 1115 8
137 117 65 0 5 45 20 55
3835 4778 30
72 6 126 159 180 154 158 66 151 88 11 169 44 92 129 35 118 108 191 41 97 14 124 164 181 176 63 30 53 83
112 5953 7
164 160 173 10 189 58 92
5614 9502 30
51 153 186 119 166 111 13 158 3 126 167 14 55 60 74 159 44 48 23 37 187 86 151 104 95 184 175 16 92 40
2 2011 3
146 48 117
281 8093 11
134 180 168 71 189 42 27 93 166 194 53
135 73 19
121 186 26 141 73 6 22 167 80 97 114 153 1 161 40 100 3 165 58
1297 0 18
72 93 142 58 137 2 39 53 145 189 69 102 36 79 59 70 75 99
2252 0 28
200 146 119 185 42 45 199 1 171 93 170 9 2 145 64 165 49 138 177 81 120 180 192 129 178 50 26 114
1029 0 26
124 50 104 155 183 136 87 142 167 195 187 61 29 65 114 94 164 109 78 176 42 47 22 161 128 34
5 1 1
68
15 2678 9
133 152 55 119 189 126 47 79 71
4588 0 3
118 125 155
0 0 9
87 101 188 170 158 11 150 14 140
71 8177 30
104 66 102 36 141 21 186 23 191 4 8 76 200 158 179 169 77 192 168 126 22 139 14 123 114 99 45 63 202 159
9 3584 29
104 140 66 173 123 79 30 122 20 205 152 168 193 171 83 51 136 184 196 113 19 189 169 192 34 73 71 48 146
0 14 27
62 27 56 148 123 205 92 176 101 139 95 133 180 69 18 108 51 168 43 88 171 3 87 116 59 122 109
140 2788 27
205 195 97 8 181 123 52 189 17 99 180 54 115 90 169 155 0 174 10 142 29 80 88 202 66 14 67
4046 275 20
176 76 201 172 71 88 115 32 194 119 93 17 136 65 118 197 122 186 146 123
398 2889 29
197 182 97 210 123 77 124 164 84 162 201 177 211 85 185 129 199 203 196 187 6 94 34 157 167 0 169 161 134
5974 8 16
22 163 102 135 28 119 166 53 114 37 45 208 199 140 49 188
2160 2 7
187 46 69 38 183 95 151
0 1 25
120 21 144 200 185 54 20 197 135 103 195 205 29 58 16 170 44 202 129 121 77 12 214 152 59
6627 46 6
150 31 93 42 25 18
266 32 6
185 110 76 206 90 89
0 87 7
107 189 12 9 155 51 80
49 5353 11
6 165 80 121 11 129 2 51 183 150 25
16 4803 15
191 19 82 50 10 210 199 126 94 218 146 69 85 98 92
1 5996 26
89 106 154 24 42 50 85 216 109 31 209 156 189 62 207 81 35 43 151 116 38 146 169 73 187 174
2883 6049 26
179 13 105 38 69 117 80 32 53 212 204 138 207 85 183 210 191 154 203 6 115 193 157 108 19 140
4512 2946 20
161 164 11 43 194 102 151 200 0 213 117 68 35 95 221 99 49 81 132 175
7555 7231 0

3374 128 7
146 80 29 131 10 135 99
519 6730 17
34 61 188 17 225 152 18 80 129 92 11 81 198 143 131 94 153
4006 1 17
149 88 66 184 108 20 167 99 141 140 64 10 5 136 72 119 156
389 1 1
220
3045 4880 2
28 31
1 122 26
90 158 116 167 220 174 33 212 67 154 22 54 155 194 123 150 4 25 9 190 47 44 20 178 207 104
46 1420 3
42 103 218
293 2042 23
125 44 159 194 145 30 40 170 96 0 215 12 39 200 105 142 3 41 65 2 92 31 29
816 3947 11
97 158 135 41 183 93 28 33 228 122 66
11 0 10
90 181 220 6 136 66 28 166 100 67
78 898 4
62 175 202 7
0 1 18
193 36 210 142 99 86 209 64 230 141 182 229 78 49 53 129 21 66
128 8087 0

11 2898 6
153 75 176 54 193 188
1775 3 21
180 126 23 168 78 182 61 59 166 80 152 108 89 90 212 139 119 30 130 37 56
39 82 1
41
0 3402 13
167 40 210 169 94 220 154 115 90 148 227 106 199
21 19 7
182 219 213 73 75 238 144
1443 0 0

1655 5809 23
14 139 23 46 233 170 2 89 39 216 0 50 75 219 51 13 109 71 195 44 135 150 188
2 7114 6
105 103 148 185 54 164
9 0 25
110 22 41 71 79 68 13 46 30 85 163 101 159 54 188 27 36 75 190 50 242 169 120 53 17
823 1280 20
126 199 50 106 151 165 220 225 95 186 141 59 60 61 123 103 88 22 74 163
8 3 20
97 57 139 244 66 27 42 60 99 63 89 153 123 241 79 205 106 18 64 30
1888 4502 28
96 121 163 99 222 87 173 20 26 235 181 72 170 45 24 174 69 227 82 219 183 9 232 199 102 133 139 22
555 15 15
163 28 196 77 56 49 174 83 84 21 153 80 51 98 202
3990 2166 0

507 62 2
3 172
1405 2253 4
114 20 124 118
1117 3 22
253 167 5 95 166 141 226 193 143 150 109 160 112 194 47 189 164 9 223 155 91 220
1553 1 23
92 85 204 19 22 56 67 185 72 237 43 210 131 162 192 241 187 112 89 105 0 203 71
0 31 12
101 138 52 245 86 185 22 153 148 212 72 60
0 6 28
94 76 211 170 71 5 34 115 124 46 110 78 171 178 89 10 126 197 109 69 165 202 43 44 21 117 125 174
3561 646 23
120 236 112 189 104 105 171 10 64 206 42 5 213 89 43 150 99 237 217 77 218 133 235
2309 8178 8
114 170 16 175 197 134 24 156
0 3389 1
162
860 28 23
226 110 54 167 115 82 127 46 3 39 183 219 99 137 218 14 253 256 51 85 212 24 67
477 681 28
18 257 198 126 8 30 136 205 17 250 19 216 68 190 199 40 227 98 213 192 51 117 81 129 9 132 62 166
337 127 11
139 245 135 44 4 134 92 74 83 237 17
7176 10 28
78 93 39 157 40 116 142 90 118 249 216 160 28 101 14 155 26 204 145 252 159 76 128 192 16 197 70 234
271 5035 10
194 44 146 202 94 112 236 74 56 189
24 376 29
242 36 155 143 64 166 187 44 18 213 204 124 226 6 220 23 251 265 58 27 179 253 8 227 11 141 259 246 46
3685 2120 12
185 152 141 26 163 217 55 17 45 73 121 24
326 7703 29
245 129 144 40 93 252 17 145 246 231 54 24 69 39 132 94 104 76 87 128 204 153 227 2 155 194 243 249 168
4448 0 15
151 33 222 257 204 67 59 234 198 219 51 20 8 184 169
6 0 0

1009 18 15
238 32 215 8 45 216 200 207 256 229 3 96 144 119 106
2598 0 28
68 203 44 115 94 264 253 39 119 48 72 149 60 8 246 252 266 237 45 217 88 192 81 238 265 133 118 227
3118 3 2
106 104
11 0 29
118 61 229 140 201 80 133 4 71 243 53 151 215 54 247 113 148 214 84 168 263 26 258 109 264 242 69 153 115
8 0 0

0 3424 21
242 9 97 234 165 154 109 0 132 113 139 142 265 17 126 179 103 144 38 248 37
0 228 28
89 252 40 95 58 108 265 135 23 81 184 185 103 245 36 242 218 273 211 197 228 14 143 187 123 80 262 83
0 26 4
62 53 226 196
25 1730 27
248 119 172 180 27 6 240 237 212 31 80 187 218 190 207 83 145 79 68 70 81 57 228 225 138 222 198
97 2 2
49 275
0 523 22
13 58 203 256 96 179 183 126 194 22 75 155 26 44 65 122 20 10 219 165 250 191
603 1416 3
194 173 5
179 56 1
2
108 3970 18
96 69 268 178 72 259 66 95 266 148 73 47 151 118 204 167 221 248
1237 1177 13
211 82 74 207 83 255 230 278 166 102 38 95 138
291 9 3
224 185 154
3044 0 8
284 196 250 236 231 242 4 15
0 0 18
278 272 85 250 161 123 59 198 90 45 209 202 273 14 128 130 6 253
0 1289 3
54 185 93
5130 628 30
166 253 155 39 55 165 14 58 278 281 152 193 180 135 195 264 162 283 126 131 275 117 70 289 36 184 147 51 157 259
603 4 8
282 19 216 3 41 259 123 227
7 7 11
214 226 230 194 119 103 132 276 137 153 264
0 194 0

21 423 28
86 121 51 210 7 73 110 236 287 198 29 39 113 5 91 254 65 116 85 36 54 74 126 125 97 200 244 138
6461 49 11
7 285 100 74 211 287 39 213 172 233 256
3409 23 18
65 234 129 291 265 74 87 116 52 37 51 84 97 64 194 237 96 187
5124 220 24
139 204 205 237 267 142 195 222 249 184 42 255 120 18 182 232 229 54 197 253 203 169 141 270
0 5 4
189 292 161 210
49 2 8
176 73 267 261 30 130 136 153
0 61 6
218 131 42 193 238 219
8366 0 14
247 3 12 58 213 123 236 190 137 202 60 268 109 288
346 5845 16
272 179 144 33 249 235 56 292 290 172 199 138 1 188 295 239
8933 4603 26
185 108 192 77 205 63 253 217 293 175 43 172 290 167 131 130 164 57 281 154 286 202 51 222 267 73
1 771 26
150 265 239 160 197 101 280 23 196 156 207 89 203 62 260 174 143 79 63 216 19 110 275 152 140 246
499 290 27
295 125 294 288 60 61 282 77 188 176 297 227 98 24 3 230 242 141 35 48 287 99 258 74 104 220 301
3 0 0

7 0 24
276 215 37 169 306 137 174 76 145 166 132 4 118 277 65 285 19 291 11 232 196 228 153 262
202 90 12
67 35 135 1 72 243 139 14 283 230 213 117
24 1567 10
264 280 278 146 93 197 138 199 134 238
446 6 17
212 213 168 244 88 274 119 187 207 129 37 178 226 198 39 209 162
0 74 8
124 55 81 106 42 291 128 272
0 4288 30
154 100 99 164 202 297 35 237 171 120 211 236 255 86 25 179 291 166 34 88 94 101 130 85 203 246 153 185 269 95
6 2185 17
33 0 203 230 235 81 127 1 197 187 254 114 211 297 146 7 259
249 8 24
243 83 142 297 3 16 236 15 74 10 290 129 265 214 37 13 306 87 170 131 163 88 34 8
3909 5480 13
108 162 127 22 180 31 248 212 86 220 0 63 149
1802 0 15
46 109 76 266 51 83 175 261 283 259 112 234 282 130 7
29 0 24
308 119 157 232 143 271 103 162 11 212 51 172 243 283 56 23 250 256 237 164 54 91 146 206
2 0 14
232 121 170 179 294 153 68 296 224 250 2 227 181 213
2094 5 0

2694 0 2
112 261
816 0 24
99 61 85 137 28 173 320 162 190 22 240 45 238 165 118 73 65 13 294 74 30 101 302 120
996 4 3
303 55 29
6526 46 22
268 149 98 115 74 99 86 226 94 156 197 116 100 68 295 147 229 258 178 57 240 306
494 0 1
177
51 10 13
99 59 120 192 298 176 12 69 180 221 276 34 73
3063 240 10
55 108 181 198 192 41 117 101 300 115
275 8 9
297 236 84 117 170 126 262 102 63
345 195 1
47
16 1 30
114 100 86 193 298 247 79 116 148 218 321 42 88 150 295 216 200 264 61 9 283 233 18 212 195 308 56 163 162 222
100 15 21
81 101 229 273 324 294 215 232 97 72 253 154 328 200 69 57 322 104 65 259 314
2 6 28
262 66 204 193 280 145 296 105 191 219 271 149 152 23 192 183 140 42 21 11 281 304 65 78 120 82 196 161
23 7 20
157 112 162 31 261 161 18 100 154 89 311 262 177 47 287 280 173 117 102 283
0 1 22
84 193 127 316 3 135 270 154 245 105 30 287 146 68 137 104 327 17 161 201 26 157
2 203 15
261 48 95 123 190 245 319 227 242 44 185 274 115 152 35
6770 0 22
94 7 11 278 14 47 223 179 269 183 206 242 273 227 262 240 70 195 117 163 283 53
0 238 0

40 5 30
66 199 250 239 336 274 198 269 8 165 96 321 6 263 142 189 333 130 191 205 42 73 9 279 222 2 190 215 164 90
30 0 13
157 175 315 199 325 111 161 313 47 136 337 164 77
2614 353 25
162 75 223 24 68 34 93 298 157 51 256 128 329 277 63 98 278 275 211 212 95 154 190 283 314
186 0 29
3 112 339 198 326 245 181 205 47 224 76 81 220 240 121 268 72 29 143 0 161 79 134 300 115 51 241 335 235
84 2 20
46 231 292 250 333 61 74 191 69 308 252 217 114 27 199 127 324 125 319 276
37 2619 19
151 199 183 63 197 195 182 136 238 24 49 277 324 53 51 5 211 301 105
8 20 28
134 94 256 243 28 120 340 195 145 178 200 16 327 263 44 48 29 69 8 90 304 289 235 272 88 270 302 54
5375 7126 0

326 406 3
269 28 135
1 0 22
6 310 228 254 200 264 35 22 169 309 122 251 145 196 115 275 142 58 25 138 311 204
4019 2 21
1 263 42 316 30 184 207 139 133 168 147 203 150 132 93 90 20 226 334 125 143
78 519 18
30 48 54 78 74 298 211 277 289 13 172 332 84 323 58 285 240 286
8490 220 9
225 155 182 115 250 226 270 274 31
740 0 14
188 116 127 57 18 160 152 308 195 110 260 349 103 243
127 0 25
315 213 63 197 83 16 237 5 58 245 39 259 78 263 173 282 124 252 231 90 266 324 29 153 51
720 46 22
133 61 293 229 3 344 206 136 93 96 329 178 68 108 246 233 143 56 243 88 227 245
57 179 8
347 279 158 180 277 100 211 258
6 23 22
292 274 35 153 199 136 175 188 202 187 235 244 297 176 315 71 205 84 283 277 41 37
1127 504 2
40 260
1962 101 28
351 256 135 81 142 48 70 311 76 301 14 18 230 191 162 39 107 128 306 73 117 20 163 127 198 250 121 84
243 1 20
76 75 335 297 141 263 81 334 354 6 259 272 315 72 153 73 65 135 253 309
961 6228 5
199 150 210 0 72
12 0 5
75 155 52 107 71
473 476 2
292 93
0 2719 11
220 216 63 151 149 339 30 254 238 306 76
6707 284 28
1 202 169 103 357 129 204 314 241 123 162 83 94 75 343 247 109 126 156 214 285 13 134 93 70 280 203 324
276 52 10
136 78 264 252 242 177 120 91 196 275
2988 54 3
68 20 136
214 0 1
60
316 53 9
202 134 193 280 324 227 73 154 43
1244 0 24
115 339 305 30 309 14 5 172 207 209 17 210 139 230 320 265 59 326 9 180 200 49 58 321
0 1677 16
139 281 223 76 5 58 67 273 293 112 165 143 29 166 185 331
6562 0 23
209 147 240 20 352 306 342 51 222 46 168 347 173 191 104 179 50 99 39 269 234 336 195
46 1 25
132 163 93 351 346 69 114 302 174 59 116 369 121 7 283 60 293 24 216 198 125 72 350 230 50
471 74 12
25 326 273 250 215 156 188 346 349 56 70 168
0 1 9
300 154 218 309 339 81 289 311 212
12 35 27
223 235 161 85 124 176 173 219 60 74 320 37 151 162 77 229 80 164 8 194 63 119 350 75 334 3 22
18 0 19
147 92 111 343 209 183 149 11 237 318 75 21 117 64 249 100 371 184 137
82 1 21
333 265 374 269 83 204 135 107 28 299 90 300 309 373 99 206 367 221 242 267 252
660 19 11
29 139 43 142 359 215 343 256 137 112 99
3722 804 5
248 88 19 180 234
441 79 4
266 342 106 363
1 3 25
261 297 319 95 314 192 33 141 136 106 25 140 130 46 128 186 63 83 258 188 352 267 123 92 237
24 2143 11
352 188 138 71 332 354 38 135 180 246 344
5697 0 23
316 288 177 151 138 363 173 310 245 353 368 340 231 250 229 312 193 132 117 171 247 136 128
7 149 4
321 313 274 353
16 1 0

5183 1452 16
98 40 182 11 96 214 4 287 121 188 376 231 215 245 218 353
283 39 23
203 120 193 186 3 350 337 260 151 159 52 357 368 31 136 58 264 237 380 68 252 231 181
95 1567 7
110 10 42 227 223 156 252
662 2944 24
239 75 16 49 377 46 298 285 228 23 327 362 213 238 144 69 127 88 172 115 35 365 107 373
795 2 16
231 245 34 33 351 270 23 368 369 103 378 230 189 326 283 26
22 124 3
75 106 314
1277 0 18
74 327 334 332 301 142 63 202 229 97 371 10 378 162 95 373 185 219
45 2532 24
215 366 47 268 288 328 241 304 330 353 2 50 277 131 243 220 89 162 379 319 158 6 61 283
0 54 25
65 160 237 282 169 98 137 313 381 80 299 165 75 92 286 45 262 212 22 267 364 372 66 354 186
1208 737 11
74 178 1 8 344 328 301 172 221 207 122
4 81 1
264
4855 576 7
341 178 165 255 102 220 323
456 6 11
286 169 303 213 25 77 199 200 376 245 209
9518 71 19
15 17 94 349 108 390 324 197 119 43 202 165 260 228 226 325 85 22 357
0 4786 12
252 250 214 3 48 288 83 67 303 35 22 167
2836 247 9
44 63 338 66 294 69 134 51 75
0 0 21
282 283 298 74 39 375 185 245 146 91 365 189 359 217 188 12 10 54 374 135 174
111 468 24
231 96 342 131 301 248 61 262 263 246 106 304 149 130 157 47 394 343 321 353 222 152 52 249
0 6723 25
67 388 319 50 353 287 87 38 146 77 280 369 79 115 322 373 62 277 285 320 274 73 207 51 136
0 243 13
35 339 313 94 343 114 66 147 110 395 95 379 188
6452 96 17
363 19 133 167 155 348 172 111 217 177 253 108 96 164 6 153 319
5070 11 29
385 213 280 267 279 49 391 401 74 370 165 57 101 61 372 298 190 42 194 24 168 305 286 182 161 400 268 37 265
0 3789 21
394 113 375 238 66 43 292 136 287 383 360 16 83 18 236 212 123 148 97 348 144
143 40 2
284 243
174 2329 30
310 251 155 41 39 267 54 335 366 255 235 266 132 398 19 43 286 90 157 264 34 364 254 78 331 142 273 243 125 183
0 359 10
343 203 260 172 17 334 300 402 277 360
0 48 27
224 349 389 398 288 77 87 400 2 356 40 348 328 51 247 200 170 35 245 7 266 283 34 264 158 184 357
9 3 1
31
0 614 3
292 150 4
92 0 5
31 48 342 263 67
1073 5240 13
225 301 63 383 396 138 226 375 122 303 69 360 34
6196 22 5
319 337 93 370 136
1531 3 12
159 217 353 181 270 132 255 134 47 110 323 281
1615 39 21
82 370 336 321 364 50 354 245 397 176 322 20 75 333 351 191 244 69 16 412 90
142 4321 8
351 347 48 264 143 225 376 247
0 4 27
413 1 134 61 101 302 110 369 160 74 0 80 355 289 410 249 200 303 251 203 163 233 148 335 389 247 190
210 203 1
24
4044 2 8
190 57 144 0 364 243 239 96
145 755 24
223 183 420 294 299 126 47 316 48 179 336 146 318 339 84 129 149 27 9 151 285 276 319 235
967 1668 24
405 293 212 379 76 381 37 155 232 422 51 85 246 218 272 96 394 71 336 329 388 21 41 29
100 1115 6
219 218 6 49 256 292
114 215 26
215 223 88 211 174 233 8 97 80 417 134 408 38 50 96 51 191 247 375 319 314 258 332 419 162 299
2558 447 3
163 153 174
9260 467 17
277 314 62 103 237 420 289 356 396 378 305 335 254 52 265 230 41
1215 3 19
320 355 206 368 136 392 126 167 100 388 347 150 293 76 264 394 47 201 99
2005 0 4
281 398 243 259
334 508 17
352 46 359 122 300 286 183 178 102 75 83 65 279 115 91 234 146
4 2134 13
85 108 312 301 319 127 302 3 374 373 13 40 227
21 1493 21
206 94 334 248 232 177 315 406 201 199 403 288 273 264 362 408 351 320 123 277 133
2638 2940 12
324 118 262 303 31 179 334 90 255 325 301 220
3355 49 2
251 411
1629 3 15
211 69 313 252 49 127 152 346 99 46 45 418 93 223 287
1715 183 28
172 115 231 275 355 239 304 351 35 361 159 39 362 93 272 374 300 178 167 242 125 162 253 258 322 94 286 139
6243 757 1
253
0 0 16
194 154 104 175 28 307 239 262 323 278 72 273 0 275 143 359
0 515 19
249 208 14 336 108 37 16 71 98 378 209 179 50 102 13 177 391 189 223
3082 306 3
291 148 96
12 1270 12
22 434 150 54 258 55 329 350 412 257 2 76
636 267 4
366 303 129 233
5160 363 1
310
9893 145 20
356 182 155 417 283 185 153 236 169 162 376 333 277 319 56 22 207 146 429 259
2656 3218 8
411 207 24 193 371 131 8 243
0 65 17
42 48 231 85 179 334 254 217 28 156 128 51 404 90 111 307 382
4 124 26
117 204 422 274 415 275 224 259 168 0 329 320 40 9 220 161 418 296 271 202 317 367 425 218 222 314
7 0 15
117 354 226 56 147 307 69 120 208 18 429 310 289 43 365
213 1709 15
396 268 372 415 401 4 19 51 283 433 306 16 31 284 265
407 3435 4
333 105 88 317
5629 0 24
357 50 182 252 440 147 58 227 419 313 168 157 335 87 108 172 92 14 246 423 367 208 402 270
997 46 12
35 108 87 90 253 309 231 150 99 121 147 366
2589 2 4
359 33 423 297
778 29 16
291 178 397 97 206 62 186 211 20 2 73 134 290 359 223 257
288 44 16
416 260 76 105 32 285 298 68 136 414 451 120 143 402 144 346
2728 87 30
414 238 44 191 137 304 35 337 318 431 177 269 362 4 24 95 31 360 308 45 160 311 373 222 409 188 329 175 96 62
3 2052 13
389 176 41 3 89 429 101 1 175 130 326 84 189
6602 1621 0

0 23 9
99 418 387 239 366 233 109 388 96
9418 4424 18
361 411 319 138 242 153 426 267 403 132 152 193 454 300 393 211 425 394
2805 840 26
162 142 221 170 326 140 357 181 323 54 409 131 443 200 245 436 127 167 303 306 372 404 50 377 289 114
2319 2473 9
45 420 290 343 229 330 25 345 242
721 19 16
198 43 337 156 351 295 388 139 191 129 67 99 414 160 16 286
2 447 22
118 231 439 162 417 220 136 156 134 239 373 207 271 217 264 229 58 252 5 332 131 380
861 0 2
242 106
0 574 14
335 396 38 295 359 455 465 50 14 420 296 100 274 322
560 51 29
448 381 186 404 136 224 441 403 234 25 253 215 413 417 243 349 460 274 327 444 369 419 296 314 443 247 385 187 429
3983 3597 3
273 173 251
4409 14 18
424 293 339 246 62 292 76 341 229 120 140 101 459 26 181 74 464 257
894 3268 21
338 62 124 248 41 285 441 281 237 317 133 192 449 78 460 241 160 176 255 337 400
140 291 8
174 407 140 357 329 367 264 211
0 1 14
243 31 465 404 98 263 271 146 171 179 26 443 312 217
1281 18 28
112 28 57 453 361 25 305 92 366 281 62 311 300 177 466 229 362 448 165 214 16 373 98 397 314 12 45 75
687 2403 21
331 236 238 271 388 323 369 219 172 420 54 252 322 386 190 469 364 12 115 53 262
1 103 29
136 203 263 209 151 290 189 57 374 107 313 137 372 466 230 63 42 344 1 205 221 382 110 252 226 292 279 320 228
0 469 25
367 74 419 26 139 244 34 84 215 331 155 277 377 354 426 246 93 62 2 40 61 176 204 398 48
7 9594 12
266 246 136 234 308 343 156 338 399 88 37 181
0 111 12
343 326 51 16 178 237 39 452 229 18 348 57
411 1280 8
117 420 357 153 284 87 187 133
257 6 28
406 378 466 31 215 316 435 431 363 447 473 156 303 199 84 356 25 106 288 242 201 359 308 11 281 76 90 88
367 6 27
248 235 5 262 344 125 377 133 204 444 458 177 2 457 394 454 160 165 76 196 241 231 346 126 30 37 364
0 26 2
55 252
95 135 26
110 203 114 56 360 315 186 340 383 236 337 324 345 228 334 223 27 180 426 356 396 29 437 16 231 10
0 0 11
369 205 427 5 178 151 386 312 465 134 55
0 426 7
214 378 34 21 151 63 183
970 6954 9
22 215 117 8 419 121 476 208 383
3024 532 14
146 360 118 108 442 437 482 199 115 103 231 449 106 177
94 0 7
91 60 404 254 221 286 132
2 3449 29
271 281 88 150 141 413 245 128 58 11 194 270 9 53 382 378 265 213 195 12 163 23 215 129 306 328 390 211 459
530 86 16
238 287 159 33 168 334 36 375 49 174 123 34 167 371 220 417
28 15 16
328 118 425 399 227 189 200 388 137 241 127 170 164 331 49 102
891 63 1
237
0 1 7
390 356 392 111 416 314 145
3920 4 12
108 367 45 99 105 14 76 425 136 69 472 132
2044 0 14
106 292 445 348 124 117 409 418 323 208 351 432 64 433
38 96 13
433 109 37 371 188 25 89 4 387 127 449 446 70
6273 7 24
393 349 128 10 262 435 193 244 413 121 146 89 123 280 57 147 108 168 460 308 114 201 482 200
0 37 18
440 148 117 92 249 197 441 480 311 222 329 150 325 3 321 35 453 286
14 15 28
142 383 75 178 237 252 40 376 129 200 105 348 423 381 125 38 369 94 451 13 87 422 183 258 282 444 274 35
